generation,N_shifts,logPrior,logLik,eventRate,acceptRate
1,0,-149.508,-509102,1,0
5001,37,292.965,-96806.7,1.54506,0.378
10001,58,592.982,-91431.4,1.15441,0.352
15001,78,879.375,-86351.8,2.18966,0.3578
20001,86,972.297,-82747.7,0.712576,0.3356
25001,102,1190.24,-77896.4,0.219016,0.3334
30001,122,1456.93,-74336.2,3.25155,0.3464
35001,140,1683.7,-68560.8,0.157296,0.3352
40001,159,1948.77,-65891.1,1.09301,0.3164
45001,166,2084.56,-63376.5,0.160936,0.313
50001,173,2188.65,-61927.3,0.73258,0.3176
55001,183,2310.86,-59659.2,1.51099,0.3234
60001,190,2400.28,-58351.3,1.93357,0.3306
65001,200,2541.98,-57110.8,0.146892,0.3264
70001,211,2708.62,-55509,0.11217,0.32
75001,218,2812.44,-52882.1,1.08996,0.3268
80001,224,2897.64,-51653.1,0.246145,0.3176
85001,230,2983.55,-50602.7,0.631149,0.3186
90001,236,3051.04,-49482.8,2.73686,0.3208
95001,243,3143.99,-48684.3,0.697943,0.3186
100001,250,3258.24,-47439.2,0.706768,0.3352
105001,253,3304.61,-45955.8,3.12502,0.328
110001,255,3336.92,-44793,1.80227,0.3376
115001,259,3405.89,-43931.7,0.763895,0.3288
120001,265,3488.85,-42999.9,0.474005,0.3326
125001,271,3560.18,-42382.8,5.72702,0.313
130001,276,3620.09,-41510.2,1.40708,0.3274
135001,285,3755.12,-40328.7,0.330854,0.322
140001,285,3760.39,-39731.6,0.124752,0.3312
145001,288,3750.11,-38877.3,3.02419,0.3196
150001,290,3782.23,-38559.4,0.0231381,0.3292
155001,295,3878.28,-38016.5,1.3036,0.3162
160001,293,3829.39,-37536.3,1.36602,0.3224
165001,293,3840.31,-37225.2,0.234175,0.331
170001,296,3876.55,-36672.9,0.571071,0.3174
175001,297,3897.75,-36362.3,0.886478,0.3078
180001,299,3927.68,-36207.5,0.261909,0.3132
185001,301,3947.18,-35994.6,0.598727,0.3042
190001,302,3968.36,-35837.5,2.02226,0.3074
195001,301,3946.72,-35728.1,0.0965438,0.3106
200001,305,3987.87,-35468.5,0.680617,0.3148
205001,307,4010.29,-35187,0.139581,0.3058
210001,310,4052.83,-34952,0.37101,0.299
215001,311,4064.52,-34762.1,0.486022,0.308
220001,314,4106.3,-34490.5,0.294823,0.3106
225001,319,4172.91,-34100.7,0.135422,0.3126
230001,320,4197.23,-33891.9,0.504501,0.3068
235001,323,4248.99,-33638.2,0.0298476,0.32
240001,323,4249.69,-33459.7,0.445362,0.305
245001,324,4265.35,-33298.9,0.670712,0.3036
250001,323,4236.72,-33252.1,0.669733,0.3062
255001,326,4287.3,-33027.4,0.165598,0.3146
260001,325,4279.58,-32828.5,2.15214,0.3072
265001,326,4300.5,-32662.2,0.104479,0.3024
270001,325,4265.59,-32445.6,1.01167,0.307
275001,325,4265.55,-32246.4,1.6856,0.307
280001,324,4240.36,-32139.9,0.774358,0.3018
285001,323,4237.38,-32059.3,0.431104,0.3056
290001,322,4233.03,-31984.2,1.17624,0.2978
295001,323,4240.24,-31873.8,1.90782,0.3036
300001,325,4254.52,-31732.3,2.62289,0.3054
305001,325,4255.42,-31710.6,1.60369,0.302
310001,325,4262.91,-31680.1,0.458218,0.298
315001,324,4238.52,-31653.5,0.126866,0.2886
320001,325,4261.93,-31582,3.56168,0.3038
325001,326,4269.89,-31441.1,2.29946,0.2906
330001,327,4287.41,-31272.4,0.929652,0.2942
335001,328,4308.56,-31274.6,0.598723,0.3034
340001,329,4323.91,-31249.9,0.222861,0.3132
345001,329,4330.75,-31228.3,0.985689,0.3
350001,329,4342.68,-31169.8,1.83561,0.3108
355001,329,4334.84,-31099.6,0.0503731,0.312
360001,329,4344.33,-31087,0.534178,0.2986
365001,329,4334.94,-31068.6,1.18494,0.3032
370001,329,4348.01,-31007.1,0.149747,0.2904
375001,331,4385.93,-30919.8,0.454483,0.311
380001,330,4368.49,-30910.9,0.236458,0.3018
385001,329,4354.95,-30881.5,0.675505,0.3166
390001,330,4372.72,-30852.2,0.338202,0.3028
395001,330,4369.94,-30845.1,0.541067,0.3076
400001,330,4378.08,-30846.2,2.07935,0.2996
405001,330,4391.96,-30796.4,0.148814,0.2948
410001,330,4387.51,-30803.8,0.529937,0.312
415001,331,4401.16,-30800,0.00128062,0.3064
420001,331,4399.21,-30776.6,0.113628,0.3082
425001,333,4420.1,-30744.3,0.454339,0.3092
430001,333,4426.17,-30671.6,1.00252,0.3074
435001,334,4447.98,-30645.3,0.755548,0.2952
440001,334,4442.2,-30651.9,1.74741,0.3124
445001,332,4417.78,-30594.6,0.693433,0.303
450001,334,4454.83,-30497.8,0.785633,0.3218
455001,334,4455.35,-30508.5,0.375648,0.3072
460001,332,4422.98,-30498.2,0.24107,0.305
465001,331,4411.42,-30447.6,0.048113,0.3118
470001,331,4406.66,-30435.8,1.12972,0.3118
475001,331,4403.46,-30439.8,0.406549,0.303
480001,331,4395.49,-30458.5,0.0985103,0.3152
485001,331,4397.34,-30418.3,1.32027,0.3034
490001,331,4414.39,-30337.4,1.33326,0.318
495001,331,4416.49,-30323.7,0.759768,0.3104
500001,331,4403.87,-30295.8,1.89817,0.3088
505001,331,4406.94,-30312.9,3.03687,0.3038
510001,330,4403.49,-30283.4,0.637843,0.311
515001,330,4389.71,-30310.1,0.940338,0.3144
520001,330,4393.3,-30292.4,0.197412,0.3218
525001,330,4402.38,-30280.3,1.11125,0.3062
530001,328,4377.44,-30236.2,1.27285,0.3126
535001,328,4361.45,-30189.6,0.0807762,0.3132
540001,326,4342.81,-30096.1,0.454066,0.3146
545001,326,4324.39,-30087.9,0.53085,0.3036
550001,328,4363.76,-30057.9,0.289467,0.3108
555001,329,4365.79,-30043.6,0.959003,0.3068
560001,329,4394.15,-30054.3,1.65315,0.3078
565001,329,4397.15,-30056.3,2.15918,0.3046
570001,329,4392.97,-30062.7,3.04326,0.3156
575001,328,4386.19,-30078.8,0.199601,0.3184
580001,327,4380.09,-30076.4,0.457743,0.3118
585001,327,4370.46,-30046.7,1.90925,0.3272
590001,327,4368.07,-30019.7,1.49033,0.3012
595001,326,4349.8,-29998.6,0.379521,0.3108
600001,328,4383.27,-29971.5,1.2424,0.3082
605001,327,4373.76,-29996.1,0.597413,0.2956
610001,327,4378.29,-29990.1,0.786201,0.314
615001,327,4351.51,-29981.2,0.671663,0.2994
620001,329,4385.63,-29903.5,0.115338,0.3132
625001,329,4385.97,-29908.5,0.569416,0.3214
630001,329,4398.55,-29951.5,1.1872,0.3022
635001,327,4376.73,-29932.4,0.136951,0.3176
640001,329,4406.57,-29887.2,1.13404,0.3028
645001,327,4374.77,-29900.5,0.528144,0.3112
650001,327,4378.72,-29848.6,1.6991,0.3006
655001,327,4396.42,-29866.4,0.0436587,0.3072
660001,329,4420.59,-29818,1.17567,0.3128
665001,329,4420.12,-29842.3,2.48337,0.3112
670001,328,4418.6,-29828.1,0.00920541,0.3298
675001,327,4400.73,-29803.7,0.362533,0.3098
680001,327,4410.24,-29769.6,0.414942,0.3108
685001,326,4381.18,-29744.4,2.62402,0.3046
690001,325,4357.31,-29714.8,0.542246,0.3134
695001,324,4354.51,-29723.6,0.641783,0.3184
700001,324,4340.97,-29727.7,0.893852,0.3122
705001,325,4361.7,-29651.4,0.179425,0.3076
710001,325,4377.2,-29605.6,1.46089,0.3258
715001,325,4368.52,-29519.3,2.09011,0.3158
720001,326,4400.46,-29476,0.158153,0.3166
725001,324,4377.05,-29490.3,0.805525,0.3292
730001,323,4349.43,-29439.3,1.54336,0.3136
735001,322,4329.03,-29413.8,1.91709,0.307
740001,322,4315.26,-29387.1,1.56826,0.312
745001,322,4324.17,-29377,2.38295,0.3058
750001,322,4320.85,-29358.7,0.173593,0.317
755001,322,4335.82,-29264.5,0.774223,0.3122
760001,321,4313.46,-29257.4,0.177058,0.3264
765001,321,4330.19,-29252,0.693608,0.3038
770001,320,4311.93,-29244.8,0.548191,0.3098
775001,321,4329.63,-29185.6,2.50173,0.3062
780001,320,4325.04,-29157.5,0.400499,0.3044
785001,319,4296.32,-29169,0.799913,0.322
790001,319,4301.83,-29165,0.933208,0.3058
795001,318,4278.05,-29173.3,0.093254,0.3068
800001,318,4298.02,-29136.6,1.33436,0.3044
805001,318,4297.61,-29129.4,0.158284,0.3072
810001,320,4340.54,-29138.6,0.468451,0.3078
815001,319,4319.3,-29098.2,0.35532,0.3264
820001,320,4329.5,-29079.3,1.16199,0.3054
825001,321,4346.34,-29038.1,0.17788,0.3064
830001,322,4360.36,-28994.7,0.271299,0.3044
835001,320,4337.08,-29002.9,0.742951,0.3104
840001,320,4323.16,-29011.6,1.79055,0.2948
845001,320,4326.88,-28961.2,0.0722004,0.3244
850001,319,4302.07,-28945.4,2.20485,0.3194
855001,320,4326.8,-28923.4,0.0394592,0.3246
860001,318,4291.58,-28942.4,0.140721,0.323
865001,315,4245.57,-28881.9,0.507032,0.3336
870001,315,4249.56,-28909.3,0.368875,0.317
875001,314,4223.58,-28873.4,0.041457,0.3108
880001,313,4210.67,-28866.1,0.00550452,0.3182
885001,312,4210.8,-28865.9,0.420481,0.3182
890001,312,4199.14,-28873.7,0.0475155,0.3236
895001,312,4195.35,-28827.9,0.55849,0.3104
900001,312,4197.51,-28852.6,0.981048,0.315
905001,312,4191.42,-28845.3,1.85105,0.319
910001,311,4192.36,-28825.7,1.35546,0.3184
915001,310,4176.2,-28781.2,0.169088,0.322
920001,310,4183.13,-28787.1,0.151959,0.316
925001,310,4177.94,-28768,0.0707924,0.3144
930001,309,4163.05,-28775.6,1.55521,0.3268
935001,309,4151.29,-28777.7,0.815463,0.3202
940001,309,4154.59,-28765.5,0.00376763,0.3226
945001,308,4150.27,-28731.3,1.16449,0.3292
950001,308,4159.08,-28731.2,0.54238,0.3186
955001,308,4154.45,-28728.4,1.75585,0.3224
960001,307,4143.95,-28737.3,0.0706747,0.314
965001,307,4137.49,-28738.2,3.79848,0.3218
970001,306,4131.82,-28728.3,1.4633,0.3322
975001,305,4123.35,-28705.1,1.10387,0.322
980001,305,4132.32,-28717.3,0.251725,0.3246
985001,304,4116.29,-28744.3,0.109305,0.3124
990001,304,4107.74,-28708.6,1.09838,0.3122
995001,302,4070.17,-28707.4,0.783883,0.3156
1000001,302,4071.38,-28683.9,1.71873,0.3234
1005001,302,4081.64,-28676.7,2.08626,0.3196
1010001,302,4088.14,-28674.5,1.98106,0.3158
1015001,302,4083.79,-28693.2,0.0767633,0.3226
1020001,302,4082.63,-28670.7,4.08771,0.3252
1025001,302,4083.42,-28662.4,0.847112,0.3084
1030001,302,4069.89,-28680.2,0.0356983,0.3134
1035001,301,4062.8,-28700.1,0.215187,0.3234
1040001,300,4049.62,-28685.7,1.11549,0.3208
1045001,299,4031.36,-28679,0.595344,0.326
1050001,298,4003.49,-28663.5,4.18097,0.3234
1055001,298,4018.92,-28663.1,0.256613,0.3208
1060001,296,3991.52,-28668.6,0.0114374,0.3144
1065001,297,4004.13,-28632.6,0.222515,0.312
1070001,296,3996.04,-28645,0.304048,0.3154
1075001,295,3985.39,-28645.1,2.24193,0.3154
1080001,295,3978.3,-28647.2,2.23736,0.3232
1085001,295,3982.28,-28612.8,0.551921,0.3192
1090001,294,3960.83,-28622.7,0.372296,0.31
1095001,293,3945.59,-28625.6,0.494926,0.3132
1100001,294,3962.97,-28583.8,3.2205,0.3178
1105001,294,3954.48,-28627.1,1.76112,0.317
1110001,294,3966.28,-28611.7,0.694491,0.3162
1115001,296,3999.03,-28593,1.48627,0.3128
1120001,296,3998.64,-28600.1,0.510149,0.3186
1125001,295,3971.35,-28554.5,0.416458,0.3232
1130001,295,3965.21,-28528.7,0.129607,0.3146
1135001,295,3968.06,-28548.3,0.201496,0.3138
1140001,295,3960.26,-28540,0.957017,0.3152
1145001,295,3965.19,-28508.1,0.720304,0.3104
1150001,295,3967.3,-28515.6,1.03346,0.3254
1155001,295,3967.16,-28514,0.426776,0.3118
1160001,295,3959.26,-28507.8,0.124792,0.3094
1165001,294,3950.51,-28400.4,0.593521,0.3228
1170001,294,3942,-28394.9,1.07913,0.3146
1175001,293,3937.07,-28379.6,0.129844,0.3132
1180001,291,3894.79,-28373.5,2.28012,0.3184
1185001,291,3907.42,-28376.4,0.363125,0.311
1190001,290,3901.09,-28384.8,2.02153,0.3228
1195001,290,3909.34,-28362.9,0.865376,0.3054
1200001,290,3914.16,-28368.9,1.55132,0.3062
1205001,290,3917.31,-28399.3,0.178282,0.3254
1210001,290,3904.92,-28337,2.37759,0.3166
1215001,290,3909.67,-28330.4,0.206972,0.3072
1220001,289,3904.11,-28346.2,1.01217,0.3282
1225001,289,3904.78,-28327.1,1.54029,0.3218
1230001,288,3900.83,-28306.2,0.0376641,0.3102
1235001,287,3874.38,-28277.1,0.0218703,0.3104
1240001,287,3876.37,-28323.1,0.303878,0.3184
1245001,287,3885.08,-28295.1,1.10959,0.3078
1250001,286,3864.88,-28278.5,0.239679,0.3104
1255001,286,3873.81,-28268.1,0.489991,0.3184
1260001,287,3896.07,-28269.5,0.20803,0.3182
1265001,286,3877.6,-28263.3,1.19365,0.3152
1270001,286,3876.31,-28260.7,2.10896,0.3166
1275001,286,3878.52,-28245.5,0.130456,0.3134
1280001,286,3878.71,-28277,1.62278,0.3116
1285001,285,3852.65,-28283.7,0.668456,0.3132
1290001,286,3887.12,-28245.9,0.0669916,0.3222
1295001,286,3885.3,-28214.6,1.142,0.3226
1300001,286,3881.89,-28256.1,4.37825,0.3138
1305001,286,3885.68,-28238,2.13182,0.3164
1310001,286,3871.61,-28253.9,0.508765,0.3282
1315001,285,3866.11,-28240.7,1.24592,0.3252
1320001,285,3861.54,-28218.8,0.617287,0.328
1325001,285,3865.52,-28216.9,0.0185554,0.316
1330001,285,3876.76,-28214.2,1.6829,0.3244
1335001,285,3878.56,-28217.1,4.11341,0.3184
1340001,283,3853.95,-28166.3,0.584404,0.3224
1345001,284,3870.47,-28149.9,0.00905227,0.3164
1350001,283,3861.63,-28165.3,0.308907,0.3324
1355001,282,3840.67,-28197.2,0.876809,0.326
1360001,282,3847.61,-28172.2,1.5273,0.3276
1365001,282,3854.48,-28171.7,0.77899,0.326
1370001,282,3858.91,-28160.3,0.0364065,0.3372
1375001,282,3849.58,-28127.1,0.05252,0.3284
1380001,281,3821.94,-28105.2,0.175079,0.3232
1385001,280,3811.01,-28087.3,0.0720497,0.3294
1390001,280,3823.62,-28099.9,0.228795,0.3226
1395001,280,3831.19,-28114.1,0.688757,0.333
1400001,282,3866.71,-28038.4,1.6802,0.3114
1405001,281,3840.49,-28065.4,0.594886,0.3156
1410001,280,3823.47,-28038.4,1.17218,0.3306
1415001,280,3825.56,-28043.8,0.396533,0.3242
1420001,280,3823.39,-28053,0.38377,0.3284
1425001,281,3837.45,-27982.9,1.51237,0.3178
1430001,281,3844.81,-27950.8,0.802476,0.3264
1435001,281,3835.87,-27974.6,1.80317,0.3142
1440001,283,3865.74,-27950.7,0.83058,0.3256
1445001,281,3823.83,-27952.1,0.927898,0.3226
1450001,280,3799.35,-27923.7,2.19523,0.315
1455001,279,3781.57,-27924.5,2.58086,0.3148
1460001,279,3788.31,-27948.3,1.05396,0.317
1465001,278,3786.92,-27950,1.30337,0.3206
1470001,278,3782.2,-27944.7,0.132025,0.3236
1475001,278,3779.52,-27923.5,0.608332,0.309
1480001,279,3793.5,-27872.8,0.13734,0.3066
1485001,279,3793.66,-27845.8,1.01109,0.3098
1490001,279,3793.38,-27829.7,0.619886,0.309
1495001,279,3781.65,-27836.1,0.0822601,0.3294
1500001,279,3780.93,-27854.2,0.408456,0.3248
1505001,278,3756.06,-27856,1.06044,0.3122
1510001,278,3772.85,-27807.3,0.39187,0.3262
1515001,278,3766.91,-27812.6,1.26181,0.312
1520001,278,3772.99,-27818.2,0.647231,0.3152
1525001,278,3780.99,-27818.8,0.0969356,0.3262
1530001,278,3774.6,-27794.1,1.64238,0.3196
1535001,278,3784.23,-27823.1,0.987025,0.3192
1540001,278,3784.47,-27815.7,0.244529,0.3226
1545001,279,3800.96,-27815.2,0.972658,0.326
1550001,278,3771.61,-27794.4,1.30813,0.3102
1555001,277,3752.84,-27772.6,0.750484,0.3116
1560001,277,3772.43,-27774.7,0.768402,0.3166
1565001,278,3789.79,-27767.4,2.72354,0.326
1570001,277,3778.84,-27742.3,0.455354,0.3254
1575001,277,3775.87,-27755.7,0.297831,0.3146
1580001,277,3764.15,-27748.6,2.59842,0.3334
1585001,277,3751.56,-27768.8,0.375103,0.3314
1590001,277,3768.72,-27755.4,0.920466,0.3238
1595001,277,3775.17,-27756.4,3.93776,0.339
1600001,277,3783.57,-27772.8,0.162149,0.3144
1605001,277,3784.64,-27795.7,0.294185,0.324
1610001,276,3766.56,-27801.4,1.11615,0.3156
1615001,276,3762.57,-27809.5,0.349058,0.3272
1620001,276,3756.36,-27758.1,0.215913,0.3256
1625001,276,3758.03,-27778.7,0.199655,0.3286
1630001,276,3753.98,-27796.9,0.20779,0.3272
1635001,276,3751.7,-27788.2,0.0172139,0.3096
1640001,276,3753.72,-27844.7,0.855047,0.327
1645001,276,3754.15,-27782.3,0.219752,0.3216
1650001,276,3764.91,-27789.9,1.07596,0.3226
1655001,276,3758.4,-27771.7,0.408877,0.321
1660001,276,3757.84,-27786,0.144359,0.3122
1665001,276,3773.62,-27767.2,0.518569,0.3116
1670001,276,3771.4,-27775.4,0.470497,0.3166
1675001,276,3773.83,-27775.2,0.338056,0.3144
1680001,275,3766.17,-27780.2,3.72904,0.32
1685001,275,3774.81,-27735,0.859735,0.3224
1690001,275,3763.33,-27738.2,0.298394,0.3184
1695001,275,3768.49,-27742.8,0.927451,0.3094
1700001,275,3780.07,-27759,0.198145,0.3138
1705001,275,3778.13,-27757.2,1.21888,0.3244
1710001,274,3757.99,-27771.2,0.171781,0.321
1715001,274,3760.21,-27779,0.420585,0.3292
1720001,274,3758.73,-27723.9,1.98774,0.3272
1725001,274,3762.49,-27726.8,0.555723,0.326
1730001,273,3754.37,-27732.2,0.938853,0.3188
1735001,273,3748.42,-27730.4,0.340944,0.325
1740001,272,3733.8,-27729.7,1.45317,0.3186
1745001,272,3745.41,-27712.4,0.836724,0.3216
1750001,272,3746.47,-27725.7,0.594102,0.3384
1755001,272,3733.97,-27722.4,2.0526,0.3154
1760001,272,3724.23,-27692.3,1.02512,0.316
1765001,272,3720.27,-27650.5,0.113754,0.3154
1770001,271,3720.35,-27664.8,2.07657,0.3282
1775001,271,3702.77,-27670.2,0.510345,0.3228
1780001,269,3685.46,-27675,0.948867,0.327
1785001,269,3681.96,-27689.8,2.80914,0.3334
1790001,269,3684.76,-27705,0.534116,0.3312
1795001,269,3684.02,-27635.7,1.30656,0.3198
1800001,267,3652.64,-27611.4,1.53581,0.3214
1805001,267,3658.7,-27615.8,0.957028,0.3188
1810001,266,3645.44,-27621.8,0.574291,0.3124
1815001,266,3632.25,-27610.2,1.29109,0.3176
1820001,266,3627.99,-27589.9,1.43583,0.3216
1825001,264,3600.7,-27591,1.86883,0.3158
1830001,264,3614.77,-27583.2,0.269037,0.3154
1835001,263,3597.19,-27574.6,1.00204,0.3178
1840001,261,3563.15,-27570.5,0.518899,0.3254
1845001,261,3570.29,-27551.6,1.59056,0.3154
1850001,261,3580.48,-27541.6,0.0155864,0.3092
1855001,261,3589.68,-27578.3,0.468966,0.299
1860001,261,3586.86,-27574.5,0.0922801,0.3322
1865001,260,3577.45,-27584.3,0.638178,0.3162
1870001,260,3554.67,-27590.7,1.25958,0.3288
1875001,260,3562.81,-27586.5,1.70113,0.3254
1880001,260,3555.01,-27586.5,0.318621,0.3308
1885001,260,3552.73,-27594.3,1.4584,0.3222
1890001,260,3564.2,-27588,0.100801,0.328
1895001,260,3565.61,-27575.1,0.0233661,0.323
1900001,260,3557.48,-27569.3,2.22184,0.3254
1905001,260,3567.7,-27590.8,1.84861,0.323
1910001,260,3570.89,-27594.2,1.51167,0.3318
1915001,260,3571.5,-27594.8,0.371639,0.3172
1920001,260,3571.98,-27581.2,0.794968,0.3292
1925001,260,3577.26,-27602.7,0.159013,0.3222
1930001,260,3580.42,-27593.5,1.99286,0.3378
1935001,260,3573.58,-27566.6,0.09114,0.3266
1940001,260,3570.04,-27587.2,0.725649,0.3126
1945001,260,3578.46,-27602.8,0.171462,0.3328
1950001,260,3581.62,-27602.1,1.83376,0.328
1955001,260,3584.17,-27573.8,1.52956,0.3156
1960001,260,3579.59,-27573.8,0.397732,0.3258
1965001,260,3568.28,-27564,0.468783,0.3286
1970001,262,3612.65,-27567.4,0.234735,0.3324
1975001,261,3592.22,-27573.6,3.42322,0.3274
1980001,262,3628.28,-27588,2.49708,0.3408
1985001,262,3627.71,-27580.2,0.886578,0.3334
1990001,261,3603.96,-27584.8,0.0666828,0.3182
1995001,260,3585.37,-27577.7,1.16746,0.3356
2000001,260,3586.34,-27557.5,0.442613,0.3288
2005001,260,3577.34,-27562.9,1.10421,0.3296
2010001,260,3574.76,-27552.4,0.692824,0.3122
2015001,260,3566.89,-27548.6,0.196112,0.315
2020001,260,3563.67,-27520.3,1.12332,0.3224
2025001,259,3566.03,-27530.6,1.29651,0.3156
2030001,259,3578.69,-27498.6,1.48281,0.3184
2035001,258,3541.27,-27503.2,1.56012,0.3232
2040001,257,3516.18,-27508.6,0.373629,0.3252
2045001,257,3512.82,-27509,0.166777,0.3076
2050001,257,3514.13,-27501,0.809345,0.3168
2055001,256,3494.74,-27500.7,1.11735,0.3268
2060001,254,3475.88,-27493.8,0.370519,0.3128
2065001,254,3489.45,-27540.3,0.453147,0.3132
2070001,254,3493.98,-27513.3,0.0380531,0.305
2075001,255,3492.66,-27493.9,0.462004,0.31
2080001,255,3478.18,-27521.2,0.640745,0.312
2085001,255,3498.94,-27489.8,0.400124,0.3178
2090001,255,3488.11,-27494.1,1.89769,0.3192
2095001,256,3507.9,-27482.7,0.202207,0.3032
2100001,256,3519.35,-27484.8,0.142937,0.3136
2105001,256,3518.51,-27466.8,0.183302,0.3212
2110001,256,3522.17,-27430.9,1.35078,0.341
2115001,256,3517.33,-27388.2,0.12067,0.317
2120001,256,3521.63,-27384.4,1.03867,0.314
2125001,255,3504.41,-27399.2,4.0214,0.3204
2130001,254,3475.17,-27362.7,1.30894,0.3316
2135001,254,3479.21,-27372.6,1.26825,0.3186
2140001,253,3459.79,-27372,0.967056,0.314
2145001,253,3458.18,-27365.7,0.559587,0.3032
2150001,253,3450.03,-27385.3,0.369404,0.3238
2155001,254,3469.27,-27376.1,2.26298,0.3304
2160001,253,3472.43,-27384.6,0.657495,0.3224
2165001,253,3487.21,-27389.8,0.526764,0.3272
2170001,253,3491.97,-27404.6,0.794719,0.327
2175001,252,3477.52,-27378.3,0.405407,0.3246
2180001,252,3479.24,-27395.2,0.591522,0.3068
2185001,251,3446.81,-27365.9,0.229139,0.3242
2190001,250,3438.35,-27368.5,0.176687,0.31
2195001,249,3431.51,-27367.6,0.0558091,0.3196
2200001,249,3428.91,-27354.5,2.07776,0.3186
2205001,249,3432.76,-27387.4,0.45909,0.334
2210001,249,3418.55,-27372,0.0991389,0.3178
2215001,248,3407.35,-27366.6,0.714812,0.3274
2220001,248,3398.84,-27377.4,0.190455,0.3274
2225001,248,3407.93,-27353.3,1.76986,0.315
2230001,248,3411.13,-27335,1.78019,0.3194
2235001,248,3417.44,-27343.7,2.69065,0.326
2240001,248,3422.19,-27344.1,0.467569,0.312
2245001,247,3417.15,-27343,0.894194,0.323
2250001,247,3398.3,-27366,2.0259,0.3198
2255001,247,3392.83,-27352.5,0.656082,0.3326
2260001,247,3392.53,-27301.3,2.54913,0.3238
2265001,246,3388.16,-27337.9,0.134091,0.3254
2270001,245,3362.72,-27344.6,1.6959,0.3168
2275001,245,3375.4,-27343.9,0.138891,0.3092
2280001,245,3363.74,-27305.3,0.901595,0.3202
2285001,246,3370.03,-27301.9,0.426422,0.3194
2290001,245,3369.76,-27268.9,0.64591,0.3212
2295001,245,3361.17,-27255.5,2.23684,0.3112
2300001,245,3367.54,-27267.2,0.672822,0.3254
2305001,245,3363.53,-27248.6,0.799708,0.3206
2310001,245,3366.84,-27233.9,0.874687,0.3156
2315001,245,3360.81,-27227.1,0.286385,0.3198
2320001,245,3356.65,-27254.7,2.17832,0.3116
2325001,245,3372.98,-27251.9,0.0325996,0.3226
2330001,245,3371.54,-27235.6,0.103479,0.3294
2335001,245,3362.32,-27237,0.666669,0.3166
2340001,244,3338.34,-27216.3,2.54381,0.3168
2345001,244,3357.77,-27236.8,0.064302,0.3158
2350001,244,3361.4,-27251.9,0.00538499,0.328
2355001,244,3362.05,-27249.7,0.906752,0.3202
2360001,244,3354.93,-27247.6,0.106902,0.3188
2365001,245,3368.59,-27246.7,2.99162,0.3292
2370001,245,3364.09,-27267.2,0.195206,0.3294
2375001,245,3368.12,-27251.6,0.814509,0.3246
2380001,245,3350.04,-27252.5,0.805922,0.3212
2385001,245,3359.8,-27242.3,0.212702,0.3222
2390001,244,3332.41,-27221.6,0.0488243,0.326
2395001,244,3336.59,-27219.1,0.626353,0.3132
2400001,244,3338.13,-27197.4,0.247699,0.322
2405001,244,3347.8,-27184.4,0.26906,0.3284
2410001,244,3340.54,-27220.6,0.330104,0.3208
2415001,243,3335.73,-27198.7,2.30244,0.3316
2420001,241,3305.72,-27171.4,0.323659,0.3274
2425001,241,3311.6,-27222.4,0.832247,0.3202
2430001,241,3300.21,-27191.9,1.56838,0.314
2435001,241,3317.59,-27219.9,0.594532,0.3272
2440001,240,3299.76,-27209.1,0.525773,0.317
2445001,240,3297.5,-27222.2,0.385487,0.3218
2450001,240,3309.95,-27216.7,0.0450051,0.3272
2455001,240,3314.14,-27195,1.79553,0.321
2460001,240,3307.28,-27180.6,0.0117775,0.3212
2465001,240,3318.03,-27195.5,0.990846,0.3158
2470001,240,3324.63,-27192.5,0.137606,0.3272
2475001,240,3309.03,-27187.6,0.270134,0.3328
2480001,240,3298.08,-27202.4,1.76454,0.3176
2485001,240,3293.22,-27200.6,2.45242,0.3254
2490001,240,3307.23,-27175.1,0.209625,0.3266
2495001,241,3303.28,-27188.8,1.37719,0.3096
2500001,241,3299.37,-27200.7,0.551095,0.3186
2505001,241,3304.53,-27211.4,1.10732,0.3274
2510001,243,3329.2,-27166.8,0.713494,0.3356
2515001,243,3342.28,-27180.5,1.67743,0.319
2520001,241,3310.75,-27192,1.68662,0.3274
2525001,241,3315.81,-27172.6,3.39193,0.3102
2530001,241,3329.3,-27166.5,0.440653,0.3312
2535001,241,3332.58,-27188.1,0.0886251,0.3184
2540001,241,3334.7,-27197.1,0.61433,0.3292
2545001,240,3311.73,-27178.4,0.8802,0.334
2550001,240,3319.02,-27201.6,0.837508,0.3178
2555001,240,3324.12,-27192.6,0.930969,0.3348
2560001,241,3331.92,-27171.9,1.55013,0.334
2565001,241,3327.96,-27163.3,0.263143,0.3232
2570001,241,3325.19,-27167.9,2.39908,0.32
2575001,240,3303.34,-27205.3,0.592318,0.3234
2580001,239,3288.45,-27186.2,0.0312768,0.3318
2585001,240,3300.49,-27222,0.569382,0.3102
2590001,240,3302.79,-27186.3,0.679759,0.332
2595001,239,3290.53,-27173.8,3.68902,0.3282
2600001,239,3303.92,-27157.4,1.68386,0.3266
2605001,239,3293.84,-27181.7,0.179775,0.3216
2610001,239,3303.02,-27172.7,1.02398,0.3248
2615001,240,3311.9,-27103.7,1.1357,0.3262
2620001,239,3299.42,-27136.2,2.15248,0.3174
2625001,240,3311.42,-27112.2,0.218938,0.3222
2630001,239,3302.88,-27134.7,0.397172,0.3232
2635001,238,3283.52,-27114,1.44212,0.3226
2640001,238,3279.72,-27109.9,0.273664,0.322
2645001,238,3283.05,-27117.8,0.328317,0.3174
2650001,237,3259.11,-27119.7,0.483751,0.324
2655001,236,3242.74,-27112.1,0.0143339,0.322
2660001,236,3251.56,-27107.4,0.675913,0.316
2665001,236,3245.64,-27115.7,2.20322,0.306
2670001,237,3256.42,-27091.7,0.296423,0.3322
2675001,237,3255.3,-27077.9,0.334026,0.324
2680001,237,3263.18,-27089.4,0.230209,0.3278
2685001,237,3262.38,-27084.9,0.412886,0.3362
2690001,237,3250.94,-27038.6,0.353427,0.3236
2695001,235,3229.23,-27066.2,1.11127,0.3248
2700001,235,3210.88,-27091.1,1.94594,0.3182
2705001,235,3204.25,-27054,0.410652,0.3282
2710001,235,3204.1,-27060.2,1.30745,0.3146
2715001,235,3223.81,-27044.8,0.0833025,0.315
2720001,234,3211.52,-27071.4,0.841883,0.3276
2725001,233,3193.16,-27077.2,2.15549,0.3122
2730001,234,3217.58,-27065.8,0.565699,0.3254
2735001,234,3212.54,-27044.9,2.44211,0.3234
2740001,234,3204.85,-27053,0.129511,0.311
2745001,233,3207.91,-27042.5,0.913706,0.3162
2750001,233,3198.47,-27061.6,1.13912,0.3206
2755001,233,3195.26,-27062,0.191639,0.3112
2760001,233,3196.14,-27059.9,1.93101,0.3146
2765001,233,3197.42,-27054.6,0.643071,0.31
2770001,233,3212.66,-27051.2,2.42111,0.3086
2775001,233,3208.97,-27065.8,0.188047,0.3192
2780001,233,3207.96,-27074.3,0.847189,0.3248
2785001,233,3196.25,-27049.6,3.47407,0.3138
2790001,233,3191.99,-27065.1,0.762331,0.3194
2795001,233,3196.53,-27064.3,1.76365,0.3314
2800001,233,3173.65,-27053,0.313387,0.319
2805001,232,3166.78,-27053.1,0.314882,0.3086
2810001,232,3168.65,-27059.4,1.32512,0.3028
2815001,232,3178.72,-27039.6,0.972632,0.3238
2820001,232,3178.47,-27057.2,1.46253,0.318
2825001,232,3181.32,-27069.4,0.323429,0.3132
2830001,233,3190.3,-27061.3,1.02954,0.3074
2835001,233,3192.44,-27048.7,0.0151227,0.3062
2840001,233,3183.4,-27045.4,0.0842924,0.31
2845001,232,3173.9,-27054.5,1.24066,0.3244
2850001,232,3173.25,-27073.2,0.11688,0.3186
2855001,232,3173.11,-27081.8,1.25662,0.307
2860001,232,3179.62,-27051.1,0.919148,0.3172
2865001,233,3196.21,-27014.9,1.33184,0.3106
2870001,233,3204.04,-27041,0.31886,0.3302
2875001,231,3168.11,-27017.7,0.202941,0.3132
2880001,230,3138.54,-27072.9,0.431716,0.3296
2885001,230,3144.73,-27045.1,0.183302,0.3216
2890001,230,3139.68,-27028.7,1.99244,0.3268
2895001,230,3138.57,-27048.7,0.710251,0.3196
2900001,230,3141.42,-27009.1,0.522148,0.3226
2905001,230,3128.33,-27005.9,1.05173,0.3152
2910001,229,3125.72,-27021,2.11044,0.3262
2915001,229,3143.49,-26990.1,0.0442958,0.3134
2920001,229,3139.18,-26985.6,0.784209,0.3256
2925001,229,3155.89,-26981.6,2.5671,0.3178
2930001,230,3170.23,-27034.7,0.846365,0.3198
2935001,230,3174.17,-27002.2,0.423845,0.3274
2940001,231,3185.83,-26980.7,2.45149,0.3272
2945001,231,3190.77,-27013.1,0.150546,0.3114
2950001,231,3192.09,-27009.5,1.06275,0.3234
2955001,231,3199.68,-26998.3,1.55871,0.332
2960001,230,3181.11,-27015.9,0.214976,0.3212
2965001,230,3178.36,-27002.6,2.18871,0.3258
2970001,230,3167.78,-26993.1,2.75083,0.3268
2975001,230,3181.52,-26987.2,0.341467,0.325
2980001,229,3170.84,-27010.5,1.29292,0.3406
2985001,229,3157.53,-27008.4,0.253298,0.319
2990001,230,3160.56,-26982.4,1.00773,0.3274
2995001,229,3140.64,-26951.4,1.50182,0.3058
3000001,229,3148.91,-26970.4,0.274769,0.3162
3005001,229,3147.17,-26949.1,2.71553,0.3394
3010001,229,3136.19,-26954.3,0.361382,0.3206
3015001,228,3124.77,-26941.2,0.514723,0.3058
3020001,228,3138.63,-26935.8,0.681082,0.3142
3025001,229,3139.77,-26944.5,0.523749,0.323
3030001,228,3132.05,-26947,0.819502,0.3254
3035001,228,3132.77,-26979.9,0.241521,0.3112
3040001,229,3162.7,-26938.7,1.99769,0.3156
3045001,229,3139.71,-26947.9,1.79028,0.321
3050001,228,3136.2,-26934.8,0.358665,0.3222
3055001,227,3119.4,-26935,0.316216,0.3148
3060001,227,3125.38,-26916.5,1.60442,0.3136
3065001,228,3145.94,-26929.7,2.16387,0.3246
3070001,228,3146.41,-26929,1.61982,0.3238
3075001,228,3135.51,-26931.6,0.404129,0.315
3080001,227,3137.21,-26931.3,1.92173,0.3146
3085001,228,3152.54,-26930.8,1.27757,0.3254
3090001,228,3160.07,-26948.1,0.188057,0.3222
3095001,227,3131.42,-26956.7,0.0667254,0.3116
3100001,227,3122.63,-26958.5,1.1685,0.3358
3105001,226,3102.39,-26931.9,0.362871,0.314
3110001,226,3110.02,-26924.3,2.36958,0.3004
3115001,226,3117.63,-26945,0.439186,0.3322
3120001,226,3115.48,-26954.7,0.0456052,0.3322
3125001,226,3105.19,-26931.6,2.80501,0.3224
3130001,226,3095.91,-26965,0.49339,0.2982
3135001,226,3111.88,-26952.1,2.54703,0.3212
3140001,226,3113.21,-26944.3,1.64752,0.3214
3145001,226,3112.33,-26947.9,0.942443,0.3244
3150001,226,3106.65,-26934.9,0.998332,0.3254
3155001,226,3100.29,-26935,1.43204,0.3112
3160001,226,3107.1,-26928.6,0.0483461,0.3222
3165001,226,3109.3,-26960.8,1.22939,0.3232
3170001,226,3114.87,-26937.2,0.283804,0.3184
3175001,226,3113.84,-26945.4,0.754688,0.3236
3180001,226,3126.39,-26928.6,0.550119,0.3194
3185001,226,3114.88,-26930.7,1.1989,0.3138
3190001,225,3105.92,-26910.3,0.089009,0.316
3195001,225,3106.6,-26939.6,1.62363,0.328
3200001,225,3110.16,-26939.7,2.39836,0.32
3205001,225,3110.67,-26941.9,1.72736,0.3298
3210001,225,3097.36,-26945.7,1.55343,0.3188
3215001,225,3094.97,-26954.7,0.749472,0.326
3220001,225,3100,-26958.2,1.16945,0.3208
3225001,225,3090.22,-26984.9,0.446787,0.3272
3230001,225,3094.05,-26968.6,0.891481,0.3294
3235001,225,3092.14,-26927,0.891666,0.3124
3240001,226,3096.39,-26929.5,0.117796,0.3282
3245001,226,3093.81,-26894,1.41877,0.3188
3250001,225,3097.86,-26889,0.266531,0.3178
3255001,225,3088.16,-26864.8,0.499513,0.3184
3260001,224,3085.72,-26893,0.487903,0.3244
3265001,224,3081.12,-26872.9,0.418592,0.3236
3270001,224,3091.32,-26870.3,1.08955,0.3226
3275001,224,3086.28,-26896.1,4.71576,0.3226
3280001,224,3088.91,-26864.2,1.13692,0.3176
3285001,223,3073.08,-26875.1,0.51698,0.323
3290001,223,3060.07,-26890.1,0.320077,0.327
3295001,223,3063.7,-26889.8,0.0242423,0.313
3300001,223,3080.94,-26906.2,0.271369,0.3214
3305001,223,3079.06,-26917.7,0.481718,0.3256
3310001,223,3068.51,-26878.3,0.83278,0.3198
3315001,223,3065.73,-26863.9,1.10911,0.3178
3320001,223,3072.04,-26866.5,0.344051,0.3262
3325001,223,3062.59,-26888.1,1.78352,0.3198
3330001,223,3070.91,-26896.8,3.05141,0.3286
3335001,223,3057.03,-26899.5,1.0291,0.3126
3340001,223,3083.41,-26916.9,0.145352,0.3298
3345001,223,3090.2,-26898,2.85224,0.322
3350001,223,3092.5,-26881.8,0.125987,0.335
3355001,223,3083.77,-26890.5,1.42762,0.3412
3360001,223,3084.83,-26906.1,0.0332553,0.3282
3365001,223,3079.01,-26876,0.0251125,0.3134
3370001,223,3084.37,-26876.8,1.26706,0.32
3375001,222,3064.25,-26876.2,1.51287,0.324
3380001,222,3065.5,-26878.4,0.2302,0.3264
3385001,222,3065.06,-26863.8,0.0530684,0.3156
3390001,222,3057.69,-26890.1,0.959065,0.3284
3395001,221,3043.33,-26859.8,0.668151,0.3182
3400001,220,3027.53,-26830.1,3.63415,0.318
3405001,220,3037.77,-26825.9,0.732576,0.3322
3410001,219,3015.86,-26827.4,2.06371,0.336
3415001,217,2968.75,-26807.5,1.53991,0.3092
3420001,217,2976.84,-26839.1,1.52414,0.3112
3425001,217,2969.18,-26818.9,2.64848,0.3278
3430001,217,2971.33,-26802.6,1.19869,0.3124
3435001,217,2975.42,-26798.2,0.229003,0.3258
3440001,218,2989.06,-26824.2,1.99693,0.3212
3445001,216,2965.36,-26819.4,0.0117611,0.3236
3450001,216,2977.92,-26828.7,0.533551,0.3282
3455001,217,2992.6,-26829.3,0.234344,0.3268
3460001,216,2973.84,-26832.4,0.10876,0.3236
3465001,215,2958.74,-26820.4,1.04554,0.319
3470001,215,2955.51,-26801.2,0.466331,0.328
3475001,215,2947.95,-26813.2,0.858007,0.3224
3480001,215,2956.24,-26821.8,0.112545,0.327
3485001,215,2952.17,-26823,0.510128,0.3228
3490001,215,2958.74,-26833.2,2.21859,0.3236
3495001,215,2960.85,-26844.1,1.19991,0.3202
3500001,215,2954.56,-26829.4,2.47612,0.3202
3505001,215,2958.36,-26832.9,1.89849,0.3252
3510001,214,2945.98,-26825.7,1.12589,0.3116
3515001,214,2948.7,-26852.5,0.660275,0.3096
3520001,214,2927.36,-26852.2,4.28523,0.3242
3525001,214,2927.51,-26859.4,0.62366,0.324
3530001,214,2936.33,-26844.2,1.78142,0.3166
3535001,215,2941.62,-26855.5,0.0696884,0.3056
3540001,215,2947.58,-26849.8,0.198684,0.3186
3545001,215,2950.36,-26842.6,0.191793,0.3288
3550001,215,2954.6,-26834.2,0.652021,0.3188
3555001,216,2978.59,-26824.2,0.494091,0.3336
3560001,217,3000.51,-26814.4,0.200022,0.3254
3565001,217,2980.33,-26810.6,0.923691,0.3246
3570001,217,2994.96,-26811.1,0.794522,0.3164
3575001,217,2995.25,-26793.9,0.521467,0.3376
3580001,216,2968.74,-26819.4,1.05174,0.3292
3585001,215,2960.9,-26807.5,0.327122,0.3258
3590001,214,2933.18,-26803.2,0.126104,0.3252
3595001,214,2958.37,-26788.3,0.112902,0.3186
3600001,214,2955.24,-26780.6,2.74079,0.3276
3605001,214,2953.83,-26801.2,5.06721,0.3204
3610001,214,2959.22,-26790.3,0.187213,0.3254
3615001,215,2978.76,-26829,1.15684,0.3282
3620001,215,2989.77,-26809.8,2.16714,0.3274
3625001,215,2986.47,-26839.7,1.20468,0.3282
3630001,215,2989.45,-26843.1,1.04298,0.3334
3635001,214,2980.73,-26838.9,2.41648,0.3288
3640001,214,2977.84,-26816.2,1.2834,0.3196
3645001,214,2968.47,-26810.2,1.55102,0.3196
3650001,213,2956.05,-26822.7,3.55695,0.3212
3655001,213,2947.42,-26820,0.316329,0.3264
3660001,213,2929.1,-26824.3,3.96839,0.3256
3665001,213,2938.39,-26794.7,1.89225,0.3252
3670001,213,2936.34,-26817.2,0.431854,0.3206
3675001,213,2938.24,-26809.6,1.57107,0.313
3680001,214,2958.19,-26818.7,0.612061,0.3148
3685001,215,2978.36,-26827.8,0.408124,0.3312
3690001,214,2959.04,-26809.6,0.467796,0.3246
3695001,214,2941.32,-26798,1.55371,0.3166
3700001,214,2942.15,-26787.2,0.332207,0.3218
3705001,213,2940.31,-26793.5,0.0373172,0.3288
3710001,214,2961.56,-26817,0.107531,0.3142
3715001,214,2949.34,-26788.5,4.5198,0.3282
3720001,214,2954.52,-26779.9,0.169377,0.327
3725001,214,2959.31,-26790.5,0.191898,0.3282
3730001,212,2927.22,-26789.2,2.54374,0.3278
3735001,211,2897.99,-26802,1.54807,0.317
3740001,211,2899.96,-26803.8,3.30437,0.3214
3745001,210,2899.79,-26845.5,0.544332,0.3176
3750001,211,2919.82,-26813.6,0.480122,0.3256
3755001,211,2921.02,-26810.2,0.0192721,0.325
3760001,210,2897.62,-26808,0.0953363,0.3302
3765001,210,2900.11,-26803.3,0.0625733,0.3262
3770001,210,2904.33,-26792.4,0.991937,0.3128
3775001,210,2903.35,-26807.4,0.579826,0.327
3780001,211,2929.37,-26790,1.01162,0.3344
3785001,211,2926.1,-26797.7,0.392858,0.3186
3790001,211,2914.88,-26787.9,0.617421,0.3354
3795001,211,2917.45,-26795.1,0.29877,0.3214
3800001,210,2900.49,-26810.4,0.0856281,0.3138
3805001,210,2896.06,-26796.1,0.558581,0.3192
3810001,211,2915.24,-26777.6,0.100956,0.322
3815001,211,2908.72,-26772,0.705242,0.3218
3820001,211,2910,-26733.3,1.54661,0.3156
3825001,211,2905.16,-26739.9,2.8241,0.3236
3830001,210,2893.98,-26728.7,2.60754,0.321
3835001,210,2900.55,-26750.7,3.00738,0.3236
3840001,209,2885.95,-26739.4,2.0144,0.3256
3845001,208,2860.61,-26753,0.479273,0.3194
3850001,208,2873,-26732.4,0.907461,0.3124
3855001,206,2839.85,-26767.6,1.18211,0.3108
3860001,206,2835.17,-26788.6,2.69645,0.321
3865001,206,2844.2,-26782.4,0.0357648,0.3258
3870001,205,2819.47,-26792,0.4359,0.3226
3875001,205,2823.49,-26781.7,0.867715,0.3292
3880001,205,2815.38,-26761.5,0.56578,0.3386
3885001,205,2803.96,-26751.9,0.379177,0.3102
3890001,206,2816.72,-26768.8,0.0754576,0.3102
3895001,206,2811.2,-26777,0.753654,0.3138
3900001,206,2824.04,-26804.4,0.126364,0.319
3905001,206,2804.84,-26778.7,0.119904,0.3184
3910001,206,2791.43,-26788.2,0.499572,0.3104
3915001,205,2797.43,-26759.7,0.309247,0.3152
3920001,205,2802.58,-26761.7,2.91358,0.316
3925001,205,2809.05,-26758.5,1.71176,0.3244
3930001,205,2808.19,-26772.9,0.153239,0.3238
3935001,204,2795.96,-26765.6,0.116154,0.3212
3940001,204,2790.01,-26747.6,0.118996,0.3196
3945001,204,2778.39,-26753.4,0.774511,0.317
3950001,204,2781.96,-26773.7,1.53564,0.3006
3955001,203,2793.67,-26799.1,0.457099,0.325
3960001,203,2798.23,-26798.1,0.770228,0.3118
3965001,203,2785.39,-26787,0.572636,0.3118
3970001,202,2771.53,-26760,1.38924,0.3248
3975001,202,2771.53,-26785.7,1.7737,0.3238
3980001,202,2761.35,-26789.9,3.3438,0.304
3985001,202,2765.55,-26782.3,1.85691,0.3254
3990001,202,2758.92,-26781.3,0.681602,0.3258
3995001,201,2751.66,-26784.2,0.613603,0.3102
4000001,202,2764.11,-26747.6,1.45035,0.318
4005001,202,2776.05,-26756.1,1.90644,0.317
4010001,202,2762.84,-26749.1,3.1373,0.3082
4015001,201,2747.41,-26783.2,5.18778,0.3168
4020001,201,2746.8,-26772.7,5.58243,0.3098
4025001,201,2749.8,-26757,2.93222,0.3044
4030001,201,2742.2,-26783.6,2.23461,0.3126
4035001,201,2743.11,-26788.7,0.415754,0.3174
4040001,201,2741.53,-26767,0.940593,0.3148
4045001,201,2735,-26758.1,0.750713,0.313
4050001,200,2712.81,-26775.1,4.56537,0.3098
4055001,200,2717.16,-26771,1.72787,0.3068
4060001,200,2723.21,-26782.8,0.353703,0.3072
4065001,200,2732.8,-26779,0.0861558,0.3204
4070001,200,2731.55,-26796.7,0.152086,0.3128
4075001,200,2737.79,-26791.1,0.872451,0.3264
4080001,201,2756.41,-26779.6,0.000291954,0.3036
4085001,202,2773.79,-26779,0.135981,0.3148
4090001,201,2752.27,-26779.6,1.0846,0.3098
4095001,201,2748.06,-26788,2.00376,0.313
4100001,201,2746.35,-26785.6,0.640746,0.3122
4105001,200,2740.1,-26793.9,0.188532,0.3106
4110001,199,2723.48,-26776,0.26246,0.3058
4115001,198,2715.92,-26765.8,0.317701,0.3134
4120001,198,2717.29,-26774,1.29395,0.3042
4125001,198,2713.55,-26749.7,0.458794,0.3092
4130001,199,2725,-26745.2,0.723902,0.3198
4135001,197,2704.96,-26753.2,0.504331,0.3068
4140001,198,2715.7,-26774.5,0.428477,0.3198
4145001,198,2725.05,-26767.4,0.825502,0.3134
4150001,198,2727.37,-26766.9,0.399398,0.3208
4155001,197,2706.69,-26770.5,2.49963,0.328
4160001,197,2716.35,-26749.9,0.301999,0.3136
4165001,197,2715.53,-26739.5,1.15454,0.3216
4170001,197,2720.14,-26751.9,0.342165,0.3152
4175001,197,2720.69,-26742.7,1.67683,0.3176
4180001,196,2696.51,-26757.4,0.746813,0.3172
4185001,196,2696.24,-26749.5,1.31128,0.3146
4190001,196,2691.92,-26741.8,1.27436,0.3074
4195001,196,2688.46,-26724.5,1.28202,0.3186
4200001,195,2673.37,-26735.6,0.0112847,0.3146
4205001,195,2681.16,-26739.2,1.22062,0.3056
4210001,195,2685.85,-26722.2,1.21721,0.3034
4215001,195,2683.58,-26725.6,0.203316,0.3068
4220001,195,2684.94,-26720.3,1.06654,0.3138
4225001,195,2682.61,-26707.7,0.975211,0.316
4230001,196,2697,-26727.4,0.00310666,0.3116
4235001,196,2704.52,-26702.3,0.626719,0.3152
4240001,197,2714.45,-26714.7,2.41569,0.3072
4245001,197,2715.42,-26729.8,1.97775,0.3158
4250001,197,2710.84,-26739.5,0.265081,0.307
4255001,197,2704.36,-26736.4,0.514246,0.3224
4260001,197,2707.29,-26738.4,0.687082,0.3012
4265001,196,2696.79,-26734.7,0.263716,0.3294
4270001,196,2698.3,-26730.1,0.418128,0.325
4275001,196,2705.28,-26756.2,2.06966,0.3154
4280001,196,2691.92,-26731.5,0.0410568,0.3222
4285001,196,2692.95,-26728.3,0.309002,0.3138
4290001,195,2666.24,-26715.1,0.733291,0.3166
4295001,194,2661.42,-26710.1,2.5844,0.3198
4300001,193,2643.27,-26737.8,0.928913,0.3196
4305001,193,2663.27,-26723.2,1.13637,0.3312
4310001,193,2644.13,-26722.7,0.00465243,0.3172
4315001,193,2641.34,-26734.5,0.984857,0.316
4320001,193,2649.87,-26721.1,1.3203,0.325
4325001,193,2655.65,-26718.7,0.637621,0.3234
4330001,193,2665.32,-26726.7,1.13643,0.3196
4335001,193,2657.17,-26736,3.05625,0.33
4340001,193,2649.66,-26746,2.08042,0.3158
4345001,193,2651.44,-26747.7,0.148966,0.3186
4350001,193,2631.86,-26741.6,0.1696,0.3236
4355001,193,2647.53,-26736.4,0.98952,0.3192
4360001,192,2629.03,-26739.6,3.85575,0.3196
4365001,192,2628.4,-26727.2,0.270243,0.3234
4370001,192,2632.25,-26739.8,1.78305,0.3204
4375001,192,2627.84,-26740,0.875981,0.3128
4380001,192,2630.12,-26722.7,0.333354,0.3184
4385001,192,2625.17,-26748.8,1.80666,0.3062
4390001,192,2635.48,-26747.1,0.285452,0.3242
4395001,192,2631.33,-26738.9,1.18983,0.308
4400001,192,2637.85,-26749.1,0.100268,0.3098
4405001,192,2624.37,-26744,0.649241,0.3194
4410001,193,2658.1,-26764.6,1.33911,0.3142
4415001,193,2657.85,-26770.5,2.46508,0.3142
4420001,193,2658.71,-26762.9,0.598518,0.3236
4425001,193,2658.77,-26750.1,1.25527,0.308
4430001,192,2639.74,-26735.9,1.40916,0.3254
4435001,192,2632.03,-26736.6,1.26405,0.3176
4440001,192,2614.39,-26755.9,1.26667,0.3176
4445001,192,2623.47,-26745.6,1.3974,0.3156
4450001,192,2611.02,-26753.8,1.03995,0.3112
4455001,192,2605.55,-26761.3,0.526847,0.322
4460001,192,2615.08,-26735,0.960913,0.3046
4465001,192,2600.63,-26726.5,1.15344,0.3106
4470001,191,2597.5,-26739.5,0.458998,0.32
4475001,191,2606.27,-26736.1,1.53733,0.307
4480001,192,2610.77,-26720.5,0.761943,0.2998
4485001,192,2615.08,-26716,0.161049,0.3036
4490001,192,2613.99,-26735.5,1.24332,0.3246
4495001,192,2618.33,-26721.4,0.808109,0.307
4500001,192,2605.63,-26735.1,0.301102,0.325
4505001,192,2598.93,-26752.1,1.69843,0.3146
4510001,192,2601.99,-26726.4,4.9132,0.3148
4515001,192,2600.48,-26727.5,0.819889,0.314
4520001,192,2610.04,-26743.2,1.00344,0.3208
4525001,191,2593.47,-26713.8,0.325667,0.3146
4530001,190,2580.85,-26697,2.6987,0.3162
4535001,190,2582.18,-26721.2,0.263437,0.3162
4540001,190,2581.53,-26717.6,2.70629,0.3146
4545001,189,2569.27,-26722.7,2.3943,0.3122
4550001,189,2576.74,-26703.4,1.13712,0.31
4555001,189,2576.51,-26707.1,0.369496,0.3162
4560001,189,2592.44,-26682.7,0.301127,0.308
4565001,186,2544.17,-26653.8,0.631049,0.3148
4570001,185,2513.31,-26639.5,0.301092,0.3234
4575001,184,2515.1,-26654,0.23866,0.3152
4580001,184,2524.35,-26656.1,1.69435,0.3218
4585001,185,2535.05,-26648.6,0.700142,0.3138
4590001,184,2518.66,-26668.7,0.426427,0.3046
4595001,185,2533.6,-26684.4,0.377494,0.3228
4600001,185,2527.13,-26684.1,0.144683,0.3176
4605001,185,2527.38,-26642.5,0.367568,0.3206
4610001,185,2521.43,-26641.5,0.147606,0.3032
4615001,185,2528.03,-26636.1,0.420863,0.3076
4620001,185,2532.81,-26635.3,0.781393,0.302
4625001,184,2503.38,-26650.3,0.351615,0.3172
4630001,185,2514.72,-26649.3,1.32459,0.3092
4635001,184,2502.63,-26646.6,1.66273,0.3024
4640001,184,2508.96,-26634.7,0.0161759,0.2976
4645001,184,2499.3,-26624.1,1.12558,0.3112
4650001,184,2493.52,-26635.8,1.4191,0.3072
4655001,184,2493.69,-26636.7,0.574108,0.3
4660001,185,2500.9,-26649.5,1.82449,0.3046
4665001,186,2536.99,-26624.6,0.477727,0.321
4670001,186,2542.42,-26635.2,0.617158,0.3038
4675001,186,2528.44,-26630.5,3.46194,0.3192
4680001,186,2526.44,-26616.6,0.425466,0.311
4685001,186,2524.73,-26640.5,1.49046,0.3266
4690001,186,2525.59,-26615.8,0.194417,0.3202
4695001,185,2515.49,-26623,2.03815,0.3196
4700001,186,2535.01,-26610.9,0.46674,0.312
4705001,185,2518.39,-26623,0.186555,0.326
4710001,185,2521.49,-26601.5,3.00862,0.3098
4715001,184,2521.8,-26624.5,0.862651,0.3064
4720001,184,2505.83,-26626.9,2.55926,0.3064
4725001,183,2497.96,-26636.9,0.0771209,0.3254
4730001,183,2494.25,-26644,0.625162,0.315
4735001,183,2487.21,-26623.4,1.45616,0.3016
4740001,184,2497.77,-26636.7,0.11616,0.3184
4745001,183,2486.77,-26617.6,0.827547,0.3096
4750001,182,2469.59,-26623.6,0.118553,0.3
4755001,182,2482.81,-26639.1,1.25194,0.3124
4760001,182,2477.68,-26641.9,0.82285,0.3138
4765001,182,2470.11,-26631.2,0.1152,0.311
4770001,182,2474.52,-26637.5,1.18546,0.3006
4775001,182,2480.85,-26651.2,1.69077,0.3124
4780001,182,2484.83,-26633.5,1.14477,0.3186
4785001,182,2482.44,-26613.3,0.605899,0.3172
4790001,182,2470.48,-26609.5,0.394281,0.3092
4795001,182,2479.38,-26624.6,0.184269,0.3094
4800001,182,2462.32,-26618.9,0.736979,0.3154
4805001,182,2465.83,-26622.6,0.269003,0.3186
4810001,181,2446.23,-26644.1,2.14309,0.3082
4815001,181,2451.76,-26627.1,0.628485,0.3112
4820001,182,2481.06,-26627,1.91623,0.2998
4825001,181,2453.31,-26611.9,0.23257,0.3062
4830001,181,2460.67,-26635.2,0.221301,0.3172
4835001,181,2447.25,-26620.4,1.80417,0.3158
4840001,181,2462.59,-26626.5,1.51916,0.3092
4845001,181,2467.72,-26621,0.000662791,0.3072
4850001,181,2468.51,-26639.2,0.372569,0.291
4855001,182,2488.12,-26630.7,1.47997,0.3128
4860001,182,2473.39,-26635.5,2.06251,0.3182
4865001,182,2474.75,-26634.8,0.23127,0.3144
4870001,181,2463.22,-26626.9,0.00393729,0.3174
4875001,180,2451.6,-26621.4,0.99236,0.3148
4880001,181,2460.7,-26630.8,0.729054,0.3116
4885001,181,2459.58,-26611.4,1.70142,0.2982
4890001,179,2430.53,-26628,0.95728,0.3146
4895001,179,2424.75,-26630.6,0.121198,0.3122
4900001,180,2443.15,-26631.3,0.280224,0.3118
4905001,180,2438.61,-26622.9,0.391351,0.3018
4910001,180,2430.93,-26636.5,1.3024,0.302
4915001,180,2448.82,-26615.4,0.012591,0.3096
4920001,180,2440.48,-26636,2.25318,0.3018
4925001,179,2420.09,-26657.1,1.19373,0.2994
4930001,179,2420.39,-26675.2,1.67683,0.3166
4935001,179,2427.53,-26666.5,0.168468,0.316
4940001,179,2436.82,-26652.1,0.128799,0.3094
4945001,179,2437.99,-26669.9,1.22059,0.3166
4950001,179,2443.17,-26639.2,1.81419,0.302
4955001,179,2442.85,-26639.4,0.56533,0.3076
4960001,179,2444.76,-26623.8,0.332595,0.3004
4965001,179,2449.41,-26596.2,1.04022,0.3112
4970001,179,2442.37,-26624.5,3.30317,0.3114
4975001,179,2433.63,-26620.7,0.0887137,0.2994
4980001,180,2447.8,-26610.2,0.0189986,0.3114
4985001,179,2439.39,-26623.9,0.345644,0.3086
4990001,178,2421.17,-26632.4,1.98701,0.3096
4995001,178,2427.13,-26631.9,0.523547,0.3002
5000001,178,2432.82,-26662.7,2.2687,0.3078
5005001,178,2432.79,-26632,0.338783,0.3142
5010001,178,2433,-26641.4,1.20147,0.2974
5015001,178,2425.98,-26645.5,0.294838,0.3096
5020001,178,2429,-26629.2,0.964984,0.2864
5025001,178,2417.57,-26661.3,2.34124,0.3154
5030001,178,2415.26,-26647.2,0.349749,0.3144
5035001,178,2419.17,-26646.9,0.637873,0.3058
5040001,178,2414.67,-26629.5,0.631031,0.3042
5045001,178,2419.81,-26629.7,0.214299,0.3056
5050001,178,2424.31,-26651.9,0.353938,0.2998
5055001,178,2414.82,-26661,0.313504,0.3188
5060001,178,2416.55,-26677.7,1.26148,0.3064
5065001,178,2412.14,-26667.4,0.783271,0.3112
5070001,177,2391.61,-26664.1,0.0923928,0.3086
5075001,176,2377.12,-26667,0.163194,0.3014
5080001,176,2388.04,-26664.8,0.119975,0.309
5085001,175,2364.51,-26642.1,0.365738,0.2974
5090001,176,2382.21,-26656.9,0.399522,0.301
5095001,175,2358.18,-26636.9,2.38923,0.3062
5100001,175,2357.38,-26637,0.420261,0.3102
5105001,175,2372.02,-26631.6,1.65411,0.2984
5110001,175,2382.24,-26641.5,0.624912,0.304
5115001,175,2376.42,-26630.8,1.05274,0.3114
5120001,176,2394.5,-26659.6,3.58563,0.3028
5125001,178,2412.54,-26652.5,2.71854,0.3008
5130001,175,2373.76,-26649.8,0.53668,0.3112
5135001,175,2371.93,-26656.5,0.198383,0.3046
5140001,175,2377.11,-26657.9,0.0164214,0.3024
5145001,175,2366.21,-26644.7,2.2435,0.303
5150001,175,2375.92,-26657.7,0.578328,0.3014
5155001,175,2374.24,-26633.4,0.37838,0.312
5160001,175,2380.55,-26659.5,0.205002,0.301
5165001,175,2386.35,-26672.6,0.161789,0.3064
5170001,175,2388.28,-26654.6,0.933464,0.3086
5175001,175,2392.34,-26635.4,0.470628,0.3048
5180001,175,2388.88,-26638.9,0.120337,0.2996
5185001,175,2378.64,-26631.9,0.872965,0.3096
5190001,174,2364.2,-26637.1,0.549389,0.3038
5195001,175,2389.09,-26646.1,1.43489,0.3032
5200001,174,2368.43,-26657.6,1.23355,0.32
5205001,172,2334.18,-26657.9,1.03029,0.305
5210001,173,2346.95,-26645.7,1.48781,0.3052
5215001,173,2358,-26645.8,0.533715,0.3148
5220001,173,2355.88,-26656.3,0.562248,0.3154
5225001,173,2356.74,-26641.7,0.16357,0.3084
5230001,174,2378.44,-26647.3,1.62072,0.3094
5235001,173,2365.64,-26654.8,1.98646,0.3226
5240001,173,2363.65,-26641.3,2.15534,0.3146
5245001,172,2339.52,-26656.1,1.32342,0.323
5250001,172,2345.39,-26647.2,2.06425,0.2974
5255001,172,2349.72,-26690.7,0.230417,0.312
5260001,172,2344.88,-26680.5,1.56955,0.3098
5265001,171,2327.68,-26664.5,3.52076,0.3138
5270001,171,2334.85,-26662.1,0.241067,0.2978
5275001,171,2323.74,-26652.2,0.827857,0.3084
5280001,171,2326.07,-26656.6,0.715811,0.314
5285001,171,2330.03,-26649.2,0.196137,0.3086
5290001,171,2334.43,-26650.3,3.40692,0.2976
5295001,171,2333.69,-26644.5,0.350685,0.3156
5300001,171,2328.51,-26679.3,0.45945,0.3032
5305001,171,2331.01,-26672.6,2.57222,0.3
5310001,171,2331.09,-26664.5,1.53822,0.3012
5315001,171,2325.54,-26664.6,0.633706,0.3048
5320001,171,2326.31,-26674,1.09484,0.2998
5325001,171,2318.2,-26680.5,6.18631,0.3266
5330001,171,2329.13,-26689.7,0.030391,0.317
5335001,171,2334.26,-26663.8,0.48436,0.3034
5340001,171,2332.46,-26669.2,0.316089,0.3006
5345001,171,2335.11,-26669.2,0.791014,0.315
5350001,171,2318.61,-26692.3,1.32772,0.3076
5355001,171,2324.44,-26691,1.22294,0.306
5360001,171,2323.91,-26696.5,0.136984,0.295
5365001,171,2317.36,-26667,0.609762,0.3178
5370001,171,2323.58,-26659.9,1.3185,0.299
5375001,171,2310.77,-26653.9,4.66232,0.3054
5380001,171,2311.4,-26647,1.57699,0.3064
5385001,171,2319.53,-26644.5,0.439898,0.3068
5390001,172,2345.47,-26649,0.384601,0.3188
5395001,172,2337.02,-26649.2,2.16853,0.3056
5400001,172,2342.02,-26657,0.260636,0.297
5405001,172,2341.55,-26674.6,1.32434,0.3004
5410001,172,2325.13,-26655,1.78148,0.3182
5415001,171,2301.41,-26664.4,2.47459,0.3062
5420001,171,2312.72,-26661.5,4.30737,0.3074
5425001,169,2286.96,-26663.5,1.75421,0.31
5430001,169,2279.4,-26657.1,0.256088,0.3152
5435001,169,2284.76,-26640.3,1.90704,0.306
5440001,169,2296.34,-26645.8,0.0725701,0.2986
5445001,169,2288.81,-26660.9,0.644688,0.3126
5450001,169,2288.16,-26637.3,0.33357,0.3046
5455001,170,2302.23,-26663,0.978991,0.3048
5460001,169,2292.19,-26644.7,0.00914009,0.305
5465001,169,2277.55,-26622.7,1.6131,0.2988
5470001,169,2278.3,-26641.3,0.18383,0.2934
5475001,169,2284.48,-26646.6,0.454663,0.294
5480001,169,2293.47,-26672.5,0.230416,0.3094
5485001,169,2299.49,-26662.4,1.05571,0.3014
5490001,169,2298.51,-26641.4,0.784556,0.3144
5495001,169,2292.01,-26644.8,0.497124,0.3066
5500001,169,2289.26,-26660.1,1.41027,0.311
5505001,169,2287.45,-26662.5,1.43826,0.3044
5510001,169,2297.56,-26646.8,1.00319,0.3082
5515001,169,2288.35,-26651.1,0.0403868,0.3044
5520001,169,2282.31,-26654.9,1.00372,0.3144
5525001,169,2285.35,-26655.5,0.893743,0.3108
5530001,169,2293.05,-26657.3,0.0670365,0.3152
5535001,169,2296.19,-26657.3,0.5315,0.3044
5540001,169,2290.33,-26658.2,0.512744,0.3112
5545001,169,2298.96,-26657.8,0.183279,0.316
5550001,169,2300.21,-26651.6,0.614639,0.3124
5555001,170,2311.54,-26668.4,0.593961,0.3136
5560001,170,2309.4,-26690.1,2.19409,0.3094
5565001,170,2309.35,-26678.2,0.675033,0.2856
5570001,169,2291.47,-26670.5,2.20169,0.3004
5575001,169,2282.85,-26675,0.0528884,0.3002
5580001,169,2272.57,-26678.2,0.0976362,0.3078
5585001,169,2281.77,-26672.7,4.80397,0.304
5590001,169,2287.93,-26658.3,0.564813,0.2976
5595001,170,2304.15,-26662.8,0.449819,0.3072
5600001,170,2314.85,-26647.1,0.076991,0.3104
5605001,170,2323,-26671.5,0.256175,0.32
5610001,170,2321.04,-26659.4,0.222793,0.3118
5615001,172,2346.69,-26665.9,1.97989,0.3144
5620001,172,2343.09,-26648.2,0.0225622,0.323
5625001,173,2368.46,-26669.2,0.169773,0.3258
5630001,173,2362.34,-26663.6,2.20652,0.3248
5635001,171,2328.53,-26658.7,0.568448,0.3178
5640001,170,2312.63,-26645.5,2.02184,0.3198
5645001,171,2331.78,-26651.1,0.000721222,0.3166
5650001,171,2327.69,-26657,1.61175,0.3172
5655001,169,2292.96,-26688.6,2.77816,0.3118
5660001,169,2292.24,-26663.9,3.00979,0.3196
5665001,169,2300.66,-26683.9,1.85819,0.3096
5670001,168,2294.5,-26684.5,0.00350586,0.3092
5675001,168,2276.9,-26689.5,0.690406,0.2976
5680001,169,2296.52,-26656,0.625424,0.3066
5685001,169,2291.01,-26671.6,1.38329,0.3094
5690001,169,2301.84,-26677.6,0.312727,0.3066
5695001,168,2274.75,-26651.2,1.0197,0.3008
5700001,168,2290.44,-26655.3,0.260672,0.2988
5705001,168,2282.94,-26660.9,0.667477,0.3022
5710001,168,2284.84,-26657.1,0.13904,0.31
5715001,168,2288.73,-26629.2,2.26861,0.315
5720001,168,2285.42,-26666.8,0.690815,0.3066
5725001,168,2282.65,-26659.3,1.72051,0.3202
5730001,167,2280.45,-26680,2.96373,0.312
5735001,167,2278.3,-26694.9,0.571441,0.3068
5740001,167,2274.72,-26686.2,1.19582,0.3104
5745001,166,2249.77,-26678.2,0.588316,0.3066
5750001,166,2247.94,-26666.8,0.395506,0.2986
5755001,165,2235.62,-26686.2,0.129805,0.2988
5760001,165,2232.05,-26711,0.204027,0.2932
5765001,165,2228.38,-26668.4,0.200499,0.3084
5770001,165,2237.07,-26692.1,0.23165,0.2976
5775001,165,2220.23,-26667.7,0.38139,0.3
5780001,166,2246.93,-26698.1,0.344173,0.2978
5785001,167,2261.53,-26670.6,0.64895,0.3082
5790001,167,2271.06,-26671,0.369589,0.3014
5795001,165,2247.89,-26678.3,2.67945,0.305
5800001,165,2242.09,-26649.8,0.529438,0.305
5805001,165,2238.75,-26643.8,0.450663,0.2976
5810001,165,2239.7,-26664.6,0.538333,0.3006
5815001,165,2245.5,-26684.2,0.309986,0.3044
5820001,165,2253.74,-26683,0.0937266,0.3132
5825001,167,2274.5,-26667.4,2.97885,0.3114
5830001,167,2282.37,-26658.8,1.17097,0.3194
5835001,167,2277.7,-26674.9,3.61823,0.3032
5840001,168,2282.61,-26664,0.872175,0.3062
5845001,167,2266.68,-26659.3,1.20676,0.3114
5850001,167,2262.57,-26678.9,0.0939523,0.2978
5855001,166,2249.89,-26669.7,0.954543,0.3182
5860001,166,2247.7,-26681.8,2.121,0.3052
5865001,166,2245.24,-26670.9,0.0357179,0.319
5870001,165,2230.66,-26670.1,0.682128,0.2986
5875001,165,2239.25,-26672.1,0.110127,0.2918
5880001,165,2232.17,-26646.6,1.38681,0.2922
5885001,165,2237.27,-26654,0.88547,0.2958
5890001,165,2237,-26682.1,1.38879,0.2944
5895001,165,2237.88,-26669.8,0.0164142,0.2982
5900001,165,2235.48,-26634,1.77928,0.2948
5905001,165,2239.84,-26664.4,0.529993,0.2972
5910001,165,2240.77,-26662,1.12725,0.2994
5915001,165,2244.26,-26654.9,1.18631,0.3088
5920001,165,2239.66,-26663.8,0.770687,0.3034
5925001,165,2240.66,-26661,1.50536,0.304
5930001,165,2236.08,-26671.5,0.859432,0.3176
5935001,165,2247.21,-26669.7,0.646067,0.2996
5940001,165,2218.61,-26681.7,1.25755,0.294
5945001,165,2237.69,-26695.2,1.31037,0.2986
5950001,166,2257.97,-26645.4,0.314692,0.3074
5955001,165,2235.52,-26631.2,0.999855,0.3148
5960001,165,2233.46,-26620.5,0.835279,0.3004
5965001,165,2229.6,-26624.3,0.137096,0.3074
5970001,165,2232.1,-26620.2,0.144498,0.3092
5975001,165,2234.76,-26615.8,0.300384,0.2944
5980001,165,2227.82,-26638.6,0.408808,0.3038
5985001,165,2219.74,-26631.7,0.858449,0.3018
5990001,165,2211.34,-26648,1.81947,0.2964
5995001,165,2216.67,-26634,1.01921,0.3022
6000001,165,2202.12,-26638.8,1.79063,0.3074
6005001,165,2211,-26653.1,0.140919,0.2974
6010001,165,2212.23,-26635.4,0.679614,0.304
6015001,166,2225.21,-26654.3,0.924392,0.307
6020001,166,2233.03,-26636.1,0.383233,0.3054
6025001,165,2223.09,-26613.8,4.09148,0.2956
6030001,163,2205.72,-26638.5,1.55743,0.3058
6035001,164,2212.18,-26638.7,1.92262,0.2988
6040001,164,2215.4,-26640.4,0.331954,0.3126
6045001,164,2205.79,-26628.6,1.58586,0.2946
6050001,164,2203.16,-26606.6,0.996322,0.3044
6055001,164,2207.85,-26615.9,0.220533,0.2978
6060001,164,2217.98,-26627.9,0.355207,0.3014
6065001,163,2202.47,-26640.7,1.14805,0.31
6070001,163,2193.8,-26625.5,0.529055,0.2842
6075001,162,2185.27,-26630.8,0.142992,0.3048
6080001,163,2206.05,-26642.5,0.233029,0.3142
6085001,164,2214.87,-26631,2.3229,0.2964
6090001,163,2195.04,-26630,1.39963,0.2996
6095001,163,2189.18,-26635.7,0.852857,0.305
6100001,163,2180.05,-26624.3,1.47234,0.2936
6105001,163,2187.5,-26620.7,0.218415,0.2956
6110001,162,2177.33,-26632.5,1.80956,0.2896
6115001,163,2198.4,-26634.3,0.169639,0.2928
6120001,163,2196.41,-26610.1,1.97652,0.2978
6125001,163,2200.62,-26623,0.721528,0.3022
6130001,162,2196.83,-26648.5,3.24525,0.2996
6135001,162,2198.77,-26647.4,0.766945,0.302
6140001,161,2178.68,-26648.5,0.106942,0.29
6145001,161,2178.95,-26640.8,2.85628,0.292
6150001,161,2178.21,-26650.4,1.70953,0.3038
6155001,161,2172.38,-26631.4,0.513513,0.298
6160001,162,2185.84,-26643.8,0.644749,0.2984
6165001,162,2189.4,-26640.2,1.43683,0.3026
6170001,162,2180.28,-26651.6,0.781601,0.2888
6175001,162,2189.35,-26662.6,1.58152,0.2926
6180001,161,2174.95,-26628.2,0.129544,0.2916
6185001,162,2179.39,-26627.8,0.984422,0.2904
6190001,163,2200.08,-26650.2,0.276005,0.2844
6195001,162,2182.17,-26622.7,2.1232,0.2924
6200001,162,2179.78,-26639.3,0.759411,0.2942
6205001,162,2191.66,-26649.4,0.122076,0.3036
6210001,161,2171.49,-26659.7,0.0279599,0.2924
6215001,161,2167.57,-26642,0.623096,0.3036
6220001,161,2173.58,-26637.1,0.429778,0.2936
6225001,161,2180.18,-26669.1,0.487419,0.3006
6230001,161,2168.71,-26647.6,1.3324,0.3098
6235001,161,2173.6,-26665.8,2.53406,0.3064
6240001,161,2180.12,-26648.4,0.376219,0.3068
6245001,161,2180.34,-26622.6,0.275181,0.2978
6250001,162,2188.87,-26644,0.102929,0.2956
6255001,162,2201.11,-26655.6,1.25631,0.3008
6260001,161,2184.76,-26637.7,0.0041574,0.2874
6265001,161,2179.22,-26628.2,1.56819,0.295
6270001,161,2185.43,-26622,2.03819,0.3096
6275001,161,2178.24,-26621.9,0.560878,0.2938
6280001,161,2177.26,-26649.4,1.51447,0.3072
6285001,160,2161.05,-26594.7,0.385284,0.3022
6290001,160,2158.11,-26584.1,0.503669,0.2882
6295001,161,2175.35,-26596.1,2.96624,0.309
6300001,161,2184.15,-26580.9,0.107973,0.3054
6305001,161,2187.77,-26594.8,1.456,0.296
6310001,160,2173.97,-26590.2,0.336027,0.3042
6315001,160,2167.55,-26600.4,0.262149,0.303
6320001,161,2178.86,-26578.1,1.15402,0.3104
6325001,159,2141.37,-26583.9,0.043855,0.3034
6330001,159,2143.88,-26590.5,1.68932,0.3038
6335001,158,2121.6,-26587.1,0.0519583,0.2948
6340001,159,2140.53,-26579.2,2.69412,0.3084
6345001,159,2129.31,-26579.2,1.35442,0.3098
6350001,159,2136.92,-26568.6,0.732352,0.3076
6355001,159,2154.45,-26591.6,1.47446,0.3036
6360001,160,2160.38,-26590.2,0.345478,0.291
6365001,160,2158.1,-26601.3,0.904307,0.308
6370001,160,2162.23,-26561.2,0.5011,0.3148
6375001,158,2123.78,-26551.1,0.603917,0.3076
6380001,159,2142.9,-26553.3,0.798254,0.3132
6385001,158,2124.55,-26542.3,2.45711,0.3066
6390001,158,2127.4,-26579.1,3.99392,0.3244
6395001,158,2132.25,-26546.4,0.0122426,0.305
6400001,158,2138.33,-26537.4,0.99271,0.2958
6405001,156,2092.75,-26574.7,0.923645,0.3104
6410001,155,2081.12,-26584.8,3.75626,0.3082
6415001,155,2090.46,-26587.7,0.223879,0.3046
6420001,155,2091.11,-26588.6,2.89789,0.31
6425001,155,2086.77,-26557.5,0.295801,0.31
6430001,155,2086.6,-26546.6,0.87981,0.3184
6435001,155,2085.12,-26555.1,0.0536884,0.307
6440001,155,2085.18,-26558.8,0.898383,0.3002
6445001,155,2073.66,-26558.3,0.182875,0.3138
6450001,155,2070.23,-26547.1,0.131073,0.3096
6455001,155,2076.25,-26545.1,0.576432,0.3048
6460001,155,2072.27,-26538.8,0.360041,0.2966
6465001,154,2067.52,-26540.6,0.935551,0.3024
6470001,155,2090,-26560,0.391135,0.3072
6475001,154,2079.74,-26570.8,0.265085,0.3164
6480001,153,2057.66,-26556.7,0.770789,0.3014
6485001,153,2051.79,-26537.7,0.337353,0.3042
6490001,154,2071.47,-26583.9,0.655825,0.2972
6495001,154,2082.78,-26577.2,0.850991,0.3166
6500001,153,2061.64,-26554.5,1.12843,0.3002
6505001,153,2057.73,-26551.8,0.0437176,0.2994
6510001,153,2062.37,-26559.1,0.157062,0.2936
6515001,153,2065.66,-26547.9,0.0154882,0.3054
6520001,154,2080.81,-26548.4,1.13116,0.3024
6525001,153,2056.55,-26545.5,1.02124,0.3002
6530001,153,2048.09,-26514.2,2.3278,0.2916
6535001,153,2044.41,-26520.2,0.346757,0.3076
6540001,154,2074.97,-26522.5,0.00904234,0.2994
6545001,155,2082.8,-26525,4.10353,0.2938
6550001,155,2083.27,-26529.4,1.46051,0.3072
6555001,156,2092.99,-26536.1,0.0271999,0.3012
6560001,157,2113.37,-26533.5,0.5008,0.3096
6565001,155,2092.34,-26544.1,3.19801,0.3088
6570001,154,2075.99,-26554.8,0.874813,0.3158
6575001,153,2053.41,-26549.2,1.03506,0.2916
6580001,153,2057.74,-26552.6,1.10809,0.297
6585001,156,2097.54,-26536.8,1.54213,0.3082
6590001,156,2093.87,-26553.9,0.00223576,0.304
6595001,155,2075.41,-26546.7,0.667242,0.3096
6600001,154,2055.05,-26542.2,0.345324,0.311
6605001,154,2054.01,-26558.5,0.155829,0.301
6610001,154,2070.94,-26576.2,0.758955,0.3138
6615001,154,2071.55,-26560.2,0.924691,0.3034
6620001,154,2070.53,-26567.3,1.29857,0.303
6625001,153,2043.18,-26550.1,0.320296,0.3094
6630001,153,2036.24,-26556.9,0.867794,0.2998
6635001,153,2035.82,-26548.1,0.0979142,0.303
6640001,153,2041.02,-26547,1.13482,0.2932
6645001,153,2037.22,-26562.5,0.874792,0.2976
6650001,153,2036.82,-26551.6,1.01385,0.3062
6655001,152,2025.66,-26552.4,0.077915,0.2906
6660001,152,2041.12,-26544.8,1.79401,0.287
6665001,152,2042.1,-26546.6,0.299862,0.3
6670001,152,2031.74,-26552.2,1.84635,0.3024
6675001,152,2032.62,-26560,0.255065,0.3044
6680001,151,2026.76,-26555.5,0.275815,0.307
6685001,151,2025.07,-26551.3,0.235174,0.291
6690001,153,2048.06,-26515.8,0.763665,0.3042
6695001,153,2046.81,-26521.3,1.21097,0.296
6700001,152,2042.03,-26525.4,1.5545,0.2878
6705001,153,2061.93,-26514.6,1.41669,0.3056
6710001,153,2058.92,-26516.8,0.70059,0.3152
6715001,152,2032.11,-26548.3,1.05483,0.299
6720001,152,2034.81,-26532.6,2.4857,0.2952
6725001,152,2039.78,-26523.2,1.06433,0.2868
6730001,152,2027.38,-26502.7,2.68563,0.2846
6735001,152,2041.41,-26510,0.120099,0.2996
6740001,152,2039.31,-26512.9,1.90795,0.3002
6745001,152,2034.51,-26506.5,0.431169,0.2854
6750001,152,2042.54,-26502.8,0.977146,0.2974
6755001,152,2047.15,-26495.9,1.826,0.2938
6760001,152,2039.42,-26525.8,1.21147,0.3092
6765001,152,2037.05,-26522.6,3.31495,0.3086
6770001,152,2030.09,-26497.3,1.25147,0.3118
6775001,152,2038.2,-26519.8,2.33903,0.3062
6780001,152,2034.11,-26534.6,1.22642,0.301
6785001,152,2035.88,-26498.2,1.00425,0.2908
6790001,152,2040.04,-26484.4,1.28359,0.2956
6795001,152,2035.05,-26501.4,3.14429,0.3006
6800001,152,2034.45,-26492.7,6.2683,0.3026
6805001,152,2033.15,-26502.6,0.569041,0.301
6810001,152,2044.71,-26494,0.044739,0.3086
6815001,152,2040.9,-26494.9,0.128539,0.2968
6820001,152,2040.81,-26483.8,0.713053,0.3048
6825001,152,2031.98,-26508.7,1.45906,0.3036
6830001,152,2031.79,-26496.8,2.67654,0.3032
6835001,152,2041.14,-26500.1,2.56541,0.2882
6840001,153,2054.94,-26467.2,0.749458,0.3014
6845001,153,2055.29,-26442.9,0.260248,0.3062
6850001,153,2050.41,-26467.2,3.85911,0.2946
6855001,153,2059.69,-26438,0.525482,0.2998
6860001,153,2054.38,-26426,0.885525,0.2922
6865001,153,2052.67,-26441.1,2.36825,0.2958
6870001,153,2050.95,-26455.1,0.188858,0.2812
6875001,152,2043.05,-26448.4,0.980486,0.2992
6880001,152,2038.84,-26446.1,0.38811,0.2952
6885001,153,2058.08,-26449.4,0.425823,0.2948
6890001,153,2047.56,-26451.7,1.62009,0.3006
6895001,152,2037.02,-26450.4,1.05238,0.3068
6900001,152,2048.35,-26448.5,0.896417,0.2924
6905001,151,2030.08,-26475.3,0.973022,0.299
6910001,151,2022.15,-26468.9,0.015459,0.3094
6915001,150,2002.97,-26458.8,0.581551,0.291
6920001,150,2005.1,-26454.9,0.0119689,0.2994
6925001,150,2007.53,-26476.1,0.288669,0.3092
6930001,150,2013.31,-26466.6,1.76807,0.2988
6935001,150,1999.89,-26462.9,1.16846,0.2984
6940001,151,2020.41,-26455.7,0.409409,0.2992
6945001,150,1998.01,-26475,2.2491,0.296
6950001,150,1991.5,-26460.5,0.359332,0.3002
6955001,149,1983.74,-26468.9,0.264765,0.291
6960001,149,1976.92,-26440,0.018843,0.301
6965001,149,1972.58,-26424.6,0.282366,0.3048
6970001,149,1962.98,-26436.8,1.39443,0.286
6975001,148,1958.15,-26446.1,0.10076,0.2952
6980001,148,1960.61,-26443.3,0.516938,0.2968
6985001,148,1963.61,-26449.4,0.0136436,0.3092
6990001,148,1977.37,-26436.4,1.10238,0.291
6995001,148,1978.81,-26450,0.192435,0.3012
7000001,148,1975.53,-26458.1,0.963933,0.3126
7005001,149,1989.38,-26458.3,0.0389004,0.2952
7010001,149,1985.47,-26473.5,1.19814,0.302
7015001,149,1981.57,-26445.7,0.136724,0.3082
7020001,149,1969.65,-26448.3,2.23989,0.3042
7025001,149,1981.6,-26429.8,0.605517,0.3094
7030001,149,1976.15,-26440.2,2.29316,0.2852
7035001,149,1981.18,-26440.8,1.51211,0.3036
7040001,149,1983.88,-26445.9,1.13195,0.2978
7045001,148,1969.57,-26469.4,1.71343,0.311
7050001,148,1974.19,-26455.2,0.0223923,0.3052
7055001,148,1967.3,-26453.1,1.24397,0.308
7060001,148,1975.43,-26442.5,0.0775404,0.3032
7065001,148,1973.13,-26439,0.312373,0.3034
7070001,148,1974.3,-26458.1,0.306648,0.2966
7075001,148,1980.63,-26449.1,0.236762,0.3002
7080001,148,1987.31,-26438.2,0.140423,0.308
7085001,148,1974.66,-26452.4,1.62271,0.3078
7090001,148,1972.81,-26440.1,0.192154,0.3044
7095001,147,1952.66,-26463.2,4.2715,0.3056
7100001,147,1951.35,-26457.6,1.80216,0.3096
7105001,147,1956.06,-26446,1.05876,0.3142
7110001,149,1985.86,-26454.3,0.409808,0.301
7115001,149,1989.72,-26460.1,1.33124,0.2966
7120001,149,1992.74,-26458,0.00363394,0.3018
7125001,148,1967.74,-26455,0.0268848,0.301
7130001,147,1949.29,-26463.9,0.812727,0.2994
7135001,149,1976.55,-26461.8,2.95079,0.2918
7140001,148,1962.74,-26461.8,2.14465,0.297
7145001,148,1975.46,-26474.9,1.13512,0.3064
7150001,148,1960.94,-26461,1.03441,0.325
7155001,148,1968.98,-26446.1,0.451316,0.304
7160001,147,1955.48,-26440.5,0.89586,0.3022
7165001,147,1947.24,-26427.6,0.152023,0.3086
7170001,146,1922.77,-26455.7,0.755432,0.3144
7175001,146,1923.99,-26438.5,0.0506452,0.2938
7180001,146,1921.01,-26449.3,4.26796,0.2962
7185001,146,1928.9,-26459.8,0.475965,0.3044
7190001,146,1943.37,-26452.6,1.69462,0.3068
7195001,145,1925.42,-26465.8,1.5401,0.303
7200001,145,1918.45,-26448.4,1.0733,0.2996
7205001,145,1906.84,-26450.7,0.643445,0.3106
7210001,145,1915.32,-26462.3,0.842025,0.2956
7215001,145,1925.97,-26457.5,1.8375,0.3028
7220001,146,1945.89,-26460.3,0.117305,0.303
7225001,146,1945.47,-26461.4,0.163633,0.314
7230001,146,1936.92,-26456.9,0.723422,0.3032
7235001,145,1912.71,-26448.8,3.16098,0.292
7240001,145,1928.61,-26462.7,1.43998,0.3242
7245001,145,1931.03,-26466,0.693377,0.3104
7250001,145,1926.59,-26453.5,0.00830332,0.29
7255001,145,1924.19,-26454,0.10467,0.2992
7260001,146,1953.39,-26440.6,0.125699,0.2918
7265001,145,1938.25,-26442.8,0.0218721,0.298
7270001,145,1933.25,-26439.6,0.362629,0.3024
7275001,145,1923.84,-26457.3,2.4076,0.3014
7280001,145,1924.61,-26454.5,3.30822,0.309
7285001,145,1933.75,-26465.2,1.25762,0.3048
7290001,146,1952.66,-26465.9,0.5146,0.3042
7295001,145,1923.59,-26464.9,4.11308,0.3044
7300001,145,1936.9,-26470.4,2.30593,0.298
7305001,145,1946.31,-26445.7,0.869784,0.3044
7310001,145,1940.14,-26500.8,0.0946565,0.3008
7315001,146,1935.56,-26483.9,0.308745,0.3048
7320001,146,1939.11,-26449.3,2.57077,0.3064
7325001,146,1937.61,-26466,0.958933,0.298
7330001,146,1934.62,-26444.7,0.981584,0.309
7335001,147,1933.69,-26460.2,0.384518,0.3206
7340001,146,1926.71,-26445.9,0.0632105,0.3148
7345001,146,1935.04,-26479.1,0.601728,0.3094
7350001,146,1930.4,-26476.3,0.236321,0.3124
7355001,146,1934.79,-26470.9,0.0147429,0.3024
7360001,145,1923.51,-26468.6,0.846211,0.3036
7365001,145,1929.59,-26466.9,3.34106,0.3172
7370001,145,1931.5,-26465.5,2.19943,0.2978
7375001,145,1945.53,-26480.8,0.0924103,0.301
7380001,145,1944.89,-26477.3,1.92918,0.3022
7385001,145,1936.49,-26469.7,0.768777,0.3222
7390001,148,1976.82,-26463.1,1.24477,0.3054
7395001,148,1988.68,-26444.1,0.0518479,0.2964
7400001,148,1978.61,-26456.9,1.14353,0.3074
7405001,147,1960.42,-26466.5,2.06671,0.305
7410001,146,1943.63,-26465.6,1.63221,0.3086
7415001,143,1896.02,-26465.9,1.54293,0.3048
7420001,142,1880.47,-26455,3.95643,0.2992
7425001,142,1884.73,-26472.3,0.0656538,0.3004
7430001,141,1863.58,-26491.2,2.6356,0.3208
7435001,141,1873.18,-26469.6,1.10894,0.3098
7440001,140,1855.7,-26462.4,2.87729,0.3034
7445001,140,1865.18,-26466,2.8202,0.3088
7450001,139,1847.58,-26442.1,0.250969,0.3014
7455001,139,1844.58,-26456.9,0.35684,0.2962
7460001,139,1841.94,-26456.7,0.249658,0.305
7465001,139,1847.26,-26473.3,1.5461,0.3164
7470001,139,1843.62,-26489.8,1.90138,0.2966
7475001,139,1855.05,-26484.9,0.0945346,0.304
7480001,139,1858.87,-26476.1,0.757434,0.3164
7485001,139,1868.52,-26451.1,1.73861,0.3024
7490001,139,1858.91,-26451.4,0.272385,0.2948
7495001,140,1861.73,-26467.5,0.605087,0.301
7500001,139,1850.5,-26482.5,1.18097,0.3006
7505001,139,1852.27,-26478.9,0.21034,0.3096
7510001,139,1860.39,-26460.1,1.42112,0.2942
7515001,139,1864.68,-26475.9,0.510963,0.2956
7520001,139,1857.81,-26458.7,0.394889,0.3098
7525001,138,1844.69,-26493.8,0.999196,0.2994
7530001,138,1847.55,-26491.7,1.82094,0.314
7535001,138,1851.33,-26470.3,0.77653,0.3064
7540001,137,1826.48,-26470.7,0.34108,0.3034
7545001,136,1817.86,-26473.3,2.71554,0.302
7550001,135,1802.67,-26471,0.0501566,0.3076
7555001,135,1798.33,-26484.8,0.287902,0.2956
7560001,135,1807.28,-26480.3,2.7377,0.298
7565001,135,1802.57,-26490.6,0.617175,0.2978
7570001,134,1782.26,-26497.2,0.279091,0.2928
7575001,134,1786.86,-26490.4,0.646695,0.3002
7580001,132,1759.22,-26478.4,1.2347,0.3064
7585001,128,1690.75,-26464,0.0215555,0.3032
7590001,127,1669.78,-26464.2,1.65336,0.2912
7595001,126,1661.89,-26477.2,0.192427,0.2962
7600001,126,1659.1,-26464.9,1.23317,0.2976
7605001,126,1657.6,-26478.5,0.805155,0.287
7610001,126,1661.62,-26471,0.309764,0.287
7615001,125,1636.05,-26461.7,0.288825,0.2796
7620001,125,1636.63,-26495.3,0.301734,0.3022
7625001,125,1658.52,-26482.4,0.203192,0.2926
7630001,125,1653.73,-26491.1,2.3708,0.2858
7635001,125,1642.45,-26490.1,4.54395,0.2856
7640001,125,1647.1,-26472.5,3.72624,0.2856
7645001,126,1663.36,-26473.2,0.364645,0.2962
7650001,125,1641.46,-26462.9,0.356303,0.2772
7655001,126,1647.67,-26446.7,2.80633,0.3028
7660001,125,1631.77,-26474.9,1.72873,0.2816
7665001,126,1646.81,-26482.8,0.543922,0.2844
7670001,126,1650.62,-26484.6,0.488989,0.2894
7675001,127,1676.84,-26465.7,0.247079,0.2914
7680001,127,1676.98,-26475.4,0.882325,0.2886
7685001,127,1669.71,-26490.5,0.641374,0.2992
7690001,127,1673.85,-26472,1.33206,0.2896
7695001,127,1665.99,-26466.6,1.84474,0.3008
7700001,127,1674.64,-26462.4,0.178929,0.2966
7705001,127,1674.16,-26452.8,0.389409,0.2892
7710001,126,1648.85,-26478.3,0.466626,0.2828
7715001,126,1645.3,-26500.7,0.706327,0.291
7720001,127,1676.31,-26465.8,0.543333,0.2948
7725001,127,1676.98,-26457.8,1.77536,0.2842
7730001,127,1672.54,-26479.4,0.437095,0.2886
7735001,127,1679.81,-26461.4,0.0196562,0.2864
7740001,126,1665.88,-26465.5,1.64444,0.2818
7745001,126,1668.47,-26466.9,0.206881,0.2868
7750001,126,1663.8,-26460.9,1.28554,0.297
7755001,126,1661.91,-26456.7,0.679395,0.2956
7760001,126,1657.08,-26449.8,0.417562,0.2752
7765001,126,1662.13,-26442.7,0.568304,0.2926
7770001,125,1645.63,-26454.2,0.445655,0.2866
7775001,126,1671.83,-26466.7,0.577417,0.2824
7780001,125,1660.96,-26461.6,0.213606,0.3084
7785001,125,1650.64,-26458.3,0.341482,0.2816
7790001,125,1650.15,-26454.5,0.741743,0.2836
7795001,125,1656.85,-26471.7,0.980905,0.2812
7800001,126,1678.61,-26451.4,0.54398,0.29
7805001,125,1664.92,-26454.2,0.0644477,0.302
7810001,125,1664.35,-26483.8,0.467107,0.3008
7815001,125,1669.01,-26452.6,1.74184,0.2804
7820001,126,1687.63,-26455.7,1.31832,0.291
7825001,126,1683.4,-26462.1,1.54426,0.296
7830001,125,1657.48,-26440.6,0.678612,0.289
7835001,126,1672.7,-26456.1,0.811582,0.2962
7840001,126,1666.5,-26441.8,0.000767031,0.2866
7845001,127,1671.84,-26430.9,0.506659,0.2854
7850001,126,1668.14,-26447,0.87207,0.2894
7855001,126,1671.88,-26472.5,1.24448,0.292
7860001,126,1679.51,-26455.8,1.61346,0.3008
7865001,126,1676.95,-26479.6,1.12732,0.3012
7870001,126,1679.47,-26464.2,0.941958,0.2836
7875001,126,1680.54,-26463.8,1.42759,0.3078
7880001,126,1683.49,-26445.6,0.377065,0.2998
7885001,125,1673.97,-26465.5,0.658677,0.2964
7890001,125,1662.19,-26477.1,3.58731,0.2906
7895001,125,1665.73,-26458.2,0.00889577,0.3006
7900001,125,1658.8,-26449.1,0.330991,0.2922
7905001,125,1649.11,-26457.3,0.73677,0.2938
7910001,125,1660.03,-26458.6,0.207037,0.2964
7915001,125,1664.74,-26473.6,2.03215,0.2968
7920001,125,1643.52,-26498,0.277314,0.2938
7925001,124,1638.85,-26448.2,1.15962,0.291
7930001,124,1629.69,-26438.3,6.4991,0.2884
7935001,124,1640.23,-26464.6,0.250918,0.305
7940001,123,1636.26,-26444.5,0.748226,0.292
7945001,123,1634.36,-26440.4,0.188495,0.2956
7950001,123,1635.29,-26458.6,0.79421,0.2984
7955001,123,1632.66,-26442.2,2.88461,0.3038
7960001,122,1618.65,-26445,0.917418,0.2838
7965001,123,1637.96,-26456.5,0.603789,0.2974
7970001,123,1635.21,-26459.1,1.48364,0.2906
7975001,123,1631.53,-26428.5,0.989794,0.2946
7980001,123,1639.37,-26423.2,1.13747,0.307
7985001,123,1627.28,-26426.1,0.141785,0.3054
7990001,121,1600.46,-26409.2,1.03531,0.2944
7995001,120,1588.17,-26420.7,0.665445,0.3156
8000001,120,1594.16,-26415.5,0.3083,0.2816
8005001,120,1591.81,-26411.5,0.607728,0.304
8010001,119,1574.18,-26434.1,1.33185,0.2882
8015001,119,1572.49,-26408.2,1.78801,0.292
8020001,119,1576.07,-26415.5,0.442289,0.2962
8025001,119,1576.2,-26410.3,0.52619,0.2898
8030001,119,1575.35,-26417.6,2.20197,0.2886
8035001,119,1573.56,-26414.7,1.37438,0.2932
8040001,119,1566.96,-26416.8,0.231108,0.2928
8045001,119,1559.67,-26424.1,1.61513,0.2924
8050001,119,1557.49,-26432.2,2.5525,0.2882
8055001,119,1561.78,-26417.3,0.215782,0.3118
8060001,119,1565.33,-26415,0.341068,0.3024
8065001,119,1567.07,-26400.5,0.629785,0.294
8070001,119,1571.54,-26431.6,0.234266,0.2842
8075001,119,1565.55,-26412.8,0.572631,0.2974
8080001,119,1574.52,-26412.8,0.635837,0.2944
8085001,119,1570.66,-26408.5,1.52684,0.3022
8090001,120,1583.11,-26416.4,1.28238,0.3038
8095001,120,1568.56,-26390.3,2.10707,0.2958
8100001,119,1573.59,-26410.4,1.64155,0.3038
8105001,119,1570.2,-26413.2,1.2822,0.284
8110001,119,1572.02,-26407.8,1.66139,0.306
8115001,119,1577.49,-26415.5,0.50016,0.3046
8120001,119,1571.37,-26411.1,0.0535856,0.3008
8125001,119,1570.67,-26413.7,0.132729,0.2882
8130001,120,1580.55,-26398.3,1.29276,0.2922
8135001,120,1572.44,-26419,1.10132,0.2956
8140001,120,1580.48,-26408.8,0.0910246,0.2944
8145001,119,1567.23,-26424.5,1.92507,0.2828
8150001,119,1567.58,-26393.4,0.580548,0.2906
8155001,119,1567.95,-26382.4,1.40227,0.3026
8160001,119,1571.08,-26387.4,1.55495,0.3018
8165001,119,1572.37,-26399.1,1.19975,0.2814
8170001,119,1572.69,-26413.8,0.0359707,0.2916
8175001,119,1563.22,-26420.1,1.18531,0.2914
8180001,119,1560.73,-26399.3,2.16822,0.2894
8185001,119,1569.85,-26420,0.929361,0.2832
8190001,119,1564.51,-26395.5,0.537814,0.2938
8195001,119,1564.28,-26411.1,1.76545,0.2726
8200001,119,1564.34,-26421.2,1.15611,0.294
8205001,119,1569,-26398.6,1.15852,0.2888
8210001,119,1560.93,-26380.5,1.60367,0.296
8215001,120,1579.84,-26376.9,0.45454,0.293
8220001,120,1573.85,-26375,3.49178,0.2978
8225001,119,1570.14,-26382.4,1.03539,0.2804
8230001,119,1563.19,-26376.1,1.51168,0.2928
8235001,119,1561.32,-26382.2,0.777191,0.2828
8240001,119,1563.9,-26396.1,0.173071,0.2952
8245001,120,1576.76,-26402.1,0.987582,0.2876
8250001,119,1555.67,-26408.6,0.782164,0.2902
8255001,119,1559.89,-26407.4,0.0293268,0.2724
8260001,119,1562.87,-26405.9,1.23642,0.2838
8265001,120,1575.75,-26396,0.395567,0.2958
8270001,120,1576.25,-26391.7,2.0845,0.2834
8275001,120,1583.95,-26397.3,1.1589,0.2808
8280001,120,1585.97,-26414.2,0.520932,0.2982
8285001,120,1576.93,-26420.6,0.2531,0.2946
8290001,120,1573.68,-26408,0.465612,0.3046
8295001,120,1574.84,-26406.1,0.903606,0.292
8300001,120,1581.1,-26405,0.382181,0.3038
8305001,120,1571.35,-26382.8,1.43773,0.2828
8310001,120,1572.91,-26376,0.0216525,0.289
8315001,121,1586.4,-26392.9,1.10954,0.2876
8320001,121,1581.68,-26401,0.30937,0.294
8325001,122,1601.8,-26382.7,0.262194,0.2988
8330001,120,1566.8,-26385.7,0.0913599,0.2856
8335001,119,1550.97,-26392.8,1.2016,0.2986
8340001,119,1561.27,-26390.8,0.421934,0.2842
8345001,119,1567.66,-26387.9,0.445575,0.298
8350001,120,1586.65,-26389.5,0.470991,0.2868
8355001,120,1585.33,-26397.5,0.22948,0.3132
8360001,119,1565.63,-26407.6,0.347629,0.2824
8365001,119,1569.33,-26384.6,0.6997,0.289
8370001,119,1569.76,-26407.5,0.886129,0.288
8375001,119,1564.46,-26402.8,0.451056,0.2854
8380001,119,1570.38,-26381.6,2.56947,0.302
8385001,121,1604.99,-26375.6,1.24797,0.2934
8390001,120,1592.17,-26396.9,2.38525,0.2828
8395001,120,1587.31,-26397.4,0.129615,0.296
8400001,120,1590.55,-26390.9,3.64611,0.2972
8405001,121,1599.1,-26386.2,1.20639,0.296
8410001,120,1587.82,-26403.1,1.45339,0.2916
8415001,119,1572.53,-26401.6,0.169774,0.2964
8420001,119,1566.54,-26388.5,2.1093,0.298
8425001,119,1571.63,-26394,0.685756,0.2954
8430001,119,1568.02,-26396.9,0.667544,0.2802
8435001,119,1567.23,-26391.4,0.387321,0.2878
8440001,119,1576.03,-26415.2,0.752067,0.2856
8445001,119,1572.43,-26401.7,2.05125,0.3022
8450001,119,1570.27,-26389.3,0.16702,0.296
8455001,119,1570.89,-26388.8,0.856066,0.2866
8460001,119,1560.45,-26384.9,2.69873,0.2842
8465001,118,1547.08,-26401.3,1.13069,0.2844
8470001,117,1539.53,-26407.2,0.293145,0.2786
8475001,116,1528.39,-26398.8,1.38505,0.2762
8480001,116,1524,-26416.2,0.247133,0.288
8485001,114,1495.39,-26411.3,1.03003,0.2986
8490001,115,1501.91,-26433.1,1.1985,0.2788
8495001,115,1495.71,-26420.1,0.0460621,0.2832
8500001,115,1503.1,-26420.7,0.802628,0.2912
8505001,115,1500.52,-26425.5,0.39659,0.2968
8510001,115,1499.59,-26398.4,0.938905,0.2786
8515001,113,1460.94,-26343.9,1.20377,0.2806
8520001,112,1440.94,-26333.9,1.6837,0.284
8525001,111,1442.74,-26357,0.484424,0.2838
8530001,111,1447.74,-26363.4,0.607546,0.299
8535001,111,1449.92,-26364.4,1.89031,0.2894
8540001,110,1427.24,-26355.8,0.850634,0.2846
8545001,111,1436.64,-26366.7,2.23533,0.2836
8550001,110,1424.78,-26349.7,0.163984,0.2776
8555001,110,1429.77,-26341.3,1.66667,0.2762
8560001,110,1421.41,-26348,0.649561,0.2862
8565001,110,1424.15,-26363.7,0.194151,0.298
8570001,111,1440.32,-26354.5,0.409977,0.2738
8575001,111,1439.53,-26349.1,0.762127,0.296
8580001,111,1432.52,-26338.7,0.409196,0.2948
8585001,111,1435.15,-26334.3,1.12396,0.2852
8590001,110,1425.69,-26342.8,0.176213,0.2848
8595001,110,1428.17,-26340,0.648199,0.2946
8600001,109,1416.09,-26362.8,0.201001,0.2766
8605001,109,1414.28,-26377.4,2.2996,0.286
8610001,109,1402.82,-26372.7,0.190612,0.2828
8615001,110,1411.31,-26352.9,0.468926,0.2952
8620001,110,1417.94,-26350,0.333328,0.2752
8625001,110,1425.56,-26380.1,1.2587,0.2756
8630001,110,1427.53,-26361.3,0.201493,0.3008
8635001,110,1425.33,-26366.4,4.02101,0.295
8640001,110,1420.12,-26367.8,4.16588,0.2886
8645001,108,1403.93,-26344.7,0.744838,0.2874
8650001,108,1400.59,-26346,0.480755,0.2744
8655001,108,1404.84,-26349.6,1.79656,0.2754
8660001,108,1397.21,-26326,2.68191,0.2804
8665001,108,1405.15,-26349,0.303055,0.2842
8670001,109,1429.34,-26345.7,0.108224,0.2976
8675001,108,1399.14,-26361.8,2.14643,0.2926
8680001,108,1396.11,-26354.4,0.240631,0.2858
8685001,108,1394.74,-26332.5,1.91618,0.2798
8690001,109,1422.31,-26335.8,0.182459,0.2872
8695001,109,1411.46,-26338.8,1.40331,0.2878
8700001,109,1413.28,-26356.4,0.550935,0.2966
8705001,108,1403.65,-26333.6,0.111597,0.2968
8710001,108,1406.52,-26369.5,0.0780841,0.2906
8715001,108,1402.03,-26352.5,0.0151401,0.2848
8720001,108,1394.28,-26337.5,0.236951,0.2858
8725001,108,1391.57,-26356.1,1.25909,0.2988
8730001,108,1403.85,-26354.9,0.420063,0.2828
8735001,108,1399.71,-26337.7,0.277242,0.2882
8740001,108,1395.54,-26342.4,0.73184,0.2862
8745001,109,1408.13,-26345.3,0.118632,0.2894
8750001,109,1409.94,-26349.2,0.282382,0.2866
8755001,109,1413.95,-26342.6,2.14121,0.283
8760001,108,1399.04,-26353.5,0.431905,0.285
8765001,108,1405.72,-26311,0.50603,0.2904
8770001,106,1361.16,-26335.5,0.595555,0.2908
8775001,106,1368.13,-26325.7,0.0714376,0.2902
8780001,104,1336.39,-26317.7,2.0724,0.2758
8785001,104,1337.17,-26348.9,5.60411,0.287
8790001,104,1335.75,-26330.6,1.41518,0.2836
8795001,104,1346.16,-26334.8,0.686672,0.2866
8800001,104,1351.09,-26338.8,0.550056,0.2856
8805001,104,1340.38,-26249,1.05535,0.294
8810001,103,1327.48,-26269.3,0.295576,0.2854
8815001,105,1354.83,-26262.8,1.4446,0.2918
8820001,105,1343.29,-26252,2.56861,0.3064
8825001,105,1351.22,-26235,0.584913,0.296
8830001,105,1356.66,-26220.7,1.13766,0.2894
8835001,106,1372.62,-26222.3,0.102853,0.3048
8840001,104,1342.37,-26213.5,1.67406,0.3016
8845001,103,1329.58,-26204.8,0.219457,0.2862
8850001,103,1326.48,-26174.2,0.972324,0.2908
8855001,102,1304.29,-26192.3,1.5339,0.29
8860001,102,1302.54,-26167.1,0.616328,0.2876
8865001,102,1307.06,-26150.4,1.29966,0.2858
8870001,102,1317.68,-26159.2,1.53761,0.2956
8875001,102,1317.46,-26153.4,1.5342,0.274
8880001,102,1322.93,-26147.3,0.109445,0.288
8885001,102,1319.71,-26130.9,0.347392,0.2902
8890001,102,1319.01,-26130.1,0.530473,0.2798
8895001,101,1300.08,-26145.8,2.78923,0.2856
8900001,101,1306.28,-26154.9,0.594128,0.2882
8905001,100,1285.78,-26152,0.28219,0.2752
8910001,101,1308.53,-26168.9,0.1411,0.2928
8915001,101,1295.39,-26166.9,0.834676,0.3038
8920001,100,1283.08,-26195,1.83279,0.2878
8925001,100,1278.85,-26160.8,0.22857,0.2852
8930001,100,1290.67,-26147.2,0.849094,0.2916
8935001,100,1286.82,-26161.1,0.325337,0.2882
8940001,100,1282.82,-26156.2,1.62741,0.3004
8945001,98,1249.12,-26148.1,0.559942,0.2966
8950001,98,1252.62,-26119.4,1.58412,0.2932
8955001,98,1247.49,-26123.3,3.91547,0.279
8960001,98,1254.2,-26124.4,2.4393,0.2798
8965001,98,1256.77,-26128.6,1.52725,0.2838
8970001,97,1248.41,-26139.8,2.39995,0.2836
8975001,97,1250.21,-26147,0.434285,0.2898
8980001,97,1239.68,-26149.5,2.15636,0.2932
8985001,97,1244.99,-26151.6,0.0204741,0.283
8990001,97,1241.01,-26159.4,1.43824,0.2878
8995001,97,1242.19,-26137,1.5428,0.2872
9000001,97,1247.11,-26125.1,1.31839,0.2822
9005001,97,1242.66,-26128.4,0.342636,0.286
9010001,97,1234.3,-26134.6,1.05614,0.2916
9015001,97,1231.42,-26137.2,1.44869,0.271
9020001,97,1229.09,-26134.6,1.89328,0.2854
9025001,97,1228.46,-26133.9,0.222554,0.2892
9030001,97,1221.23,-26133.3,0.607319,0.2858
9035001,97,1232.31,-26142.5,1.55018,0.2698
9040001,97,1235,-26152.8,0.889202,0.2812
9045001,98,1255.41,-26129.8,0.0503996,0.2936
9050001,98,1255.12,-26153.6,0.366978,0.2866
9055001,98,1249.89,-26130.7,1.17476,0.2922
9060001,98,1248.71,-26127.1,1.98958,0.2974
9065001,97,1228.22,-26132.8,0.233137,0.2928
9070001,97,1219.57,-26129,0.283395,0.277
9075001,97,1229.24,-26117.1,1.53911,0.278
9080001,97,1229.87,-26135.5,0.194438,0.2838
9085001,95,1199.14,-26138.9,0.061349,0.2784
9090001,95,1199.71,-26130.5,2.13825,0.2846
9095001,95,1202.91,-26145.8,2.42984,0.2724
9100001,95,1204.19,-26145.7,0.807071,0.2866
9105001,95,1203.31,-26140.7,1.83392,0.279
9110001,95,1202.17,-26137.5,2.26859,0.2776
9115001,96,1210.63,-26148.3,0.0994248,0.2832
9120001,97,1224.03,-26138.4,1.41348,0.2822
9125001,96,1213.73,-26142.2,0.0289372,0.289
9130001,96,1219.27,-26144.2,0.564915,0.3022
9135001,96,1209.1,-26126.9,1.34566,0.2794
9140001,96,1221.31,-26136.9,1.65732,0.301
9145001,96,1221.14,-26133.2,0.195198,0.2886
9150001,96,1225.41,-26133.6,0.0770726,0.2894
9155001,96,1219.67,-26132.8,0.571359,0.2924
9160001,96,1217.85,-26140.8,1.42718,0.2922
9165001,95,1196.03,-26137.3,0.925573,0.2882
9170001,95,1190.24,-26141,1.70716,0.287
9175001,96,1211.04,-26141.8,0.26219,0.2724
9180001,96,1216.28,-26134.9,0.528711,0.2906
9185001,95,1201.64,-26158.3,0.274128,0.2864
9190001,96,1227.19,-26168,0.27862,0.2854
9195001,96,1224.86,-26143.3,0.918549,0.3044
9200001,96,1227.55,-26136.8,0.538409,0.2816
9205001,96,1232.99,-26127.9,1.81189,0.3074
9210001,96,1233.37,-26126.2,0.953901,0.297
9215001,96,1228.11,-26134.4,0.00952949,0.2978
9220001,96,1214.06,-26126.1,4.0764,0.301
9225001,95,1206.76,-26117.5,0.0337729,0.2958
9230001,95,1200.48,-26127.2,0.586161,0.2936
9235001,95,1210.86,-26160.1,0.107839,0.2964
9240001,95,1210.83,-26154.9,0.319556,0.2972
9245001,95,1213.12,-26143.2,2.97001,0.3034
9250001,95,1217.94,-26150,0.0823026,0.2948
9255001,95,1212.74,-26147.4,1.40492,0.288
9260001,95,1209.02,-26135.1,0.157728,0.2858
9265001,96,1225.93,-26151.6,0.329224,0.2928
9270001,96,1221.01,-26149.7,0.859661,0.2944
9275001,96,1222.41,-26124.2,0.138876,0.2804
9280001,96,1220.19,-26119.7,0.0172462,0.2886
9285001,95,1207.34,-26107.9,0.483543,0.2936
9290001,95,1208.18,-26127.5,1.13111,0.2886
9295001,95,1209.25,-26121.3,1.87381,0.2902
9300001,96,1219.74,-26129.9,1.2364,0.2964
9305001,95,1210.34,-26134.5,0.0675087,0.2968
9310001,95,1203.06,-26136.1,3.92073,0.2834
9315001,95,1208.39,-26142.7,2.11755,0.2908
9320001,95,1210.19,-26139.7,0.880138,0.2894
9325001,94,1191.29,-26127.8,0.424547,0.2882
9330001,95,1201,-26148.2,1.47583,0.293
9335001,96,1217.06,-26107.6,0.73801,0.2972
9340001,94,1191.84,-26091.2,0.485079,0.2886
9345001,94,1183.9,-26094.4,0.0172197,0.2888
9350001,94,1192.48,-26104.3,1.74861,0.2838
9355001,94,1192.69,-26113.3,0.382081,0.2896
9360001,94,1185.54,-26127.5,0.653202,0.2748
9365001,94,1183.46,-26106,0.331809,0.2806
9370001,94,1182.19,-26124,1.16931,0.2908
9375001,94,1188.34,-26098.5,1.87251,0.2874
9380001,95,1213.24,-26111.7,0.15174,0.286
9385001,95,1209.1,-26096.8,0.074068,0.296
9390001,95,1212.2,-26111,0.59299,0.2904
9395001,95,1206.44,-26096.2,1.03798,0.2824
9400001,95,1208.36,-26098.8,1.66563,0.2886
9405001,94,1203.4,-26104.9,0.0121244,0.2918
9410001,94,1197.6,-26103.7,2.63381,0.2968
9415001,94,1206.39,-26123.2,1.05442,0.2902
9420001,93,1186.57,-26117.2,0.0210462,0.297
9425001,93,1182.75,-26104.7,2.8091,0.298
9430001,93,1180.48,-26106,0.393883,0.283
9435001,93,1184,-26094.3,0.483065,0.2924
9440001,94,1196.51,-26099,0.607056,0.2922
9445001,94,1193.85,-26104.3,1.8126,0.2812
9450001,94,1198.19,-26106,1.43539,0.2914
9455001,94,1202.78,-26102.1,0.168339,0.2952
9460001,94,1191.53,-26105.1,0.484882,0.2826
9465001,94,1194.72,-26115.8,2.69519,0.283
9470001,93,1181.18,-26104.7,0.305876,0.2908
9475001,93,1169.47,-26110.2,0.678446,0.2924
9480001,93,1180.5,-26118.8,0.401245,0.298
9485001,93,1174.29,-26110.3,1.9029,0.3018
9490001,93,1175.38,-26106.2,1.58797,0.281
9495001,93,1179.62,-26094.4,0.588155,0.286
9500001,93,1175.52,-26120.2,1.73341,0.293
9505001,93,1172.36,-26113.7,1.29138,0.2858
9510001,93,1176.4,-26107.5,0.162107,0.2954
9515001,94,1192.17,-26103.7,0.684442,0.3038
9520001,94,1194.66,-26097.7,0.173497,0.2896
9525001,94,1198.71,-26075.9,0.43748,0.2884
9530001,94,1196.79,-26103.5,1.81194,0.2918
9535001,94,1188.27,-26081.9,0.804022,0.2854
9540001,94,1194.21,-26095.9,0.392152,0.2942
9545001,93,1178.03,-26094.8,1.43104,0.2926
9550001,93,1182.36,-26092.1,0.457654,0.2922
9555001,94,1199.51,-26107.5,2.08907,0.3116
9560001,94,1204.26,-26093.8,0.0320298,0.2918
9565001,94,1205.95,-26115.8,0.100938,0.296
9570001,93,1186.3,-26106.7,4.00004,0.295
9575001,92,1168.58,-26098.7,1.9605,0.2866
9580001,92,1168.06,-26125.1,3.39845,0.2862
9585001,92,1171.31,-26102.4,2.38588,0.2846
9590001,92,1176.93,-26109.5,1.91007,0.2892
9595001,92,1173.73,-26105.5,3.4506,0.278
9600001,92,1175,-26079.5,0.839914,0.302
9605001,93,1189.71,-26107.5,0.00309233,0.2892
9610001,92,1174.53,-26113.6,1.3289,0.2952
9615001,92,1167.55,-26089,1.14846,0.289
9620001,93,1180.47,-26099.9,0.6899,0.2866
9625001,92,1164.24,-26108.2,0.925283,0.2806
9630001,92,1170.83,-26092.1,0.0333355,0.2814
9635001,92,1165.69,-26109.8,0.368452,0.2914
9640001,92,1165.36,-26108.4,0.638919,0.286
9645001,93,1179.69,-26116.9,3.58042,0.2818
9650001,93,1179.05,-26116.9,1.52167,0.2826
9655001,92,1163.98,-26114.6,1.89246,0.3054
9660001,92,1167.88,-26115.3,0.795096,0.2814
9665001,92,1169.39,-26107,0.60267,0.2826
9670001,93,1173.21,-26100.5,3.92739,0.2918
9675001,93,1175.38,-26111.2,1.24633,0.2888
9680001,93,1181.11,-26099.4,0.161894,0.289
9685001,93,1177.92,-26091,1.53376,0.2866
9690001,93,1173.96,-26097.7,3.33696,0.2858
9695001,93,1179.77,-26096.5,0.618374,0.2876
9700001,92,1158.14,-26091.8,0.344487,0.2846
9705001,93,1174.55,-26088.5,0.380312,0.2954
9710001,94,1188.51,-26101.7,0.555688,0.2996
9715001,92,1159.67,-26099.6,1.61912,0.3002
9720001,92,1162.47,-26097.9,1.07487,0.2842
9725001,92,1163.62,-26089,0.00818055,0.2868
9730001,91,1142.11,-26088.6,0.216973,0.2816
9735001,91,1141.13,-26095.5,0.0772247,0.2738
9740001,91,1137.62,-26088.5,0.752498,0.2782
9745001,91,1150.96,-26105.9,0.436124,0.2948
9750001,91,1153.96,-26110.1,0.317875,0.2884
9755001,92,1166.52,-26109.7,0.926293,0.2908
9760001,91,1148.14,-26110.6,3.7277,0.2962
9765001,91,1147.71,-26098.6,0.31455,0.2872
9770001,91,1149.5,-26104.3,0.26157,0.2878
9775001,91,1154.65,-26087.2,1.40094,0.2974
9780001,91,1158.54,-26095.4,0.23785,0.2888
9785001,91,1151,-26082.5,0.545658,0.289
9790001,91,1140.09,-26109.5,0.588695,0.2814
9795001,91,1151.24,-26107.1,0.435702,0.2928
9800001,90,1132.11,-26114.1,1.70047,0.2736
9805001,90,1131.45,-26117.9,0.30842,0.274
9810001,90,1134.08,-26117.8,0.285619,0.2698
9815001,90,1136.52,-26118,0.358485,0.2848
9820001,90,1126.41,-26115.4,0.119226,0.2846
9825001,90,1117.68,-26110.8,1.49126,0.287
9830001,90,1127.86,-26120.9,0.858221,0.2982
9835001,90,1131.11,-26109.6,0.217952,0.2854
9840001,90,1129.11,-26105.7,0.172154,0.2796
9845001,90,1134.61,-26118.7,0.021325,0.2894
9850001,90,1126.29,-26107.8,3.56237,0.2882
9855001,90,1126.41,-26126.5,1.08657,0.2824
9860001,90,1127.47,-26121,1.41231,0.2688
9865001,90,1119.6,-26108.3,0.0668618,0.2788
9870001,90,1130.11,-26113.9,0.071144,0.2748
9875001,91,1144.62,-26115.7,0.132565,0.2754
9880001,93,1182.17,-26131.8,0.360489,0.2818
9885001,93,1181.2,-26118.9,2.42379,0.2952
9890001,93,1183.51,-26121.6,0.0977031,0.2922
9895001,92,1160.01,-26138.4,4.45057,0.2944
9900001,91,1147.88,-26114.3,2.31707,0.2854
9905001,92,1171.92,-26111.4,1.29479,0.3084
9910001,91,1159.58,-26126.1,0.397894,0.2902
9915001,92,1171.2,-26108.9,0.161251,0.2978
9920001,91,1153.28,-26109.4,1.07354,0.306
9925001,91,1153.89,-26125.4,0.766441,0.2928
9930001,91,1165.55,-26126.3,1.28134,0.291
9935001,90,1143.09,-26121.9,0.206826,0.2988
9940001,90,1141.34,-26129.8,0.568496,0.2786
9945001,90,1134.99,-26118,0.250173,0.285
9950001,90,1127.75,-26118.7,0.765364,0.2956
9955001,90,1132.28,-26117.9,1.25336,0.2712
9960001,90,1126.47,-26095.4,0.448915,0.288
9965001,90,1126.74,-26126.9,1.80799,0.2774
9970001,90,1135.59,-26116,0.0824468,0.2802
9975001,90,1133.57,-26115.9,0.461859,0.2798
9980001,91,1153,-26118.9,0.0511437,0.2932
9985001,90,1122.59,-26124.9,0.327731,0.2838
9990001,91,1146.33,-26116.7,0.633494,0.3032
9995001,90,1136.44,-26099.6,1.14006,0.289
