generation,leftchild,rightchild,abstime,lambdainit,lambdashift,muinit,mushift
1,1,2,0,0.032,0,0.005,0
5001,1,2,0,0.0565195,-0.000417467,0.00431347,0
10001,1,2,0,0.0580376,-0.000417467,0.00688801,0
10001,1070,6737,162.742,0.160995,-0.0278612,0.0414034,0
15001,1,2,0,0.0554951,-0.000417467,0.0032773,0
20001,1,2,0,0.0550649,-0.000417467,0.00432799,0
25001,1,2,0,0.0570763,-0.000411572,0.00592443,0
30001,1,2,0,0.0582882,-0.000569618,0.00547251,0
30001,146,9634,191.71,0.130071,0.195816,0.354684,0
35001,1,2,0,0.058938,-0.000613087,0.00632768,0
35001,2874,NA,195.573,0.106764,-0.0666933,0.72408,0
35001,4,1608,136.153,0.157143,0.00352734,0.221604,0
40001,1,2,0,0.0586372,-0.000613087,0.00416159,0
45001,1,2,0,0.0559824,-0.000613087,0.000527477,0
45001,3195,4760,175.811,0.112443,-0.0464844,0.172917,0
50001,1,2,0,0.0596985,-0.000613087,0.00609038,0
55001,1,2,0,0.0574339,-0.000613087,0.00273292,0
55001,1414,NA,183.538,0.128709,0.0236121,0.239276,0
60001,1,2,0,0.0557236,-0.000613087,0.00164829,0
60001,1013,5656,180.577,0.420239,-0.00999947,0.36718,0
65001,1,2,0,0.05655,-0.000613087,0.00185654,0
70001,1,2,0,0.0540003,-0.000400474,0.00195983,0
75001,1,2,0,0.0551053,-0.000400474,0.00304056,0
75001,197,9136,194.729,0.445588,0.0667889,0.0179583,0
75001,2838,NA,193.145,0.140444,0.00418454,0.258555,0
80001,1,2,0,0.055627,-0.000463587,0.0033595,0
85001,1,2,0,0.0562182,-0.000463587,0.00374255,0
85001,2544,NA,191.91,0.165484,-0.00243532,0.473633,0
90001,1,2,0,0.0539187,-0.000463587,0.00121122,0
95001,1,2,0,0.0548283,-0.000435125,0.00140817,0
95001,1085,6489,166.552,0.284868,-0.0438647,0.0889769,0
95001,3314,NA,195.532,0.0183416,-0.0191179,0.10189,0
100001,1,2,0,0.0554149,-0.000435125,0.00334037,0
100001,4856,NA,185.411,0.024375,0.0379388,0.0144948,0
100001,7871,NA,195.107,0.156316,-0.00135484,0.607256,0
105001,1,2,0,0.05564,-0.000435125,0.0019168,0
105001,45,NA,170.143,0.0136898,0.0095145,0.0250202,0
110001,1,2,0,0.0551624,-0.000348501,0.00294303,0
115001,1,2,0,0.0537061,-0.000348501,0.00241452,0
115001,6819,NA,193.257,0.488331,-0.005951,0.5001,0
115001,2113,NA,192.687,0.111975,-0.115307,0.0245621,0
120001,1,2,0,0.0553535,-0.000348501,0.00261659,0
125001,1,2,0,0.0566337,-0.000459125,0.00305113,0
125001,877,NA,187.916,0.0432965,0.0241738,0.223776,0
130001,1,2,0,0.0573593,-0.000459125,0.0057898,0
130001,1074,6267,179.92,0.268172,-0.176366,0.174685,0
130001,3262,NA,187.356,0.0705846,0.00434498,0.00675764,0
135001,1,2,0,0.0581768,-0.000459125,0.0086371,0
135001,502,NA,139.08,0.00143591,-0.00558503,0.00625026,0
140001,1,2,0,0.0567788,-0.000459125,0.00418499,0
145001,1,2,0,0.0561419,-0.000459125,0.00349233,0
145001,2510,8269,186.451,0.0927881,-0.116052,0.224497,0
150001,1,2,0,0.0543458,-0.000459125,0.00172435,0
155001,1,2,0,0.0557261,-0.000529536,0.0018521,0
155001,285,2005,158.249,0.128185,-0.000960636,0.117152,0
160001,1,2,0,0.0549179,-0.000520686,0.0020247,0
165001,1,2,0,0.0570708,-0.000520686,0.00329949,0
170001,1,2,0,0.0547851,-0.000497134,0.00147532,0
175001,1,2,0,0.0549589,-0.000497134,0.00242684,0
180001,1,2,0,0.0570367,-0.000497134,0.00522191,0
180001,2413,8922,184.407,0.0547352,0.0664974,0.0193311,0
185001,1,2,0,0.0557334,-0.000497134,0.00452581,0
185001,4118,6932,186.373,0.167422,0.000207833,0.102421,0
190001,1,2,0,0.0546898,-0.00048949,0.00102577,0
195001,1,2,0,0.055824,-0.00048949,0.00174982,0
200001,1,2,0,0.0567429,-0.000508853,0.0031275,0
200001,3777,NA,189.815,0.00271018,-0.0609437,0.156975,0
200001,5436,NA,190.611,0.280704,-0.0397617,0.000560495,0
205001,1,2,0,0.0570912,-0.000508853,0.00470837,0
205001,1700,NA,192.028,0.0755978,0.00904857,0.290275,0
210001,1,2,0,0.0558764,-0.000508853,0.00296034,0
215001,1,2,0,0.0554801,-0.000336234,0.00462916,0
220001,1,2,0,0.0534004,-0.000214562,0.00346504,0
220001,157,9467,172.339,0.00616961,0.137863,0.172816,0
225001,1,2,0,0.0527408,-0.000214562,0.00376946,0
225001,2936,NA,185.76,0.151964,0.017587,0.232339,0
230001,1,2,0,0.0530878,-0.000214562,0.00291509,0
235001,1,2,0,0.0524983,-0.000214562,0.00189993,0
240001,1,2,0,0.0519931,-8.26079e-05,0.00298631,0
240001,740,1772,153.952,0.181931,-0.0516657,0.0175961,0
240001,1804,NA,194.041,0.000876277,0.102816,0.0612055,0
245001,1,2,0,0.0517312,-5.92183e-06,0.00333249,0
250001,1,2,0,0.0510997,1.70715e-05,0.00393906,0
255001,1,2,0,0.0529576,1.70715e-05,0.00659759,0
260001,1,2,0,0.0493026,0.000142902,0.00167686,0
260001,153,7483,186.422,0.367157,-0.0350468,0.382715,0
260001,3640,NA,192.424,0.0329582,0.00304469,0.564736,0
265001,1,2,0,0.0507975,0.000142902,0.00310492,0
270001,1,2,0,0.0486272,0.000142902,0.00054206,0
275001,1,2,0,0.0487463,0.000230679,0.00026847,0
275001,1100,9764,191.526,0.11318,-0.0237498,0.109594,0
280001,1,2,0,0.0487917,0.000230679,0.00200178,0
285001,1,2,0,0.0501408,0.000216159,0.00246079,0
285001,4925,NA,185.009,0.126958,-0.0984934,0.106393,0
285001,2838,NA,193.199,0.144662,0.00167132,0.14012,0
290001,1,2,0,0.0490427,0.000226414,0.00378148,0
290001,134,NA,183.38,0.0197873,0.0833097,0.1203,0
295001,1,2,0,0.0490838,0.000226414,0.00130052,0
300001,1,2,0,0.0476025,0.000226414,0.000291712,0
300001,1734,NA,184.283,0.216021,-0.0645746,0.107784,0
300001,897,8778,191.646,0.489827,0.00859281,0.0588325,0
305001,1,2,0,0.0457423,0.0005043,0.00193615,0
310001,1,2,0,0.0471573,0.0005043,0.00239061,0
310001,2115,6114,184.044,0.407883,-0.0529959,0.188389,0
315001,1,2,0,0.0462465,0.000465886,0.00113226,0
320001,1,2,0,0.0458835,0.000465886,0.00156724,0
320001,4202,NA,195.451,0.108,0.0686512,0.0872985,0
325001,1,2,0,0.0478468,0.00040607,0.00313941,0
325001,1687,NA,192.514,0.101447,0.0974382,0.240408,0
325001,80,NA,168.537,0.083613,-0.0544381,0.17911,0
330001,1,2,0,0.0469933,0.00040607,0.00195243,0
335001,1,2,0,0.0475154,0.00040607,0.00115592,0
335001,4309,9076,193.934,0.255654,-0.00337438,0.12745,0
340001,1,2,0,0.046832,0.00040607,0.000582261,0
345001,1,2,0,0.0475044,0.00040607,0.00155463,0
350001,1,2,0,0.0487399,0.000310804,0.00118403,0
350001,1115,NA,193.918,0.226688,-0.0318051,0.20105,0
355001,1,2,0,0.0482215,0.000310804,0.000643103,0
360001,1,2,0,0.0481357,0.000310804,0.000734092,0
365001,1,2,0,0.0489622,0.000310804,0.00337191,0
370001,1,2,0,0.0484555,0.000310804,0.00257883,0
375001,1,2,0,0.048475,0.000339941,0.00210895,0
380001,1,2,0,0.0483367,0.000215681,0.000771755,0
385001,1,2,0,0.0486314,0.000215681,0.00131893,0
390001,1,2,0,0.04922,0.000131171,0.000517135,0
390001,2415,NA,185.057,0.0123379,-0.0570454,0.431228,0
395001,1,2,0,0.0495546,0.000149048,0.000486588,0
400001,1,2,0,0.0490693,0.000223059,0.00206349,0
400001,6576,NA,188.889,0.18817,-0.00195316,0.169598,0
405001,1,2,0,0.0496672,0.000251798,0.00464133,0
410001,1,2,0,0.0471283,0.000378162,0.00166092,0
415001,1,2,0,0.0463394,0.00038081,4.59978e-05,0
415001,633,9171,193.114,0.459114,-0.0195666,0.311504,0
420001,1,2,0,0.0481931,0.00038081,0.00354058,0
425001,1,2,0,0.0476251,0.00038081,0.00226831,0
430001,1,2,0,0.04879,0.000481671,0.00485194,0
435001,1,2,0,0.0460602,0.000481671,0.000994736,0
440001,1,2,0,0.0463659,0.000481671,0.00155933,0
445001,1,2,0,0.046412,0.000481671,0.000536698,0
445001,345,NA,155.113,0.318666,-0.0479027,0.198264,0
450001,1,2,0,0.0459157,0.000481671,0.000110204,0
450001,8,NA,147.336,0.055325,0.0276472,0.1777,0
455001,1,2,0,0.0463125,0.000481671,0.00145366,0
460001,1,2,0,0.0450663,0.00062004,2.41688e-05,0
465001,1,2,0,0.0458934,0.000546531,0.000853868,0
470001,1,2,0,0.0463111,0.000546531,0.00148276,0
470001,367,NA,184.208,0.0365935,0.109833,0.220041,0
470001,980,9419,190.149,0.0284698,-0.0143341,0.400163,0
475001,1,2,0,0.0463047,0.000557611,0.00300741,0
480001,1,2,0,0.0471252,0.000512966,0.00224404,0
485001,1,2,0,0.0469426,0.000512966,0.00222522,0
490001,1,2,0,0.0453131,0.000562808,0.00164444,0
495001,1,2,0,0.0455504,0.000562808,0.00140983,0
500001,1,2,0,0.0463109,0.000562808,0.000356464,0
500001,3289,7547,188.386,0.0220812,0.108171,0.202716,0
505001,1,2,0,0.0453678,0.000518204,0.000449373,0
505001,5581,NA,190.719,0.158395,-0.0461584,0.00983486,0
510001,1,2,0,0.0476072,0.000430562,0.00219136,0
515001,1,2,0,0.0467666,0.000398407,0.000906093,0
520001,1,2,0,0.046963,0.000398407,0.0015002,0
520001,202,7812,188.525,0.0526247,0.0887996,0.231963,0
525001,1,2,0,0.0483751,0.000398407,0.00287055,0
530001,1,2,0,0.0482537,0.000421834,0.00396208,0
535001,1,2,0,0.0478939,0.000328961,0.00225307,0
540001,1,2,0,0.0473816,0.00031754,0.000101225,0
545001,1,2,0,0.0486075,0.000271038,0.000123202,0
545001,95,5085,182.004,0.0422252,0.0996704,0.0887281,0
550001,1,2,0,0.0482025,0.000271038,0.00124116,0
555001,1,2,0,0.0478882,0.000269205,0.00133657,0
555001,619,7257,187.363,0.532091,-0.107291,0.287187,0
560001,1,2,0,0.0475244,0.000393644,0.000232822,0
565001,1,2,0,0.0469801,0.000393644,0.00214171,0
570001,1,2,0,0.0464192,0.00040244,0.000996801,0
575001,1,2,0,0.04708,0.00040244,0.000890316,0
580001,1,2,0,0.0458699,0.000465718,0.000446238,0
580001,625,4946,174.961,0.0352815,0.0894148,0.0673998,0
585001,1,2,0,0.0472516,0.000332288,0.000590422,0
585001,7544,NA,192.532,0.00220378,-0.119365,0.135082,0
590001,1,2,0,0.0478508,0.000332288,0.00198998,0
595001,1,2,0,0.0491643,0.000332288,0.00315834,0
595001,3603,NA,195.893,0.0576893,0.00666107,0.0178494,0
600001,1,2,0,0.048995,0.000191965,0.00126779,0
605001,1,2,0,0.0496546,0.000155145,0.00236464,0
605001,2914,NA,195.396,0.164251,-0.127974,0.0803156,0
610001,1,2,0,0.0494501,0.000155145,0.000519637,0
610001,1170,8013,189.685,0.126606,-0.0553593,0.220612,0
615001,1,2,0,0.0484612,0.000160219,0.00220054,0
620001,1,2,0,0.0503203,0.000119667,0.00267116,0
620001,7212,NA,191.379,0.274261,-0.0019151,0.00674106,0
625001,1,2,0,0.0532473,-5.25448e-05,0.00522743,0
625001,253,7749,142.533,0.044176,0.0210487,0.100103,0
625001,942,NA,190.228,0.0941369,0.0377525,0.309327,0
630001,1,2,0,0.0517903,-5.25448e-05,0.00179601,0
635001,1,2,0,0.0530152,-0.000110204,0.00340379,0
640001,1,2,0,0.0509969,-0.000110204,0.00128635,0
645001,1,2,0,0.0529641,-0.000200257,0.00144254,0
645001,1661,4989,181.431,0.199781,0.0303487,0.0924638,0
650001,1,2,0,0.0530092,-0.000200257,0.00289062,0
650001,380,NA,184.871,0.356976,-0.103887,0.268566,0
650001,5952,7872,190.104,0.474049,-0.119043,0.0278599,0
655001,1,2,0,0.0533212,-0.000200257,0.00343113,0
660001,1,2,0,0.0541507,-0.000268351,0.0023435,0
665001,1,2,0,0.0533817,-0.000268351,0.00159467,0
670001,1,2,0,0.0547675,-0.000268351,0.00454781,0
675001,1,2,0,0.0538186,-0.000311279,0.00315502,0
675001,2106,6500,185.887,0.268013,-0.0611051,0.0429858,0
675001,429,NA,174.443,0.0169714,0.00602683,0.0752753,0
680001,1,2,0,0.0546387,-0.000311279,0.00528433,0
680001,829,4982,176.788,0.14044,-0.00580771,0.104188,0
680001,1650,NA,183.623,0.0435192,0.0735447,0.106716,0
685001,1,2,0,0.0541543,-0.000256398,0.00324325,0
685001,1382,NA,189.595,0.0211431,-0.0435865,0.172203,0
690001,1,2,0,0.0550124,-0.000256398,0.00445581,0
695001,1,2,0,0.0565738,-0.000347749,0.00589427,0
700001,1,2,0,0.057585,-0.000347749,0.00620513,0
705001,1,2,0,0.0544747,-0.000347749,0.00305138,0
710001,1,2,0,0.0537844,-0.000347749,0.00200456,0
715001,1,2,0,0.0571591,-0.000213951,0.00842687,0
720001,1,2,0,0.0521951,-0.000168559,0.0019008,0
725001,1,2,0,0.0537876,-0.000234165,0.00255285,0
725001,296,9354,192.19,0.0295071,-0.0290777,0.0304428,0
730001,1,2,0,0.0544951,-0.000234165,0.00439425,0
735001,1,2,0,0.0530354,-0.000234165,0.00251612,0
740001,1,2,0,0.053137,-0.000234165,0.00215266,0
740001,3551,5553,183.066,0.291903,-0.0578054,0.120453,0
745001,1,2,0,0.0528309,-0.000120278,0.00377824,0
750001,1,2,0,0.0520335,-0.000120278,0.00181151,0
755001,1,2,0,0.052186,-0.000120278,0.00213143,0
755001,1635,9697,187.526,0.0155795,0.0541378,0.374654,0
760001,1,2,0,0.0509717,-0.000120278,0.000204189,0
765001,1,2,0,0.0524689,-0.000120278,0.00213373,0
765001,3211,6431,182.092,0.323345,-0.0645179,0.0640667,0
770001,1,2,0,0.053578,-0.000120278,0.00385798,0
775001,1,2,0,0.0511753,-3.29118e-05,0.0013733,0
780001,1,2,0,0.0521376,-4.35279e-05,0.00400105,0
785001,1,2,0,0.0499806,-4.35279e-05,0.00126654,0
790001,1,2,0,0.0523037,-4.35279e-05,0.00366087,0
790001,2958,9011,182.769,0.0811376,0.0755996,0.0632733,0
795001,1,2,0,0.050908,-4.35279e-05,0.000238413,0
800001,1,2,0,0.0504937,-4.35279e-05,0.000755178,0
805001,1,2,0,0.0524606,-4.35279e-05,0.00387631,0
810001,1,2,0,0.0507612,-4.35279e-05,0.00144047,0
810001,3,NA,88.1991,0.0495587,-0.0351018,0.0295615,0
815001,1,2,0,0.050233,-2.17265e-05,0.00183983,0
820001,1,2,0,0.052664,-2.17265e-05,0.00479801,0
820001,1344,4976,182.989,0.114293,-0.0466527,0.154018,0
825001,1,2,0,0.0530666,-8.17685e-05,0.004316,0
830001,1,2,0,0.0538901,-0.000181756,0.00567737,0
830001,3,NA,159.57,0.0495217,-0.0141918,0.209178,0
835001,1,2,0,0.0519173,-0.000181756,0.000798846,0
840001,1,2,0,0.0532015,-0.000181756,0.0033243,0
845001,1,2,0,0.0536487,-0.000181756,0.00291973,0
850001,1,2,0,0.0533428,-0.000181756,0.0039482,0
855001,1,2,0,0.053788,-0.000181756,0.00433588,0
860001,1,2,0,0.053365,-0.000181756,0.00287569,0
865001,1,2,0,0.0524039,-0.000181756,0.00181387,0
870001,1,2,0,0.0529758,-0.000241051,0.00309119,0
875001,1,2,0,0.0541343,-0.000241051,0.00511224,0
875001,2918,NA,193.02,0.0101093,-0.0915363,0.168772,0
880001,1,2,0,0.0526717,-0.000181456,0.00188964,0
880001,2134,4513,177.687,0.198545,-0.0789287,0.00936981,0
885001,1,2,0,0.0526519,-0.000117818,0.00254372,0
890001,1,2,0,0.0526259,-0.000117818,0.0036407,0
895001,1,2,0,0.0539686,-0.000277073,0.00340997,0
900001,1,2,0,0.0538389,-0.000277073,0.00380251,0
900001,1396,NA,183.225,0.253168,-0.0345344,0.00066016,0
905001,1,2,0,0.0558861,-0.000277073,0.00587616,0
905001,3032,NA,193.668,0.0512823,0.167063,0.318451,0
910001,1,2,0,0.0540211,-0.000277073,0.00194559,0
910001,600,NA,173.895,0.0459489,-0.0953544,0.0953319,0
910001,1688,NA,176.78,0.0659502,0.0674994,0.170543,0
915001,1,2,0,0.0545282,-0.000277073,0.00283551,0
920001,1,2,0,0.0558543,-0.000298445,0.00315381,0
925001,1,2,0,0.0534089,-0.000298445,0.000620726,0
925001,4049,NA,191.351,0.0660976,0.00331625,0.212868,0
930001,1,2,0,0.0535553,-0.000211173,0.00179715,0
935001,1,2,0,0.0558249,-0.000247381,0.00626203,0
940001,1,2,0,0.0544193,-0.000247381,0.00511302,0
945001,1,2,0,0.0536248,-0.000247381,0.00321225,0
950001,1,2,0,0.0533597,-0.000247381,0.00432562,0
955001,1,2,0,0.0533995,-0.000247381,0.00255817,0
960001,1,2,0,0.0514543,-0.000136405,0.00106305,0
965001,1,2,0,0.0523107,-0.000136405,0.00199718,0
970001,1,2,0,0.0509975,-0.000136405,0.000292634,0
975001,1,2,0,0.0547028,-0.000145575,0.00629302,0
975001,2895,NA,187.13,0.387837,-0.113617,0.232541,0
975001,203,NA,195.518,0.0642697,-0.0871272,0.587811,0
980001,1,2,0,0.0529999,-0.000145575,0.00304906,0
985001,1,2,0,0.0550417,-0.000235753,0.00526628,0
985001,2115,6114,182.423,0.0186087,0.159009,0.0534955,0
990001,1,2,0,0.0524475,-0.000235753,0.000591129,0
995001,1,2,0,0.0553495,-0.000159762,0.00722861,0
1000001,1,2,0,0.0525522,-0.000159762,0.00298137,0
1005001,1,2,0,0.0552357,-0.000159762,0.00638178,0
1010001,1,2,0,0.0538954,-0.000104222,0.00388668,0
1010001,246,NA,187.938,0.0543505,-0.0300256,0.281162,0
1010001,6534,NA,193.751,0.105033,-0.030751,0.0464598,0
1015001,1,2,0,0.053037,-0.000104222,0.0039182,0
1015001,8,NA,138.829,0.558687,-0.0889776,0.213479,0
1015001,2,NA,184.614,0.107574,-0.0276518,0.410325,0
1020001,1,2,0,0.0519325,-0.000104222,0.00198557,0
1020001,42,NA,170.368,0.107477,-0.0696357,0.110644,0
1020001,584,7593,189.065,0.388166,0.0267058,0.447351,0
1025001,1,2,0,0.0509445,-0.000154394,0.000462684,0
1030001,1,2,0,0.0519521,-0.000154394,0.00300947,0
1030001,3,NA,156.965,0.145571,-0.108088,0.209822,0
1035001,1,2,0,0.0544616,-0.000160126,0.00405709,0
1040001,1,2,0,0.0526212,-0.000160126,0.0026153,0
1040001,2614,5258,178.741,0.244487,-0.0639319,0.131114,0
1045001,1,2,0,0.0508602,-7.39519e-05,0.00115186,0
1050001,1,2,0,0.0528587,-3.61006e-05,0.00480617,0
1050001,6585,NA,191.99,0.149831,-0.0174043,0.119659,0
1050001,2966,NA,193.319,0.258617,-0.00144206,0.0319619,0
1055001,1,2,0,0.0525249,-3.61006e-05,0.00384995,0
1060001,1,2,0,0.0512202,-1.08698e-05,0.00332843,0
1065001,1,2,0,0.052191,-4.75881e-05,0.00198777,0
1070001,1,2,0,0.052164,-4.75881e-05,0.00435438,0
1075001,1,2,0,0.0514536,-4.75881e-05,0.00184725,0
1080001,1,2,0,0.0536942,-4.75881e-05,0.00621814,0
1080001,2754,7963,176.502,0.0424451,0.0097235,0.0321465,0
1085001,1,2,0,0.0507371,-4.75881e-05,0.00081763,0
1085001,377,NA,175.84,0.0826225,0.00102894,0.0124758,0
1090001,1,2,0,0.0504937,-4.75881e-05,0.00255048,0
1095001,1,2,0,0.0521843,-4.75881e-05,0.00288896,0
1095001,146,9634,178.907,0.230527,-0.104921,0.15972,0
1100001,1,2,0,0.0509839,7.63408e-05,0.00333743,0
1100001,1047,9539,156.164,0.186695,-0.041545,0.14459,0
1105001,1,2,0,0.0493243,0.000183235,0.00286522,0
1105001,2601,8763,192.52,0.455728,-0.0576426,0.0186261,0
1110001,1,2,0,0.0492759,0.000183235,0.00236809,0
1115001,1,2,0,0.051099,0.000183235,0.0039692,0
1115001,186,NA,192.685,0.229157,0.144627,0.33806,0
1120001,1,2,0,0.049622,0.000183235,0.00180637,0
1120001,6855,NA,195.335,0.0818019,0.0821432,0.385631,0
1125001,1,2,0,0.0511797,0.00011361,0.00359514,0
1125001,635,NA,192.781,0.1411,0.00633389,0.538335,0
1130001,1,2,0,0.0495572,-6.76159e-07,0.00043918,0
1130001,280,NA,188.622,0.0351395,-0.114804,0.259453,0
1135001,1,2,0,0.0505618,-6.76159e-07,0.00102941,0
1135001,580,7702,188.408,0.270451,-0.049133,0.50666,0
1140001,1,2,0,0.0532772,-0.000126517,0.00341037,0
1145001,1,2,0,0.0544106,-0.000126517,0.00633801,0
1150001,1,2,0,0.0527196,-0.000245772,0.00270396,0
1150001,2958,9011,192.279,0.525917,0.0641866,0.00279852,0
1155001,1,2,0,0.0520859,-0.000245772,0.00160747,0
1160001,1,2,0,0.0545289,-0.000245772,0.00463223,0
1160001,140,NA,190.813,0.0434925,-0.00867256,0.18807,0
1165001,1,2,0,0.0519643,-0.000245772,0.000223288,0
1170001,1,2,0,0.0533204,-0.000245772,0.00278278,0
1170001,5646,8233,192.339,0.0666412,-0.0515566,0.032934,0
1170001,5494,6048,185.809,0.189449,-0.0964374,0.0147058,0
1175001,1,2,0,0.053706,-0.000185841,0.00461506,0
1180001,1,2,0,0.052735,-9.55929e-05,0.00400913,0
1185001,1,2,0,0.0516922,-9.55929e-05,0.00183188,0
1190001,1,2,0,0.0526701,-4.07174e-05,0.00448964,0
1195001,1,2,0,0.0540192,-0.000174415,0.00336477,0
1200001,1,2,0,0.0524751,-0.000190045,0.00169642,0
1200001,932,7486,185.21,0.132224,0.0491281,0.100261,0
1200001,775,NA,180.391,0.179815,-0.0396006,0.10662,0
1205001,1,2,0,0.0526573,-0.000190045,0.00292617,0
1205001,5837,9633,192.432,0.0558979,-0.0881507,0.20943,0
1210001,1,2,0,0.0515147,-7.47987e-05,0.00286988,0
1215001,1,2,0,0.0514965,-7.47987e-05,0.00221919,0
1220001,1,2,0,0.0519558,-2.51885e-05,0.00275232,0
1220001,3608,NA,193.203,0.0811979,0.0261405,0.104943,0
1225001,1,2,0,0.0524945,-0.00020006,0.00150665,0
1225001,258,NA,162.223,0.458944,-0.0957072,0.147681,0
1230001,1,2,0,0.0534507,-0.00020006,0.00364311,0
1230001,7331,NA,191.715,0.229773,0.0777186,0.181093,0
1235001,1,2,0,0.0529438,-0.00020006,0.00215433,0
1240001,1,2,0,0.0539528,-0.00020006,0.00486597,0
1245001,1,2,0,0.053037,-0.000275647,0.00305167,0
1245001,4905,NA,193.59,0.181954,-0.0285575,0.311553,0
1245001,1177,4842,176.898,0.0873893,0.00538799,0.0707929,0
1250001,1,2,0,0.0524026,-0.000275647,0.00142057,0
1255001,1,2,0,0.057278,-0.000350388,0.00699302,0
1260001,1,2,0,0.0534135,-0.000249188,0.00506815,0
1265001,1,2,0,0.0559694,-0.000537018,0.00236349,0
1270001,1,2,0,0.0547598,-0.000451642,0.000246994,0
1275001,1,2,0,0.0584748,-0.000451642,0.00590499,0
1280001,1,2,0,0.0533903,-0.000399226,0.000650871,0
1285001,1,2,0,0.0553027,-0.000537054,0.00115517,0
1290001,1,2,0,0.0568017,-0.000537054,0.00355277,0
1295001,1,2,0,0.0574308,-0.000537054,0.00359718,0
1300001,1,2,0,0.0579349,-0.000537054,0.00470316,0
1300001,6549,NA,194.696,0.142415,-0.0743016,0.0122886,0
1300001,3796,6466,187.109,0.083824,0.031445,0.0205319,0
1305001,1,2,0,0.0595382,-0.000516368,0.0074016,0
1305001,6416,7874,191.077,0.226,-0.0352744,0.0833051,0
1305001,3417,7182,183.947,0.0700699,-0.0790557,0.0756303,0
1310001,1,2,0,0.0558269,-0.000458955,0.00334048,0
1310001,494,NA,186.159,0.0547445,-0.0460175,0.358918,0
1315001,1,2,0,0.0552203,-0.000458955,0.00229308,0
1320001,1,2,0,0.0562085,-0.000458955,0.00252664,0
1325001,1,2,0,0.0553406,-0.000455006,0.00219142,0
1330001,1,2,0,0.0553515,-0.000463208,0.00243783,0
1335001,1,2,0,0.054837,-0.000463208,0.00136281,0
1335001,1106,NA,182.341,0.0431195,0.0123182,0.146208,0
1340001,1,2,0,0.0560733,-0.000463208,0.00219213,0
1345001,1,2,0,0.0563121,-0.000463208,0.00240126,0
1345001,208,NA,172.809,0.135974,0.000454121,0.309955,0
1350001,1,2,0,0.0552409,-0.000463208,0.00205044,0
1350001,943,NA,182.808,0.0159955,0.00500288,0.0263163,0
1355001,1,2,0,0.0578803,-0.000573431,0.0038373,0
1355001,6859,NA,191.359,0.395065,-0.0438413,0.331442,0
1355001,630,6020,174.559,0.0483934,0.0622448,0.0750245,0
1360001,1,2,0,0.0582343,-0.000596543,0.00469387,0
1365001,1,2,0,0.0587178,-0.000701674,0.00396532,0
1365001,6461,7876,191.573,0.159605,0.00178294,0.00702274,0
1365001,641,NA,190.512,0.0828813,-0.0964092,0.482843,0
1370001,1,2,0,0.0582901,-0.000701674,0.00373353,0
1370001,394,NA,187.066,0.0754752,0.0103263,0.288333,0
1375001,1,2,0,0.0581327,-0.000701674,0.00267324,0
1380001,1,2,0,0.05966,-0.000701674,0.0049045,0
1380001,2427,NA,180.845,0.0411928,-0.0188307,0.0336095,0
1385001,1,2,0,0.0580599,-0.000694481,0.00399828,0
1390001,1,2,0,0.05756,-0.000672329,0.00294328,0
1395001,1,2,0,0.0542788,-0.000399027,0.00143958,0
1395001,35,NA,167.413,0.0603809,-0.00302696,0.202826,0
1400001,1,2,0,0.057041,-0.000399027,0.00479769,0
1405001,1,2,0,0.0562945,-0.000533314,0.003401,0
1410001,1,2,0,0.0566966,-0.000533314,0.00443377,0
1410001,864,7322,187.585,0.267495,-0.112278,0.233494,0
1410001,4859,NA,188.617,0.0214692,-0.0672594,0.0368581,0
1415001,1,2,0,0.055721,-0.000533314,3.44834e-05,0
1420001,1,2,0,0.0565851,-0.000517464,0.00333248,0
1420001,2256,NA,195.366,0.0959142,0.00798557,0.00325518,0
1425001,1,2,0,0.0547759,-0.000517464,0.00103496,0
1425001,64,5313,181.071,0.29779,0.00117418,0.294548,0
1430001,1,2,0,0.0571385,-0.000517464,0.00296419,0
1430001,187,NA,177.744,0.00722506,0.0810246,0.299499,0
1435001,1,2,0,0.0580471,-0.000517464,0.00634999,0
1435001,234,NA,159.362,0.0788766,-0.0113566,0.107808,0
1440001,1,2,0,0.0562519,-0.000517464,0.00283392,0
1440001,545,7083,183.246,0.222297,-0.0701685,0.197169,0
1445001,1,2,0,0.0563369,-0.000517464,0.00340645,0
1450001,1,2,0,0.0570892,-0.000517464,0.00252132,0
1450001,3834,NA,194.39,0.126223,-0.00720998,0.125663,0
1455001,1,2,0,0.0564802,-0.000353339,0.00531078,0
1460001,1,2,0,0.0527368,-0.000353339,0.000497626,0
1460001,3,NA,170.669,0.147876,0.00511804,0.630373,0
1465001,1,2,0,0.0552141,-0.000353339,0.00472614,0
1465001,5714,NA,185.817,0.074631,0.0349069,0.0340587,0
1465001,843,NA,195.064,0.63827,0.0253629,0.346046,0
1470001,1,2,0,0.0559984,-0.000353339,0.00578371,0
1470001,361,NA,170.574,0.00822347,-0.0456193,0.129463,0
1470001,1209,9535,190.823,0.281712,0.0074208,0.325797,0
1475001,1,2,0,0.0530323,-0.000253403,0.000612688,0
1480001,1,2,0,0.0528512,-0.000209792,0.0023492,0
1480001,4293,5985,184.136,0.388935,0.00933103,0.118318,0
1485001,1,2,0,0.0536469,-0.000209792,0.00426932,0
1490001,1,2,0,0.0530475,-0.000209792,0.00116875,0
1490001,4266,7240,186.417,0.216939,-0.0578633,0.275388,0
1495001,1,2,0,0.0554493,-0.000199971,0.0065097,0
1495001,3954,NA,195.69,0.16413,0.0461339,0.32229,0
1500001,1,2,0,0.0521578,-0.000199971,0.00262346,0
1500001,551,NA,180.84,0.139976,0.010469,0.508472,0
1500001,8821,NA,195.916,0.0975137,-0.00835763,0.61527,0
1505001,1,2,0,0.0537299,-6.37053e-05,0.0058548,0
1505001,827,9755,181.191,0.018775,0.00626837,0.0919893,0
1505001,2770,NA,191.445,0.0830281,-0.0604519,0.174959,0
1510001,1,2,0,0.0513261,5.1567e-05,0.00364565,0
1510001,4170,NA,195.295,0.268471,-0.0364091,0.047236,0
1510001,8,NA,167.425,0.159272,-0.021221,0.311402,0
1515001,1,2,0,0.0508618,5.1567e-05,0.00219286,0
1515001,8443,NA,195.807,0.088863,-0.0126313,0.277006,0
1520001,1,2,0,0.0518836,5.1567e-05,0.00315272,0
1520001,4379,8341,180.581,0.152892,-0.0227674,0.00956937,0
1525001,1,2,0,0.0525317,-0.000107366,0.00291742,0
1525001,3797,5349,183.919,0.298311,-0.100095,0.0944075,0
1530001,1,2,0,0.0511639,-0.000161477,0.000575303,0
1535001,1,2,0,0.0528038,-0.000161477,0.00482072,0
1535001,482,NA,195.738,0.135385,-0.162742,0.117865,0
1540001,1,2,0,0.0525574,-0.000161477,0.00406656,0
1545001,1,2,0,0.0531875,-0.000185739,0.00411067,0
1550001,1,2,0,0.0533301,-0.000185739,0.00373158,0
1555001,1,2,0,0.0548153,-0.000185739,0.00617115,0
1555001,2596,7221,186.452,0.10809,-0.00469236,0.0362189,0
1560001,1,2,0,0.0524095,-0.000185739,0.00184995,0
1560001,3,NA,106.922,0.129443,-0.0716412,0.0703599,0
1565001,1,2,0,0.0536896,-0.000185739,0.00384388,0
1565001,186,6938,187.926,0.367934,0.0625518,0.497293,0
1565001,4326,NA,191.105,0.130905,0.0570464,0.0896571,0
1570001,1,2,0,0.0526686,-0.000185739,0.00274578,0
1575001,1,2,0,0.0549992,-0.000392546,0.00330916,0
1580001,1,2,0,0.055222,-0.00047698,0.00179169,0
1580001,7619,NA,194.42,0.143135,-0.0111323,0.160991,0
1585001,1,2,0,0.0560058,-0.000483331,0.00224341,0
1590001,1,2,0,0.0541345,-0.000483331,0.00165248,0
1590001,2589,NA,195.937,0.583058,-0.00107471,0.188133,0
1595001,1,2,0,0.0550325,-0.000483331,0.000632793,0
1595001,1087,NA,189.173,0.0191887,-0.176939,0.20457,0
1600001,1,2,0,0.056238,-0.000483331,0.00437792,0
1605001,1,2,0,0.0573832,-0.000483331,0.00464972,0
1610001,1,2,0,0.0558036,-0.000474807,0.00245518,0
1615001,1,2,0,0.0583327,-0.000572621,0.00573482,0
1615001,53,7579,143.802,0.519078,-0.0223183,0.338161,0
1620001,1,2,0,0.0583231,-0.000572621,0.00411821,0
1620001,371,NA,189.531,0.261831,-0.128535,0.205352,0
1625001,1,2,0,0.0589803,-0.000572621,0.00653922,0
1630001,1,2,0,0.0572566,-0.000572621,0.00338225,0
1635001,1,2,0,0.0571651,-0.000458776,0.00435801,0
1640001,1,2,0,0.0568003,-0.000458776,0.00487497,0
1645001,1,2,0,0.0566506,-0.000458776,0.00494911,0
1650001,1,2,0,0.0553552,-0.000458776,0.00182817,0
1655001,1,2,0,0.0562064,-0.000475367,0.00402356,0
1655001,2284,5644,182.553,0.0711916,0.0228768,0.023798,0
1660001,1,2,0,0.0531288,-0.000329756,0.00146242,0
1665001,1,2,0,0.0532345,-0.000329756,0.00114682,0
1665001,2761,NA,181.475,0.00233436,0.211543,0.0866831,0
1670001,1,2,0,0.0556571,-0.000257032,0.00541348,0
1675001,1,2,0,0.0535379,-0.000257032,0.00248904,0
1675001,1846,NA,194.498,0.00419568,-0.0386683,0.546167,0
1680001,1,2,0,0.0536846,-0.000231701,0.00300692,0
1685001,1,2,0,0.0552046,-0.000259384,0.00538403,0
1690001,1,2,0,0.0553285,-0.000259384,0.00608634,0
1695001,1,2,0,0.0530898,-0.000259384,0.00167459,0
1695001,39,9632,178.687,0.104752,-0.0184329,0.353483,0
1695001,30,6494,165.269,0.150271,-0.0069224,0.260647,0
1700001,1,2,0,0.0531931,-0.000259384,0.0025201,0
1705001,1,2,0,0.0540575,-0.000259384,0.00461676,0
1710001,1,2,0,0.0559254,-0.000259384,0.00743259,0
1715001,1,2,0,0.0532467,-0.000259384,0.00273798,0
1720001,1,2,0,0.0531646,-0.000259384,0.00271065,0
1725001,1,2,0,0.0522974,-0.000115377,0.00453938,0
1730001,1,2,0,0.0523855,-0.000115377,0.00288399,0
1735001,1,2,0,0.0537916,-0.000154795,0.0043696,0
1740001,1,2,0,0.0518943,-9.49788e-05,0.00370258,0
1740001,4514,8223,192.212,0.0876962,-0.0861376,0.106021,0
1745001,1,2,0,0.051553,-9.49788e-05,0.000291633,0
1750001,1,2,0,0.0513622,-9.49788e-05,0.00114651,0
1755001,1,2,0,0.0539103,-0.000181537,0.00510411,0
1760001,1,2,0,0.0527926,-0.000181537,0.00281003,0
1760001,7700,NA,195.3,0.540465,-0.0649776,0.047668,0
1765001,1,2,0,0.0542149,-0.000243703,0.00373817,0
1770001,1,2,0,0.0534955,-0.000285376,0.00189379,0
1775001,1,2,0,0.0548768,-0.000285376,0.00253089,0
1775001,286,3544,175.052,0.202995,-0.0879193,0.0852554,0
1780001,1,2,0,0.0546176,-0.000330464,0.0018684,0
1785001,1,2,0,0.0549374,-0.000330464,0.00495011,0
1790001,1,2,0,0.0552087,-0.000343592,0.00333549,0
1795001,1,2,0,0.0555889,-0.000439998,0.00207862,0
1800001,1,2,0,0.0570419,-0.000439998,0.00498079,0
1805001,1,2,0,0.0548418,-0.000439998,0.00254101,0
1810001,1,2,0,0.0548091,-0.000439998,0.00214991,0
1815001,1,2,0,0.0541276,-0.000439998,0.00113646,0
1815001,1506,NA,186.453,0.560536,0.0039128,0.779596,0
1820001,1,2,0,0.0550878,-0.000439998,0.00295888,0
1825001,1,2,0,0.0561477,-0.000439998,0.00289405,0
1825001,2958,9011,193.644,0.411358,0.0223116,0.202225,0
1830001,1,2,0,0.0561351,-0.000439998,0.00272448,0
1830001,2169,NA,195.621,0.0368374,-0.0214444,0.0292539,0
1835001,1,2,0,0.056019,-0.000444796,0.00490467,0
1840001,1,2,0,0.0551097,-0.000444796,0.00159564,0
1845001,1,2,0,0.0528985,-0.000279428,0.00268985,0
1850001,1,2,0,0.0540109,-0.000279428,0.00300986,0
1855001,1,2,0,0.0539344,-0.000266863,0.00277893,0
1860001,1,2,0,0.0541426,-0.000323164,0.00195564,0
1865001,1,2,0,0.0551113,-0.000323164,0.00407767,0
1865001,1104,NA,181.61,0.0411768,-0.0994449,0.125911,0
1870001,1,2,0,0.0562797,-0.000323164,0.00696911,0
1870001,555,NA,189.897,0.0255486,0.0720531,0.180714,0
1875001,1,2,0,0.0559935,-0.000323164,0.00479234,0
1880001,1,2,0,0.0543108,-0.000323164,0.00167925,0
1885001,1,2,0,0.0548692,-0.000323164,0.00257485,0
1885001,4235,9398,193.379,0.106463,-0.0458126,0.101241,0
1890001,1,2,0,0.0532385,-0.000323164,0.00102282,0
1890001,495,NA,195.776,0.4607,0.0613203,0.202737,0
1890001,584,7593,176.824,0.496885,-0.084028,0.0193606,0
1895001,1,2,0,0.0540435,-0.000315386,0.00281232,0
1895001,3876,NA,194.796,0.279102,-0.0890531,0.315421,0
1895001,333,8831,181.582,0.0812961,0.0124834,0.31198,0
1900001,1,2,0,0.0548742,-0.000346571,0.00397972,0
1905001,1,2,0,0.0534446,-0.000346571,0.00103788,0
1910001,1,2,0,0.0562886,-0.000346571,0.00402919,0
1910001,954,NA,152.742,0.0944158,-0.00930751,0.0612691,0
1915001,1,2,0,0.0552721,-0.000346571,0.00382,0
1920001,1,2,0,0.0549099,-0.000346571,0.00373929,0
1925001,1,2,0,0.0541247,-0.000346571,0.00121465,0
1930001,1,2,0,0.0556534,-0.000346571,0.00351093,0
1930001,7575,9314,194.797,0.429904,-0.0314754,0.00790576,0
1930001,1831,3992,171.509,0.106877,-0.0364108,0.0731421,0
1935001,1,2,0,0.0548861,-0.00040094,0.00241876,0
1940001,1,2,0,0.055698,-0.00040094,0.00421677,0
1945001,1,2,0,0.0558524,-0.00040094,0.0045687,0
1950001,1,2,0,0.0576486,-0.000479936,0.0077361,0
1955001,1,2,0,0.057365,-0.000479936,0.00513398,0
1960001,1,2,0,0.0578862,-0.000552698,0.00407402,0
1960001,1176,7857,179.604,0.131381,-0.0650808,0.033686,0
1960001,1121,NA,187.629,0.0198102,0.0658359,0.234937,0
1965001,1,2,0,0.0566585,-0.000552698,0.00241158,0
1970001,1,2,0,0.0581747,-0.000552698,0.00583828,0
1975001,1,2,0,0.05832,-0.000582037,0.00415911,0
1975001,3192,9244,193.358,0.334841,-0.0184541,0.333022,0
1975001,4909,NA,191.12,0.06504,-0.108972,0.155843,0
1980001,1,2,0,0.0565281,-0.000582037,0.00259695,0
1985001,1,2,0,0.0577334,-0.000582037,0.0040995,0
1990001,1,2,0,0.0552165,-0.000582037,0.000777079,0
1995001,1,2,0,0.0577444,-0.000582037,0.00557034,0
1995001,1560,2457,166.99,0.375695,-0.113124,0.0345005,0
2000001,1,2,0,0.0579113,-0.000582037,0.00401537,0
2000001,1224,NA,157.252,0.095509,-0.0247382,0.0356786,0
2005001,1,2,0,0.0595549,-0.000727506,0.00549484,0
2010001,1,2,0,0.0588439,-0.000727506,0.00355408,0
2015001,1,2,0,0.0594687,-0.000516844,0.00838889,0
2020001,1,2,0,0.0556036,-0.000516844,0.00129962,0
2025001,1,2,0,0.058357,-0.000516844,0.00514515,0
2030001,1,2,0,0.0557561,-0.000516844,0.00299547,0
2030001,3393,NA,194.37,0.103686,-0.011288,0.0308982,0
2035001,1,2,0,0.0561119,-0.000318378,0.00628133,0
2040001,1,2,0,0.0530748,-0.000318378,0.00250155,0
2045001,1,2,0,0.0560762,-0.000499421,0.00213404,0
2050001,1,2,0,0.058275,-0.000585548,0.00448922,0
2055001,1,2,0,0.0574339,-0.000676219,0.00253494,0
2060001,1,2,0,0.0589892,-0.000855851,0.00245354,0
2065001,1,2,0,0.0613699,-0.000855851,0.00430762,0
2070001,1,2,0,0.0619265,-0.000855851,0.0059117,0
2075001,1,2,0,0.060855,-0.000855851,0.00371564,0
2075001,2896,NA,190.516,0.0187231,0.0094004,0.121873,0
2080001,1,2,0,0.0612468,-0.000855851,0.00452408,0
2085001,1,2,0,0.06203,-0.000855851,0.00541904,0
2085001,2891,NA,190.022,0.0652476,-0.00137333,0.0808114,0
2090001,1,2,0,0.0606007,-0.000814298,0.00493487,0
2095001,1,2,0,0.0587136,-0.000694743,0.00470885,0
2100001,1,2,0,0.0598072,-0.000686938,0.00690589,0
2100001,162,NA,154.064,0.0632033,-0.118083,0.0717629,0
2100001,613,NA,195.337,0.0177758,0.0823357,0.141594,0
2100001,4366,NA,191.841,0.135904,0.0449209,0.0744377,0
2105001,1,2,0,0.0579605,-0.000686938,0.00372996,0
2105001,88,NA,186.708,0.16012,0.011348,0.508933,0
2110001,1,2,0,0.0597613,-0.000686938,0.00631117,0
2115001,1,2,0,0.0564901,-0.000631711,0.00116454,0
2120001,1,2,0,0.0607537,-0.000631711,0.00907305,0
2120001,9250,NA,195.833,0.0253277,0.0981074,0.173412,0
2125001,1,2,0,0.0596394,-0.00070652,0.00396874,0
2130001,1,2,0,0.0611261,-0.00070652,0.00768333,0
2135001,1,2,0,0.0589326,-0.00070652,0.00523268,0
2140001,1,2,0,0.0583256,-0.00070652,0.00532841,0
2145001,1,2,0,0.0598372,-0.00070652,0.00445161,0
2145001,1491,9280,194.663,0.0289699,0.0803627,0.0720835,0
2150001,1,2,0,0.0584787,-0.00070652,0.00453945,0
2150001,130,NA,193.206,0.171791,-0.117091,1.1994,0
2150001,512,NA,148.351,0.0401386,-0.136493,0.0150755,0
2155001,1,2,0,0.0578605,-0.000702562,0.00367407,0
2160001,1,2,0,0.06078,-0.000687605,0.00739663,0
2165001,1,2,0,0.0589601,-0.000687605,0.00371395,0
2170001,1,2,0,0.0562759,-0.000687605,0.00162255,0
2170001,4410,NA,195.144,0.257601,0.0214445,0.24494,0
2175001,1,2,0,0.0579646,-0.000615786,0.00403869,0
2180001,1,2,0,0.057286,-0.000615786,0.002773,0
2180001,1805,5815,183.253,0.0928319,-0.0374969,0.071475,0
2185001,1,2,0,0.0592249,-0.000615786,0.00666461,0
2190001,1,2,0,0.0592166,-0.000615786,0.00622555,0
2195001,1,2,0,0.0560116,-0.000380925,0.00361162,0
2195001,6667,NA,192.582,0.0866668,-0.0477792,0.0991303,0
2200001,1,2,0,0.0547145,-0.000380925,0.00486553,0
2205001,1,2,0,0.0544153,-0.000244281,0.00314675,0
2210001,1,2,0,0.0515386,-0.000244281,0.000930447,0
2215001,1,2,0,0.0529302,-0.000278817,0.00108346,0
2220001,1,2,0,0.0527521,-0.000122957,0.00172357,0
2220001,234,NA,183.845,0.0150138,-0.033686,0.302601,0
2225001,1,2,0,0.0523472,-0.000122957,0.00294326,0
2230001,1,2,0,0.0524974,-0.000162313,0.00305632,0
2235001,1,2,0,0.052378,-0.000194409,0.00283577,0
2235001,2869,NA,180.63,0.128628,0.00544365,0.0714304,0
2240001,1,2,0,0.0530099,-0.000194409,0.00180002,0
2245001,1,2,0,0.05132,-0.000194409,0.000248322,0
2250001,1,2,0,0.0522544,-0.000194409,0.00117913,0
2250001,6659,NA,195.822,0.126441,0.00384247,0.410909,0
2250001,1341,NA,194.959,0.14935,0.0184258,0.571684,0
2255001,1,2,0,0.0544384,-0.000228102,0.00449594,0
2255001,1578,NA,190.084,0.0148062,-0.0644672,0.0980484,0
2260001,1,2,0,0.0533981,-0.000228102,0.00338739,0
2260001,7479,NA,195.255,0.038763,0.0109993,0.0161041,0
2265001,1,2,0,0.0553308,-0.000228102,0.00531628,0
2270001,1,2,0,0.0539636,-0.000228102,0.00453042,0
2275001,1,2,0,0.053801,-0.000166983,0.00425587,0
2275001,3637,9898,176.981,0.0483627,0.0276851,0.0731501,0
2280001,1,2,0,0.0540028,-0.000166983,0.00394521,0
2285001,1,2,0,0.055451,-0.000362357,0.00502948,0
2290001,1,2,0,0.0547833,-0.000297218,0.00443892,0
2295001,1,2,0,0.0561438,-0.000267307,0.00542971,0
2295001,4304,NA,184.084,0.0854632,-0.080367,0.0861622,0
2300001,1,2,0,0.0539767,-0.000267307,0.00252436,0
2305001,1,2,0,0.0533502,-0.000267307,0.00276676,0
2310001,1,2,0,0.0534318,-0.000365499,0.00210187,0
2315001,1,2,0,0.0541602,-0.000365499,0.00325207,0
2320001,1,2,0,0.0552149,-0.000365499,0.00267951,0
2320001,2101,NA,193.407,0.273231,0.0384374,0.165648,0
2325001,1,2,0,0.0560281,-0.000365499,0.00554066,0
2325001,1629,4301,165.293,0.0145847,0.0623892,0.0316131,0
2330001,1,2,0,0.0566765,-0.000369941,0.00520661,0
2335001,1,2,0,0.051402,-9.65641e-05,0.00151946,0
2335001,1001,8976,169.715,0.0637417,-0.0511905,0.083909,0
2340001,1,2,0,0.0516652,-0.000133116,0.0019088,0
2345001,1,2,0,0.0527289,-0.000133116,0.00367822,0
2350001,1,2,0,0.0522133,-0.000133116,0.00274524,0
2355001,1,2,0,0.0520147,-0.000133116,0.00230469,0
2355001,3181,NA,195.462,0.0382798,0.164381,0.450746,0
2355001,3437,NA,194.677,0.163152,-0.0809373,0.606832,0
2360001,1,2,0,0.0545671,-0.000379346,0.00186191,0
2365001,1,2,0,0.0565761,-0.000379346,0.00540217,0
2370001,1,2,0,0.0549514,-0.000379346,0.00388062,0
2370001,392,1292,154.943,0.341146,-0.0297418,0.115688,0
2375001,1,2,0,0.054999,-0.000379346,0.002835,0
2380001,1,2,0,0.0543675,-0.000379346,0.00243366,0
2385001,1,2,0,0.0544844,-0.000379346,0.00206687,0
2390001,1,2,0,0.0572589,-0.000379346,0.00731058,0
2395001,1,2,0,0.0541556,-0.000428346,0.00101913,0
2395001,96,NA,181.589,0.0378384,-0.0578978,0.0935635,0
2400001,1,2,0,0.0569552,-0.000428346,0.00516797,0
2400001,2387,NA,192.844,0.0302093,-0.0579715,0.188212,0
2400001,1678,NA,167.064,0.0172823,-0.00636678,0.0723774,0
2405001,1,2,0,0.0546303,-0.000428346,0.00128409,0
2410001,1,2,0,0.0555952,-0.000547454,0.00117638,0
2410001,2623,NA,195.166,0.0903145,-0.0311376,0.489713,0
2415001,1,2,0,0.0551333,-0.000452479,0.00307761,0
2415001,4402,9303,183.026,0.294581,0.0844141,0.213702,0
2420001,1,2,0,0.0559479,-0.000460388,0.00453563,0
2425001,1,2,0,0.0563227,-0.000460388,0.00241089,0
2430001,1,2,0,0.0600889,-0.000628368,0.00782328,0
2435001,1,2,0,0.0595516,-0.00071449,0.00363298,0
2440001,1,2,0,0.0607,-0.000732038,0.0056698,0
2445001,1,2,0,0.0599157,-0.00077987,0.00422249,0
2445001,1676,NA,185.196,0.156086,0.0263722,0.0978267,0
2450001,1,2,0,0.0598433,-0.00077987,0.00343096,0
2450001,2647,6023,182.693,0.235004,0.0177254,0.0943319,0
2455001,1,2,0,0.0585747,-0.00077987,0.00190854,0
2460001,1,2,0,0.0614944,-0.00077987,0.00653614,0
2465001,1,2,0,0.0579335,-0.000676497,0.00197459,0
2465001,1442,NA,194.511,0.117268,0.067407,0.149839,0
2470001,1,2,0,0.0591059,-0.000693347,0.00474633,0
2475001,1,2,0,0.0576635,-0.000664222,0.00304985,0
2475001,1987,3898,175.05,0.179471,0.0394267,0.192218,0
2480001,1,2,0,0.0591392,-0.000664222,0.00532383,0
2485001,1,2,0,0.055652,-0.000319659,0.00364077,0
2490001,1,2,0,0.0545046,-0.000319659,0.00501489,0
2495001,1,2,0,0.0546285,-0.000319659,0.00342144,0
2500001,1,2,0,0.0523264,-0.00020319,0.00274204,0
2505001,1,2,0,0.0547893,-0.00020319,0.00630415,0
2510001,1,2,0,0.0545259,-0.000237649,0.00567139,0
2515001,1,2,0,0.054468,-0.000237649,0.00301493,0
2515001,4267,NA,190.668,0.197784,0.0823911,0.0824603,0
2520001,1,2,0,0.053921,-0.000237649,0.00420246,0
2525001,1,2,0,0.0539884,-0.000237649,0.003929,0
2525001,5510,6723,186.734,0.173648,0.000748121,0.0818709,0
2530001,1,2,0,0.0529193,-0.000237649,0.00313971,0
2535001,1,2,0,0.0538518,-0.000237649,0.00323259,0
2540001,1,2,0,0.0540158,-0.000237649,0.00203921,0
2545001,1,2,0,0.0536311,-0.000193394,0.0028239,0
2550001,1,2,0,0.0542386,-0.000193394,0.00445569,0
2555001,1,2,0,0.0549281,-0.000193394,0.00616781,0
2560001,1,2,0,0.0565917,-0.000340345,0.0050201,0
2565001,1,2,0,0.0548993,-0.000411423,0.00393129,0
2565001,3,NA,165.786,0.265927,-0.0991181,0.383579,0
2565001,5409,NA,191.292,0.0353722,0.0850043,0.00446935,0
2570001,1,2,0,0.0547388,-0.000411423,0.00215102,0
2570001,3,NA,152.186,0.000239349,0.0447991,0.147411,0
2575001,1,2,0,0.0532139,-0.000411423,0.000503284,0
2575001,3,NA,97.588,0.622403,-0.203206,0.0641975,0
2580001,1,2,0,0.056281,-0.000414195,0.00476918,0
2580001,620,8891,192.712,0.182591,0.0280093,0.640254,0
2585001,1,2,0,0.0543204,-0.000414195,0.00142404,0
