generation,N_shifts,logPrior,logLik,eventRate,acceptRate
1,0,-620.341,-305478,1,0
5001,32,40.04,-21764.8,0.289087,0.365
10001,46,270.108,-17860.7,0.0479909,0.3424
15001,69,671.063,-14351.5,1.93086,0.3542
20001,76,784.971,-13038.8,0.293916,0.3444
25001,80,847.172,-12096,0.240186,0.3342
30001,83,898.285,-11456,0.895836,0.3204
35001,85,913.951,-10394.3,0.0870921,0.318
40001,91,1026.98,-9916.6,0.064204,0.3238
45001,92,1026.84,-9630.57,0.45257,0.3058
50001,90,994.104,-9356.86,0.0314381,0.3002
55001,89,981.7,-9269.87,0.0865927,0.2912
60001,87,950.033,-9205.89,0.717296,0.2938
65001,87,945.712,-9145,1.50041,0.2862
70001,87,945.386,-9101.83,0.00619184,0.2764
75001,87,941.207,-9096.18,2.73318,0.292
80001,86,925.111,-9068.81,0.00871567,0.2846
85001,87,943.865,-9017.11,0.10447,0.2878
90001,86,934.015,-8995.5,0.910692,0.2816
95001,89,986.301,-8931.09,3.37098,0.2934
100001,86,932.417,-8936.97,1.2374,0.3002
105001,87,946.964,-8922.93,0.0631932,0.2858
110001,87,965.29,-8906.47,1.39346,0.2748
115001,86,953.083,-8903.89,0.833008,0.287
120001,86,942.521,-8915.85,0.0971494,0.2962
125001,85,936.638,-8908.92,1.64962,0.288
130001,85,938.957,-8901.65,0.195673,0.3032
135001,86,952.632,-8822.86,0.0240524,0.2994
140001,87,979.635,-8802.9,0.842897,0.2974
145001,88,988.469,-8751.35,1.30098,0.3034
150001,88,991.596,-8752.4,0.298813,0.309
155001,88,990.41,-8733.05,0.488977,0.2974
160001,89,1009.58,-8715.91,1.481,0.3134
165001,88,1001.8,-8716.09,0.490345,0.3066
170001,87,972.098,-8719.19,2.33555,0.2992
175001,87,983.942,-8715.47,2.88802,0.3016
180001,88,1004.47,-8684.18,0.115256,0.3052
185001,87,989.574,-8691.14,0.40495,0.296
190001,88,999.463,-8652.07,0.259094,0.3086
195001,88,991.48,-8617.24,0.237086,0.296
200001,87,976.06,-8620.18,0.841709,0.3166
205001,88,988.113,-8613.11,0.348369,0.2966
210001,89,1014.55,-8584.31,1.47088,0.2886
215001,90,1040.85,-8550.47,0.143332,0.2958
220001,90,1056.89,-8567.62,0.766246,0.3112
225001,90,1059.94,-8563.69,0.288896,0.3158
230001,89,1041.54,-8571.84,0.281799,0.3218
235001,89,1040.03,-8544.16,0.66836,0.3126
240001,90,1042.29,-8515.61,4.46709,0.3086
245001,88,1014.12,-8490.51,1.44631,0.303
250001,88,1009.91,-8469.13,1.48343,0.2986
255001,88,1007.85,-8486.34,0.558441,0.3056
260001,90,1052.08,-8480.79,0.54274,0.3152
265001,89,1018.39,-8475.61,0.0428836,0.325
270001,88,1011.1,-8475.25,0.54285,0.3154
275001,89,1019.27,-8482.75,0.0789796,0.3146
280001,88,1010.38,-8481.64,1.64995,0.312
285001,88,1006.37,-8486.59,0.34288,0.31
290001,87,987.592,-8481.57,0.239808,0.3286
295001,87,994.486,-8480.62,1.35286,0.3186
300001,87,991.835,-8493.35,2.32196,0.3064
305001,87,991.162,-8493.56,1.1987,0.3096
310001,85,946.559,-8473.98,2.48092,0.3194
315001,85,949.404,-8471.46,2.38036,0.3084
320001,84,938.078,-8478.19,2.1838,0.3116
325001,84,941.736,-8483.37,1.10626,0.3004
330001,84,929.464,-8481.77,0.835053,0.3114
335001,83,920.986,-8476.21,0.571235,0.3064
340001,83,915.958,-8491.94,0.325915,0.3176
345001,82,911.265,-8492.55,1.6733,0.321
350001,82,913.701,-8472.82,0.150721,0.3194
355001,82,896.516,-8487.75,0.237352,0.3102
360001,84,951.667,-8470.35,0.24328,0.32
365001,83,920.492,-8463.75,0.384278,0.3278
370001,80,876.8,-8466.22,0.523401,0.3158
375001,81,898.84,-8468.47,0.012197,0.322
380001,80,885.313,-8453.39,0.00997304,0.3178
385001,80,888.192,-8437.94,1.60182,0.3118
390001,80,885.572,-8441.76,0.391196,0.3042
395001,81,899.289,-8446.62,2.05943,0.3066
400001,81,896.64,-8462.1,2.59634,0.3148
405001,82,924.278,-8453.22,0.136387,0.3216
410001,80,878.054,-8455.35,0.597577,0.3152
415001,80,876.791,-8420.93,0.920302,0.309
420001,80,886.08,-8412.8,0.00811025,0.3152
425001,79,871.944,-8412.26,1.02307,0.3268
430001,79,859.884,-8416.66,0.579716,0.319
435001,79,859.808,-8424.83,1.2167,0.3172
440001,80,877.636,-8408.93,0.14533,0.3208
445001,81,903.006,-8406.52,2.45297,0.3314
450001,82,925.767,-8407.69,0.213756,0.3198
455001,80,895.917,-8416.22,0.279672,0.3216
460001,80,901.245,-8408.5,0.109309,0.3284
465001,80,882.041,-8426.97,0.780666,0.3322
470001,80,888.923,-8388.15,0.395049,0.327
475001,79,882.546,-8419.37,1.1787,0.3188
480001,79,865.236,-8434.35,0.521462,0.3242
485001,79,871.378,-8405.35,1.38019,0.3196
490001,80,884.832,-8424.93,0.0599012,0.3238
495001,82,931.245,-8409.85,2.15879,0.316
500001,83,949.924,-8394.02,0.841843,0.3438
505001,83,944.251,-8393.84,3.13338,0.3298
510001,82,935.501,-8406.4,0.502844,0.3214
515001,83,941.042,-8355.97,1.98828,0.3316
520001,81,909.323,-8372.23,0.432695,0.3278
525001,81,899.466,-8374.18,0.418497,0.3212
530001,81,903.1,-8349.82,0.0879744,0.3252
535001,81,911.787,-8368.53,1.35937,0.318
540001,81,908.992,-8358.65,1.59168,0.3084
545001,81,907.878,-8378.12,0.197828,0.3158
550001,81,906.327,-8358.73,0.974092,0.313
555001,81,908.973,-8353.04,2.26041,0.318
560001,81,907.82,-8368.66,0.344783,0.3138
565001,79,883.218,-8381.66,0.151876,0.3128
570001,77,847.908,-8378.28,0.393724,0.3146
575001,78,859.812,-8359.98,1.01172,0.3138
580001,78,858.948,-8375.61,0.536781,0.318
585001,77,840.636,-8372.54,1.27597,0.2982
590001,77,843.267,-8366.24,0.588202,0.321
595001,77,851.648,-8377.47,1.51078,0.305
600001,77,843.272,-8359.13,1.95008,0.304
605001,78,860.217,-8359.35,0.345679,0.3196
610001,79,887.35,-8377.67,0.239072,0.3104
615001,76,832.608,-8355.37,0.749343,0.3152
620001,76,833.04,-8344.15,0.30117,0.317
625001,74,795.988,-8346.71,0.317163,0.3198
630001,73,781.059,-8339.07,0.21714,0.3306
635001,73,781.264,-8318.7,0.818312,0.3262
640001,73,782.13,-8264.65,0.435227,0.3028
645001,73,771.064,-8277.27,1.06794,0.3224
650001,73,779.126,-8267.94,0.752306,0.3264
655001,73,765.037,-8280.8,0.431705,0.3112
660001,73,769.313,-8274.7,1.37958,0.314
665001,73,765.398,-8252.26,0.993722,0.3162
670001,75,801.722,-8273.51,0.0878173,0.3314
675001,73,775.292,-8259.18,1.54226,0.3204
680001,73,780.471,-8275.94,0.650035,0.3118
685001,73,783.129,-8272.02,0.0634079,0.3168
690001,74,805.841,-8254.35,1.74083,0.3114
695001,73,775.486,-8264.51,0.562232,0.323
700001,73,777.507,-8265.44,3.28836,0.3206
705001,73,783.564,-8261.14,1.26318,0.3098
710001,73,785.947,-8256.02,0.846599,0.3022
715001,73,789.172,-8274.65,0.665286,0.3302
720001,73,789.466,-8268,0.39067,0.3104
725001,73,788.791,-8262.71,0.342437,0.3132
730001,73,798.773,-8263.08,1.14342,0.337
735001,72,770.306,-8265.87,0.845594,0.3246
740001,72,764.112,-8281.44,1.32546,0.3196
745001,72,764.033,-8266.39,1.02686,0.3266
750001,73,784.709,-8268.68,0.589756,0.3304
755001,73,781.052,-8259.72,2.32389,0.333
760001,74,788.394,-8268.8,0.856838,0.3318
765001,75,808.38,-8255.28,0.361462,0.336
770001,76,839.092,-8272.31,1.19704,0.3336
775001,75,808.308,-8277.14,5.17479,0.3324
780001,76,829.44,-8264.01,5.73279,0.3424
785001,76,836.236,-8265.23,0.526388,0.3344
790001,76,837.664,-8261.53,0.0618011,0.332
795001,74,794.261,-8258.72,1.3718,0.3356
800001,72,744.13,-8249.71,0.586959,0.3334
805001,72,754.662,-8220.1,0.253476,0.3338
810001,73,781.215,-8197.09,0.361745,0.3336
815001,72,752.309,-8210.31,0.965637,0.3254
820001,72,767.33,-8215.8,1.02094,0.3296
825001,72,752.592,-8216.52,2.44655,0.335
830001,72,759.502,-8207.34,0.040545,0.3288
835001,72,752.054,-8224.08,0.42629,0.3246
840001,73,782.297,-8211.3,0.492569,0.3158
845001,73,778.366,-8230.16,1.19483,0.3252
850001,73,779.254,-8227.4,0.029127,0.3332
855001,72,760.066,-8218.47,2.01623,0.3364
860001,72,758.577,-8197.52,1.42069,0.3134
865001,72,760.449,-8220.31,0.00972843,0.332
870001,74,814.463,-8227.24,1.02379,0.3222
875001,73,777.975,-8222.57,1.07603,0.3328
880001,72,769.299,-8227.62,0.128255,0.325
885001,72,768.555,-8219.88,0.645331,0.3348
890001,73,790.485,-8222.1,1.27025,0.3296
895001,73,782.621,-8212.38,0.393342,0.3232
900001,73,780.399,-8221.8,0.503757,0.3434
905001,71,752.785,-8228.28,1.39082,0.3238
910001,72,766.76,-8188.34,0.250446,0.3372
915001,72,750.919,-8174.75,0.627142,0.3086
920001,73,780.817,-8163.8,0.688836,0.331
925001,73,786.524,-8148.53,0.74313,0.3472
930001,73,792.358,-8148.87,0.322524,0.3248
935001,72,767.664,-8166.7,2.63354,0.3208
940001,73,782.58,-8143.04,0.906365,0.314
945001,74,812.574,-8136.38,0.138892,0.326
950001,74,795.705,-8135.46,0.25957,0.3268
955001,73,788.308,-8118.68,0.218043,0.3382
960001,69,720.793,-8129.67,1.04201,0.339
965001,70,743.412,-8090.39,0.305265,0.3276
970001,69,716.018,-8077.86,1.16857,0.3332
975001,69,727.639,-8071.4,0.857644,0.3266
980001,69,719.421,-8071.51,0.526731,0.3234
985001,70,736.829,-8067.9,0.0202541,0.3436
990001,70,746.301,-8070.83,0.291652,0.3472
995001,69,726.736,-8081.77,0.87307,0.3262
1000001,69,720.037,-8070.3,0.142379,0.346
1005001,69,699.225,-8070.71,1.2649,0.3394
1010001,69,712.32,-8060.6,1.49572,0.316
1015001,69,714.386,-8070.31,1.50788,0.331
1020001,68,708.146,-8077.85,1.69108,0.3358
1025001,68,691.365,-8060.12,0.765057,0.326
1030001,69,707.785,-8084.57,0.222745,0.3346
1035001,69,716.495,-8067.84,0.355779,0.3426
1040001,68,696.302,-8082.1,0.426637,0.3362
1045001,67,670.758,-8072.33,0.563645,0.3338
1050001,66,645.933,-8074.2,1.75833,0.3282
1055001,66,652.806,-8086.11,0.0826726,0.3182
1060001,65,636.519,-8088.43,0.500181,0.3384
1065001,65,641.754,-8071.87,1.3036,0.3228
1070001,66,662.002,-8078.69,0.344498,0.3136
1075001,66,663.226,-8078.45,2.85138,0.3292
1080001,66,660.387,-8083.54,0.100382,0.325
1085001,66,655.136,-8067.23,1.44956,0.3216
1090001,66,657.904,-8089.06,0.699551,0.3322
1095001,66,657.501,-8079.56,0.121478,0.3358
1100001,66,652.718,-8081.75,0.453517,0.3322
1105001,66,662.244,-8102.25,1.7106,0.331
1110001,66,659.409,-8066.09,0.349094,0.3152
1115001,65,636.144,-8089.09,2.02834,0.3184
1120001,64,625.495,-8081.11,0.759504,0.327
1125001,64,625.252,-8073.04,0.597039,0.3212
1130001,64,633.811,-8078.74,0.254872,0.3226
1135001,64,613.698,-8077.33,2.41974,0.3216
1140001,64,620.767,-8066.13,1.30165,0.3144
1145001,64,611.946,-8062.4,2.46812,0.324
1150001,63,616.954,-8001.63,0.781956,0.327
1155001,64,621.624,-7988.39,0.534389,0.311
1160001,63,608.695,-7974.56,0.277376,0.316
1165001,64,625.779,-7989.45,1.89909,0.336
1170001,63,606.51,-7968.53,0.077451,0.324
1175001,61,570.19,-7962.79,1.45482,0.3218
1180001,61,562.347,-7903.17,4.25046,0.3372
1185001,61,565.745,-7907.41,2.66801,0.3188
1190001,61,559.61,-7895.35,1.78559,0.32
1195001,63,597.554,-7883.03,0.579888,0.3166
1200001,62,588.944,-7896.15,0.995789,0.3278
1205001,61,572.222,-7891.21,0.382118,0.3298
1210001,61,571.647,-7890.44,2.20714,0.3248
1215001,61,556.803,-7901.73,0.213298,0.3342
1220001,60,542.451,-7907.91,1.5468,0.3218
1225001,60,539.645,-7888.56,1.84971,0.3164
1230001,60,537.013,-7884.42,1.09363,0.328
1235001,60,542.827,-7889.62,1.09557,0.3272
1240001,60,537.91,-7903.97,0.323233,0.325
1245001,60,533.888,-7907.92,1.16653,0.3276
1250001,60,535.586,-7888.85,1.27895,0.3164
1255001,61,568.341,-7894.36,0.881607,0.3236
1260001,60,541.886,-7895.44,1.93093,0.3378
1265001,60,534.78,-7886.56,1.15936,0.3416
1270001,61,554.004,-7889.23,0.115686,0.3264
1275001,62,571.121,-7892.73,1.56001,0.3168
1280001,60,543.532,-7894.78,3.93467,0.3262
1285001,58,514.844,-7907.56,0.869731,0.3172
1290001,58,505.067,-7902.2,0.469318,0.3142
1295001,59,524.817,-7891.69,1.67964,0.3188
1300001,60,549.65,-7897.66,0.120918,0.328
1305001,59,531.336,-7904.13,0.431115,0.336
1310001,58,516.496,-7904.1,0.216397,0.3402
1315001,58,508.813,-7897.86,0.235552,0.3252
1320001,60,540.177,-7904.6,0.583028,0.3306
1325001,60,541.653,-7912.07,0.244129,0.339
1330001,59,528.704,-7912.84,0.157443,0.3368
1335001,58,502.115,-7891.09,0.107813,0.331
1340001,58,509.427,-7902.9,0.0542924,0.3204
1345001,59,518.307,-7906.23,2.82113,0.313
1350001,60,551.981,-7910.26,0.0668616,0.3288
1355001,59,530.195,-7895.14,0.410957,0.3416
1360001,59,530.113,-7897.88,0.964896,0.3206
1365001,59,520.919,-7903.71,0.0197581,0.324
1370001,58,517.525,-7901.11,1.89243,0.3326
1375001,58,519.076,-7894.99,0.0628516,0.331
1380001,59,529.575,-7891.96,0.545809,0.3182
1385001,57,484.626,-7890.06,0.439333,0.326
1390001,56,466.478,-7890.52,1.10838,0.332
1395001,57,492.599,-7897.43,1.32987,0.3142
1400001,57,489.725,-7887.97,0.136615,0.3322
1405001,57,499.144,-7876.66,0.120115,0.3166
1410001,56,477.649,-7877.9,0.85445,0.3128
1415001,55,459.316,-7880.08,1.15933,0.317
1420001,55,454.426,-7883.99,0.466338,0.3052
1425001,56,476.329,-7882.77,0.339096,0.317
1430001,56,479.686,-7888.98,0.0856029,0.3044
1435001,56,468.31,-7897.82,0.164147,0.3234
1440001,56,491.955,-7891.85,0.785076,0.3414
1445001,55,462.595,-7882.18,0.818267,0.3236
1450001,55,483.236,-7895.31,0.583624,0.3178
1455001,56,477.529,-7898.29,1.44177,0.3276
1460001,54,442.387,-7887.57,0.00684897,0.3198
1465001,56,483.154,-7895.75,1.43799,0.3112
1470001,56,488.735,-7867.18,1.07129,0.3158
1475001,57,497.137,-7805.12,0.244918,0.317
1480001,54,445.214,-7790.58,0.216964,0.3154
1485001,54,449.401,-7798.26,0.430866,0.3244
1490001,55,473.712,-7817.72,2.52116,0.3294
1495001,55,467.481,-7796.71,2.25965,0.3426
1500001,55,473.305,-7798.68,1.04902,0.345
1505001,55,467.721,-7801.08,3.88063,0.3406
1510001,55,471.081,-7794.47,0.332489,0.356
1515001,56,488.355,-7803.75,1.02392,0.3432
1520001,57,504.993,-7810.97,0.970387,0.3576
1525001,55,473.198,-7811.69,0.168585,0.3344
1530001,53,425.059,-7819.43,0.32011,0.3276
1535001,53,433.262,-7819.01,1.36788,0.3224
1540001,53,436.568,-7814.84,0.524148,0.3308
1545001,53,433.689,-7810.89,0.813205,0.3302
1550001,54,459.666,-7821.84,1.58774,0.3238
1555001,53,435.222,-7836.81,0.11653,0.322
1560001,53,432.972,-7812.71,0.320201,0.3306
1565001,54,464.066,-7813.7,0.16759,0.3434
1570001,53,431.393,-7807.67,0.151775,0.323
1575001,53,441.614,-7810.96,0.148595,0.3134
1580001,53,429.846,-7808.1,1.36085,0.3202
1585001,54,448.016,-7811.43,0.0696746,0.3256
1590001,54,443.826,-7807.19,0.657613,0.3168
1595001,54,440.184,-7804.87,0.647012,0.3326
1600001,54,444.714,-7799.42,0.321295,0.3386
1605001,54,437.31,-7807.32,0.282539,0.3218
1610001,53,425.337,-7806.52,0.686069,0.3124
1615001,53,427.764,-7796.56,0.106725,0.322
1620001,54,448.524,-7799.31,1.18789,0.3344
1625001,53,439.882,-7808.98,1.1271,0.3344
1630001,52,412.556,-7811.11,0.0242566,0.3306
1635001,52,418.095,-7819.26,1.44831,0.3216
1640001,52,404.6,-7801.96,0.108129,0.3298
1645001,53,431.754,-7799.41,2.53706,0.328
1650001,53,435.83,-7798.45,0.456672,0.3122
1655001,53,439.826,-7812.82,0.0686206,0.321
1660001,52,414.537,-7805.42,3.57665,0.3276
1665001,52,406.626,-7829.04,1.39998,0.3186
1670001,52,417.38,-7821.06,0.221138,0.3206
1675001,52,412.892,-7796.85,0.0131624,0.3164
1680001,51,394.962,-7781.52,0.376151,0.3226
1685001,52,422.543,-7766.58,0.389946,0.3306
1690001,53,439.647,-7762.95,0.124626,0.3298
1695001,53,432.977,-7770.1,0.833241,0.3444
1700001,53,438.438,-7765,0.127231,0.3438
1705001,52,412.833,-7765.01,0.498474,0.3358
1710001,52,411.195,-7751.42,0.0582158,0.327
1715001,51,389.114,-7773.89,1.49755,0.3258
1720001,51,400.322,-7757.3,0.0613113,0.3312
1725001,51,404.054,-7739.27,1.37191,0.3194
1730001,51,407.188,-7764.02,0.982141,0.3222
1735001,51,397.457,-7764.39,3.75565,0.3264
1740001,51,396.931,-7749.26,1.57342,0.3108
1745001,51,396.347,-7753.19,1.03567,0.327
1750001,51,396.793,-7743.84,0.553643,0.314
1755001,52,419.118,-7760.48,0.890428,0.334
1760001,51,400.795,-7749.58,0.714423,0.3216
1765001,51,403.993,-7760.44,0.331679,0.3232
1770001,52,410.771,-7767.93,0.896195,0.324
1775001,52,412.278,-7751.97,1.63111,0.321
1780001,51,394.522,-7760.38,2.92104,0.3222
1785001,51,394.933,-7764.79,1.88688,0.3158
1790001,50,388.998,-7764.75,0.427272,0.3248
1795001,50,385.207,-7758.52,1.51201,0.3062
1800001,50,381.931,-7769.82,0.338729,0.3058
1805001,51,402.583,-7777.22,0.546503,0.3294
1810001,52,419.639,-7774.65,0.226459,0.3296
1815001,52,415.684,-7768.39,2.53606,0.327
1820001,51,405.599,-7766.64,1.29536,0.3292
1825001,50,387.012,-7761.07,0.245202,0.3258
1830001,52,423.481,-7722.61,1.81586,0.3212
1835001,53,445.096,-7725.47,1.16046,0.3268
1840001,51,407.674,-7725.03,0.489462,0.3236
1845001,51,407.012,-7720.8,0.370519,0.322
1850001,51,394.112,-7730.32,0.307299,0.3072
1855001,51,393.461,-7710.86,0.643792,0.3212
1860001,51,402.168,-7704.02,0.323148,0.3206
1865001,52,419.907,-7701.05,0.852239,0.3148
1870001,51,403.308,-7704.12,0.623725,0.315
1875001,50,382.686,-7696.28,1.96859,0.3064
1880001,50,369.176,-7690.1,1.8786,0.3144
1885001,51,404.336,-7692.46,0.698493,0.3238
1890001,50,382.541,-7688.9,0.348572,0.3126
1895001,50,388.299,-7692.35,1.94704,0.3128
1900001,51,410.552,-7691.95,1.4187,0.313
1905001,48,346.075,-7700.51,0.00982788,0.3358
1910001,48,323.897,-7690.26,0.21321,0.3076
1915001,49,351.72,-7689.57,0.842788,0.319
1920001,49,364.277,-7687.46,0.59344,0.3184
1925001,49,362.85,-7687.88,0.180981,0.3284
1930001,49,358.337,-7688.44,0.855722,0.3202
1935001,50,382.804,-7680.97,2.72912,0.3184
1940001,49,374.015,-7687.13,0.464811,0.3412
1945001,49,370.91,-7699.59,0.870264,0.33
1950001,49,366.037,-7689.95,0.248337,0.3328
1955001,48,349.831,-7698.8,1.35669,0.3162
1960001,48,349.739,-7693.24,0.167737,0.33
1965001,48,348.211,-7700.19,1.59024,0.3262
1970001,49,366.284,-7694.2,0.334308,0.3242
1975001,48,342.814,-7704.75,0.210996,0.3146
1980001,50,392.21,-7704.91,0.409516,0.3322
1985001,48,344.26,-7697.03,1.56012,0.3286
1990001,48,352.361,-7685.49,0.502154,0.2966
1995001,48,351.477,-7690.84,1.24797,0.3144
2000001,48,334.546,-7695.73,0.181225,0.3094
2005001,48,346.856,-7684.76,0.139191,0.3216
2010001,49,354.473,-7693.62,3.8921,0.3112
2015001,48,347.758,-7685.22,1.26892,0.329
2020001,48,345.994,-7697.93,0.852537,0.3136
2025001,50,377.666,-7691.35,0.651102,0.3248
2030001,48,337.541,-7708.54,0.548082,0.3188
2035001,50,382.666,-7691.17,1.29283,0.3196
2040001,50,388.606,-7691.43,1.61047,0.327
2045001,49,355.603,-7683.99,0.162085,0.3204
2050001,48,354.876,-7696.36,0.390535,0.3278
2055001,48,345.687,-7700.37,2.1714,0.3086
2060001,50,388.085,-7685.91,0.670694,0.3256
2065001,51,395.168,-7692.63,0.586151,0.3434
2070001,49,365.588,-7697.78,0.0511493,0.3198
2075001,47,336.393,-7691.23,0.0203223,0.3228
2080001,48,348.494,-7694.11,0.586396,0.3174
2085001,47,324.397,-7699.64,2.13546,0.3082
2090001,47,332.394,-7693.42,0.302727,0.3148
2095001,47,330.243,-7684.98,0.149923,0.3144
2100001,47,333.074,-7698.47,1.70406,0.3232
2105001,48,351.236,-7694.36,0.170381,0.3196
2110001,48,353.425,-7683.31,0.814162,0.3028
2115001,47,345.235,-7691.16,1.1969,0.3254
2120001,45,302.173,-7654.69,0.510457,0.3384
2125001,46,319.379,-7646.65,1.0659,0.32
2130001,46,323.664,-7656.43,1.32191,0.3252
2135001,45,300.354,-7648.84,4.05736,0.3072
2140001,44,285.192,-7658.24,0.17837,0.3114
2145001,47,345.092,-7628.19,0.0987728,0.3094
2150001,48,351.658,-7643.65,0.21367,0.3378
2155001,47,326.05,-7638.72,0.84862,0.3328
2160001,47,342.584,-7648.7,0.475031,0.324
2165001,48,353.203,-7642.42,0.576441,0.3314
2170001,47,333.685,-7657.87,0.345712,0.3248
2175001,49,370.37,-7626.7,0.895834,0.317
2180001,49,371.363,-7647.25,3.00907,0.3256
2185001,49,368.176,-7625.67,0.961687,0.3368
2190001,47,335.689,-7646.27,0.28207,0.33
2195001,46,309.117,-7637.5,3.02118,0.3188
2200001,46,316.91,-7642.76,1.4738,0.3128
2205001,45,298.527,-7633.81,0.049614,0.3174
2210001,45,296.444,-7633.61,1.68437,0.318
2215001,45,286.134,-7640.65,1.39948,0.2982
2220001,45,292.826,-7631.68,0.948513,0.3012
2225001,45,289.486,-7644.75,1.44125,0.3164
2230001,45,289.001,-7635.09,0.141691,0.306
2235001,46,309.243,-7632.7,1.81002,0.305
2240001,45,296.279,-7645.96,1.34397,0.326
2245001,46,303.062,-7641.83,2.63438,0.3178
2250001,46,309.454,-7633.19,1.17429,0.3208
2255001,46,311.587,-7636.24,0.168527,0.3066
2260001,45,293.47,-7638.45,0.844826,0.321
2265001,45,295.765,-7639.55,0.282431,0.3046
2270001,45,297.218,-7648.21,0.19151,0.3194
2275001,45,286.577,-7643.2,4.08621,0.324
2280001,44,271.772,-7649.53,1.31293,0.3154
2285001,44,280.163,-7648.61,0.196082,0.3244
2290001,44,280.559,-7646.26,2.05108,0.3092
2295001,44,287.067,-7653.11,0.630137,0.3104
2300001,43,269.282,-7653.81,0.573846,0.3204
2305001,43,266.875,-7660.38,1.31485,0.3262
2310001,44,282.069,-7661.88,1.19484,0.3172
2315001,43,265.456,-7655.48,0.395758,0.3044
2320001,43,272.276,-7661.64,0.334829,0.3116
2325001,42,246.403,-7658.5,1.88074,0.3132
2330001,42,247.121,-7655.04,1.1686,0.3172
2335001,43,264.445,-7654,1.9493,0.3156
2340001,43,263.414,-7654.85,0.396279,0.3286
2345001,43,259.311,-7653.59,0.64925,0.3208
2350001,42,242.373,-7655.66,0.633097,0.3214
2355001,42,236.578,-7663.06,1.40283,0.3148
2360001,43,256.859,-7641.61,0.154496,0.3144
2365001,42,236.765,-7635.14,0.319457,0.3178
2370001,40,207.969,-7646.91,1.31951,0.3134
2375001,40,201.028,-7666.01,0.26354,0.2932
2380001,40,196.527,-7654.02,1.51344,0.3044
2385001,41,217.389,-7649.89,0.310394,0.2956
2390001,41,219.861,-7641.93,0.449564,0.2936
2395001,42,241.643,-7634.63,0.0308018,0.3042
2400001,41,228.744,-7651.61,0.400429,0.3002
2405001,40,200.038,-7651.8,0.298319,0.286
2410001,41,224.587,-7640.72,1.53114,0.3178
2415001,40,204.545,-7654.38,0.142602,0.3146
2420001,40,204.273,-7648.38,0.461255,0.306
2425001,41,228.759,-7655.72,0.798594,0.3002
2430001,41,227.301,-7651.86,0.384951,0.3062
2435001,40,205.273,-7656.17,1.49328,0.3014
2440001,39,189.545,-7663.53,0.192242,0.3046
2445001,38,166.674,-7653.17,1.00163,0.307
2450001,39,180.101,-7648.89,0.762025,0.2848
2455001,40,205.333,-7652.63,0.351568,0.2842
2460001,39,184.86,-7650.17,0.776682,0.2746
2465001,39,186.879,-7643.4,1.54313,0.3034
2470001,40,204.629,-7660.92,0.562284,0.285
2475001,38,167.401,-7641.77,1.06231,0.2968
2480001,39,186.458,-7648.93,0.322987,0.291
2485001,39,191.026,-7651.14,0.954853,0.2986
2490001,38,162.97,-7658.47,3.32243,0.3074
2495001,38,166.249,-7650.92,0.317697,0.2854
2500001,38,168.017,-7653.46,0.895387,0.3152
2505001,39,184.946,-7651.32,0.0990937,0.2756
2510001,38,161.363,-7648.51,0.0514835,0.3046
2515001,38,168.402,-7658.1,1.33435,0.286
2520001,39,182.665,-7653.87,0.12691,0.3016
2525001,39,189.191,-7649.35,0.665657,0.3052
2530001,39,189.986,-7649.26,0.67497,0.3094
2535001,39,192.069,-7639.15,1.48473,0.307
2540001,39,187.42,-7641.17,0.611947,0.3048
2545001,38,156.447,-7656.97,1.97163,0.3068
2550001,38,161.927,-7635.97,0.339081,0.3006
2555001,38,162.74,-7650.88,0.0600783,0.2936
2560001,38,162.407,-7655.62,0.715946,0.2938
2565001,39,183.985,-7640.24,0.236048,0.2814
2570001,39,188.431,-7647.5,1.04754,0.296
2575001,40,201.827,-7654.04,0.33672,0.2946
2580001,40,198.998,-7640.91,1.22766,0.3116
2585001,39,186.712,-7639.14,0.185516,0.3076
2590001,39,183.697,-7639.24,0.455232,0.2862
2595001,39,172.037,-7651.73,4.13319,0.2944
2600001,39,177.074,-7648.71,3.27433,0.2962
2605001,40,197.527,-7630.95,0.394261,0.3042
2610001,40,197.991,-7639.33,0.509353,0.3032
2615001,40,199.243,-7650.79,0.310184,0.3042
2620001,40,194.838,-7629.77,0.633051,0.3048
2625001,39,180.619,-7627.78,0.919516,0.2958
2630001,39,172.598,-7636.79,0.545278,0.2944
2635001,39,180.749,-7619.27,0.730542,0.287
2640001,39,183.921,-7635.37,0.263812,0.288
2645001,39,178.884,-7627.46,3.62559,0.2974
2650001,40,192.66,-7636.92,1.29394,0.3052
2655001,40,197.304,-7646.29,0.605463,0.3076
2660001,38,153.188,-7649.75,2.50208,0.2866
2665001,39,178.027,-7659.34,0.252357,0.2924
2670001,38,156.707,-7635.07,1.43002,0.2924
2675001,38,160.459,-7637.32,0.273288,0.279
2680001,39,181.839,-7640.48,0.574031,0.2976
2685001,40,196.279,-7641.46,0.415446,0.2896
2690001,41,211.454,-7639.26,1.20992,0.306
2695001,40,189.687,-7632.29,1.56708,0.3102
2700001,40,192.329,-7630.2,1.19925,0.3108
2705001,39,182.327,-7639.39,0.0636065,0.2934
2710001,39,179.988,-7631.78,0.721977,0.309
2715001,39,171.828,-7632.12,0.643466,0.2894
2720001,41,203.259,-7631.73,0.896733,0.3002
2725001,39,174.142,-7636.88,0.346132,0.31
2730001,39,177.917,-7634.53,0.25066,0.2974
2735001,39,183.514,-7635.87,0.630499,0.2966
2740001,39,177.851,-7651.43,0.657543,0.293
2745001,38,144.585,-7655.02,4.80247,0.312
2750001,38,157.315,-7642.87,0.835772,0.2848
2755001,38,157.937,-7645.57,0.303945,0.3076
2760001,38,165.638,-7637.18,0.114119,0.2888
2765001,38,167.079,-7644.42,0.873645,0.287
2770001,39,187.688,-7632.24,0.0115829,0.3078
2775001,39,181.003,-7646.37,0.2787,0.3102
2780001,38,159.975,-7649.13,1.11478,0.2948
2785001,39,176.456,-7642.38,0.516089,0.2966
2790001,40,194.765,-7643.08,0.878235,0.2964
2795001,41,217.843,-7598.96,0.580676,0.2984
2800001,41,219.767,-7612,4.50822,0.3016
2805001,43,256.106,-7599.6,0.287527,0.3144
2810001,42,239.419,-7584.19,2.32124,0.3084
2815001,41,226.522,-7577.53,0.364768,0.2976
2820001,40,210.087,-7586.71,0.0282775,0.2884
2825001,41,218.699,-7602.84,1.23034,0.2966
2830001,41,215.377,-7586.68,2.10593,0.2952
2835001,40,199.748,-7600.2,2.81533,0.3054
2840001,40,201.763,-7606.46,2.12851,0.2896
2845001,40,202.403,-7605.53,2.14906,0.3008
2850001,40,200.192,-7613.95,0.886051,0.3018
2855001,40,200.022,-7603.31,0.144609,0.298
2860001,40,195.86,-7598.39,0.000887644,0.297
2865001,39,181.49,-7604.88,0.70269,0.2976
2870001,40,202.684,-7572.23,0.0125167,0.2906
2875001,41,217.694,-7585.09,1.01109,0.3102
2880001,40,204.417,-7576.51,0.180646,0.316
2885001,40,204.56,-7561.41,0.448178,0.3092
2890001,41,226.502,-7576.76,0.206116,0.3076
2895001,39,189.482,-7561.75,0.735813,0.3112
2900001,38,166.783,-7573.7,0.421818,0.294
2905001,39,184.798,-7561.93,0.671426,0.301
2910001,39,185.692,-7564.65,1.75209,0.3056
2915001,39,186.426,-7576.93,0.321881,0.287
2920001,39,180.835,-7562.77,1.37467,0.2906
2925001,39,183.244,-7557.29,1.99221,0.2704
2930001,39,182.061,-7558.16,1.34064,0.2922
2935001,39,189.373,-7563.69,0.40394,0.3024
2940001,40,207.719,-7562.86,0.326007,0.3
2945001,41,223.733,-7555.32,1.39966,0.3088
2950001,40,205.709,-7554.17,1.27732,0.306
2955001,40,203.589,-7560.15,0.889184,0.3046
2960001,42,244.587,-7565.83,0.269668,0.3102
2965001,40,215.69,-7570.95,0.333273,0.3178
2970001,40,211.15,-7569.66,0.041961,0.3254
2975001,39,190.025,-7558.86,0.0762315,0.3188
2980001,41,227.448,-7563.23,0.647322,0.3204
2985001,39,187.717,-7558.28,0.178135,0.3162
2990001,38,169.71,-7566,0.223927,0.313
2995001,38,168.663,-7570.43,0.13496,0.2938
3000001,38,172.283,-7565.64,1.73223,0.3078
3005001,39,187.372,-7564.21,0.209021,0.3072
3010001,40,208.957,-7555.48,0.0465868,0.311
3015001,43,266.591,-7550.43,0.369369,0.3214
3020001,40,208.345,-7560.13,0.0512234,0.315
3025001,38,171.6,-7566.41,0.74542,0.3152
3030001,38,173.32,-7553.57,0.128869,0.2976
3035001,38,173.263,-7565.98,2.81326,0.289
3040001,39,192.162,-7553.08,1.99162,0.3092
3045001,38,172.349,-7556.85,0.203949,0.289
3050001,38,171.154,-7563.7,1.14169,0.3028
3055001,39,188.346,-7569.73,0.0189498,0.3102
3060001,39,190.032,-7564.49,0.165961,0.3046
3065001,37,154.804,-7564.43,0.820646,0.293
3070001,37,155.425,-7561.99,0.0981508,0.2974
3075001,37,158.894,-7570.69,0.770332,0.297
3080001,38,171.446,-7569.83,0.542393,0.301
3085001,37,153.418,-7572.65,0.3434,0.2952
3090001,37,150.121,-7566.14,0.113428,0.2958
3095001,36,135.011,-7533.8,2.65354,0.3014
3100001,37,148.795,-7531.67,3.8259,0.2958
3105001,36,126.405,-7513.7,0.0384741,0.3128
3110001,30,29.978,-7525.83,0.0236958,0.3096
3115001,28,-9.79977,-7518.18,1.60337,0.3022
3120001,28,-14.0091,-7507.26,0.289144,0.292
3125001,28,-12.9022,-7511.34,0.0442638,0.2866
3130001,29,6.52778,-7517.03,0.267306,0.2728
3135001,29,8.28652,-7506.11,2.01887,0.279
3140001,29,10.3075,-7513.76,0.557895,0.2854
3145001,31,43.107,-7498.63,3.33967,0.294
3150001,30,29.114,-7500.2,0.201662,0.302
3155001,30,20.9933,-7501.92,0.448706,0.3126
3160001,30,22.5855,-7505.89,0.827744,0.3056
3165001,31,44.3739,-7497.97,0.152693,0.2914
3170001,31,46.424,-7494.51,0.24545,0.3036
3175001,31,46.8105,-7492.16,0.118132,0.3018
3180001,29,10.3641,-7511.29,0.888631,0.3044
3185001,29,14.1109,-7502.35,0.815223,0.2908
3190001,29,9.43685,-7505.37,5.22768,0.3014
3195001,29,12.597,-7506.17,0.291493,0.2864
3200001,30,25.9967,-7503.84,1.90139,0.2894
3205001,29,12.0123,-7500.34,1.67737,0.2952
3210001,29,6.72992,-7496.6,0.835881,0.303
3215001,30,26.3553,-7499.19,1.13843,0.2698
3220001,30,24.71,-7498.79,1.56204,0.3092
3225001,29,7.78514,-7500.48,0.444006,0.2914
3230001,29,4.17977,-7494.72,0.0506001,0.2796
3235001,31,49.3308,-7496.39,0.0558106,0.3038
3240001,33,84.9184,-7480.3,1.69565,0.312
3245001,32,62.43,-7496.36,1.65618,0.3186
3250001,30,26.3348,-7489.73,2.58724,0.313
3255001,30,33.415,-7491.01,0.744634,0.295
3260001,30,24.6836,-7504.89,1.76893,0.295
3265001,29,15.4463,-7492.45,0.774559,0.2976
3270001,29,11.2613,-7498.4,0.112823,0.301
3275001,30,24.2761,-7493.16,2.15347,0.2936
3280001,29,9.90612,-7500.77,0.945297,0.2936
3285001,30,29.2566,-7503.39,2.08647,0.284
3290001,30,29.7659,-7494.42,1.44781,0.2948
3295001,30,27.4888,-7499.03,1.60167,0.284
3300001,32,59.2213,-7488.3,2.84538,0.2996
3305001,30,22.4774,-7492.14,0.473996,0.3052
3310001,30,21.1767,-7500.36,4.72525,0.2972
3315001,29,11.6298,-7496.53,0.21572,0.2882
3320001,27,-28.7563,-7496.54,0.767878,0.2766
3325001,26,-47.4738,-7507.28,0.897243,0.287
3330001,26,-46.3499,-7511.52,0.51499,0.2748
3335001,26,-44.9601,-7508.84,0.381992,0.2674
3340001,27,-30.5442,-7497.91,1.17055,0.2778
3345001,29,3.57221,-7495.4,0.721318,0.279
3350001,28,-18.6467,-7501.71,0.911197,0.2652
3355001,28,-16.814,-7500.92,1.58177,0.279
3360001,28,-18.6155,-7499.62,0.611336,0.2696
3365001,29,3.92254,-7502.1,0.359627,0.2728
3370001,28,-11.5328,-7506.53,0.184693,0.2882
3375001,27,-28.5927,-7498.59,0.117453,0.2776
3380001,26,-44.2713,-7512.46,0.10132,0.2738
3385001,26,-44.7802,-7508.78,0.330906,0.2714
3390001,27,-29.2774,-7500.45,0.0603502,0.27
3395001,26,-45.5281,-7501.83,0.311226,0.2664
3400001,26,-45.7331,-7506.08,1.08946,0.2734
3405001,26,-49.9436,-7497.4,0.503407,0.2644
3410001,26,-46.7864,-7505.48,0.991463,0.2848
3415001,28,-4.35705,-7500.46,0.118402,0.2774
3420001,27,-27.4344,-7502.34,1.17191,0.2734
3425001,26,-49.9666,-7505.8,0.15872,0.2746
3430001,27,-34.606,-7503.79,0.802634,0.2776
3435001,27,-29.559,-7508.64,2.05794,0.2734
3440001,26,-52.7036,-7506.15,2.51338,0.263
3445001,26,-44.5688,-7499.87,0.114521,0.262
3450001,27,-27.7647,-7508.93,2.25312,0.2916
3455001,27,-33.0068,-7501.01,2.10032,0.3008
3460001,26,-48.1161,-7503.05,0.30868,0.2908
3465001,27,-26.0456,-7501.56,1.36894,0.2816
3470001,27,-25.168,-7512.11,0.00922793,0.308
3475001,27,-25.9176,-7511.61,2.13272,0.2754
3480001,27,-28.4705,-7503.69,1.97164,0.2902
3485001,28,-13.8584,-7495.47,3.64493,0.2744
3490001,27,-27.119,-7490.15,0.954858,0.2818
3495001,26,-45.109,-7489.02,0.0991819,0.2814
3500001,28,-2.80266,-7496.12,0.110411,0.2778
3505001,26,-47.2402,-7487.45,3.40046,0.2882
3510001,26,-47.8922,-7490.67,1.52156,0.2978
3515001,27,-31.2698,-7487.76,2.72325,0.2644
3520001,26,-50.3976,-7488.35,1.15298,0.2822
3525001,26,-42.1856,-7491.16,0.57116,0.269
3530001,25,-60.4245,-7496.89,0.234904,0.2858
3535001,27,-24.0298,-7489.73,1.04493,0.2836
3540001,26,-44.6743,-7493.38,0.369235,0.2878
3545001,25,-63.6197,-7488.78,0.162405,0.2678
3550001,25,-65.9305,-7491.19,0.40954,0.282
3555001,27,-32.0745,-7485.55,3.16187,0.272
3560001,26,-43.3784,-7509.76,0.153277,0.2832
3565001,25,-63.2284,-7487.58,0.0681016,0.2816
3570001,25,-68.2364,-7490.87,1.34202,0.2688
3575001,25,-67.2831,-7500.13,0.194566,0.2728
3580001,28,-10.2577,-7484.86,0.12007,0.274
3585001,26,-44.7711,-7496.32,0.536017,0.286
3590001,25,-65.302,-7497.36,0.539452,0.28
3595001,26,-51.4995,-7485.88,1.8282,0.274
3600001,26,-46.2291,-7482.26,0.3458,0.2894
3605001,26,-43.4211,-7478.4,0.0663318,0.2822
3610001,26,-42.0246,-7488.26,0.403475,0.2716
3615001,25,-64.583,-7490.67,0.00740427,0.277
3620001,26,-44.3505,-7491.83,2.39892,0.269
3625001,25,-65.2543,-7493.58,1.91662,0.2656
3630001,26,-45.4023,-7492.81,2.93952,0.273
3635001,26,-46.1577,-7495.28,2.34437,0.2626
3640001,25,-67.348,-7482.88,0.48628,0.2568
3645001,25,-65.186,-7491.92,0.601595,0.245
3650001,25,-59.5807,-7494.97,0.323918,0.2666
3655001,26,-44.2262,-7491,0.02204,0.2828
3660001,25,-62.1839,-7492.38,0.0291462,0.2678
3665001,26,-43.5034,-7492.49,0.200511,0.2704
3670001,25,-62.6517,-7484.22,0.521786,0.2616
3675001,25,-66.9834,-7482.48,2.20789,0.2774
3680001,24,-79.2194,-7506.32,0.136118,0.2574
3685001,24,-88.9206,-7498.88,3.39969,0.2514
3690001,24,-84.002,-7498.31,0.643249,0.2564
3695001,25,-65.1814,-7501.77,1.21037,0.2616
3700001,24,-82.274,-7511.12,0.183462,0.274
3705001,24,-86.0479,-7508.51,0.907469,0.264
3710001,24,-86.5606,-7498.14,1.7373,0.2658
3715001,25,-62.0362,-7493.05,0.333593,0.2662
3720001,24,-79.0046,-7501.5,1.5559,0.2734
3725001,24,-81.191,-7494.21,0.687012,0.2586
3730001,25,-61.321,-7495.56,0.432949,0.2724
3735001,24,-75.1078,-7507.76,2.41513,0.266
3740001,26,-38.9166,-7498.76,1.61341,0.2818
3745001,24,-73.4053,-7492.72,0.365037,0.261
3750001,24,-76.5216,-7498.53,1.0549,0.2644
3755001,24,-78.3207,-7497.26,0.142256,0.2546
3760001,24,-77.1104,-7496.69,1.43126,0.2786
3765001,24,-75.9631,-7494.81,0.578042,0.2774
3770001,24,-78.9221,-7496.09,0.884762,0.2724
3775001,24,-79.9621,-7489.76,1.51265,0.2716
3780001,25,-61.4205,-7491.39,0.407679,0.2602
3785001,24,-81.8516,-7486.29,1.64463,0.2774
3790001,25,-61.2246,-7497.57,0.660991,0.275
3795001,25,-59.7091,-7500.95,0.535712,0.2786
3800001,24,-81.1653,-7496.72,1.76543,0.2786
3805001,25,-59.4168,-7497.08,0.847839,0.2678
3810001,25,-58.5011,-7488.21,1.12645,0.262
3815001,26,-47.7621,-7484.47,2.81838,0.2704
3820001,25,-59.8841,-7481.99,1.01482,0.279
3825001,27,-23.6872,-7489.44,0.632415,0.2888
3830001,24,-79.4878,-7502.2,2.78608,0.2944
3835001,24,-79.3611,-7480.53,0.0664905,0.2782
3840001,24,-77.1802,-7478.07,0.215074,0.266
3845001,23,-100.493,-7482.46,0.152719,0.266
3850001,23,-95.2858,-7482.7,1.02442,0.2812
3855001,22,-108.41,-7488,0.949785,0.2712
3860001,24,-67.1042,-7487.09,0.045755,0.2812
3865001,23,-89.2423,-7488.72,0.323261,0.2964
3870001,22,-107.053,-7497.53,1.12651,0.2656
3875001,22,-109.958,-7493.33,2.87638,0.2646
3880001,22,-101.802,-7492.15,0.65216,0.262
3885001,22,-103.409,-7491.79,2.00735,0.2776
3890001,22,-101.706,-7493.25,1.38308,0.2784
3895001,21,-110.438,-7492.61,0.514088,0.277
3900001,21,-103.377,-7493.78,0.96832,0.2618
3905001,20,-115.848,-7489.89,0.326287,0.2726
3910001,20,224.101,-7484.01,0.232975,0.2472
3915001,20,251.018,-7486.75,1.24159,0.2602
3920001,20,254.372,-7482.89,0.417956,0.254
3925001,21,296.304,-7489.98,0.240377,0.2492
3930001,20,287.359,-7490.45,0.65435,0.2586
3935001,21,314.733,-7481.31,0.0754607,0.244
3940001,20,300.761,-7487.01,0.612362,0.2756
3945001,23,377.336,-7495.61,0.0645548,0.277
3950001,22,374.141,-7508.2,2.22386,0.2856
3955001,20,340.95,-7510.35,0.319105,0.2676
3960001,21,361.704,-7504.45,1.93701,0.2762
3965001,19,339.459,-7510.71,2.70514,0.2836
3970001,18,321.688,-7504.04,0.994115,0.2976
3975001,19,337.554,-7509.06,1.36269,0.2848
3980001,17,309.434,-7521.76,1.46293,0.2852
3985001,17,311.756,-7523.65,0.496697,0.2856
3990001,9,166.543,-7520.07,0.0337652,0.3276
3995001,7,131.395,-7517.19,0.69211,0.2624
4000001,6,113.957,-7519.83,0.537484,0.257
4005001,6,111.038,-7514.83,0.739849,0.2266
4010001,8,151.865,-7515.97,0.501474,0.2608
4015001,7,128.588,-7513.97,0.970323,0.2826
4020001,6,107.69,-7513.29,0.0514399,0.2608
4025001,7,127.287,-7515.63,0.481908,0.2336
4030001,7,127.354,-7515.19,0.710988,0.2932
4035001,8,145.669,-7515.12,0.942445,0.2706
4040001,8,150.343,-7515.58,1.29288,0.2666
4045001,6,107.329,-7517.02,0.557657,0.2594
4050001,7,128.133,-7512.71,1.56915,0.2494
4055001,6,107.152,-7516.32,3.11682,0.2638
4060001,6,106.037,-7517.66,2.30612,0.2444
4065001,6,114.554,-7529.45,1.9073,0.278
4070001,4,77.165,-7521.27,2.66392,0.2608
4075001,4,79.7164,-7525.51,0.0881294,0.248
4080001,5,91.7626,-7520.27,1.63249,0.2468
4085001,4,78.4423,-7518.71,0.739874,0.2472
4090001,4,79.1654,-7520.39,0.148317,0.2518
4095001,4,77.9125,-7519.07,1.3968,0.2624
4100001,4,76.3227,-7519.7,3.21774,0.2428
4105001,4,78.8415,-7521.26,1.32637,0.2612
4110001,4,79.5619,-7519.7,0.398376,0.2238
4115001,5,94.1586,-7518.4,0.672432,0.2382
4120001,4,77.7606,-7517.01,0.324259,0.2492
4125001,4,77.285,-7521.37,0.212689,0.229
4130001,4,77.1256,-7517.38,2.31288,0.2154
4135001,5,96.6043,-7524.17,0.223179,0.2368
4140001,4,79.1331,-7522.42,0.255148,0.2318
4145001,4,78.3919,-7525.5,1.33221,0.2652
4150001,3,60.9826,-7523.39,1.51961,0.268
4155001,3,61.3025,-7523.51,0.757671,0.2332
4160001,4,78.7538,-7524.77,1.04189,0.2852
4165001,5,98.3674,-7521.54,0.703102,0.2936
4170001,3,56.7744,-7533.7,2.07704,0.282
4175001,3,61.6256,-7524.8,0.673805,0.2332
4180001,3,58.939,-7523.1,2.33531,0.2494
4185001,3,59.5189,-7527.38,0.890656,0.2818
4190001,3,59.3051,-7527.87,1.48548,0.2782
4195001,3,58.1326,-7528,1.9467,0.246
4200001,3,57.7873,-7527.41,1.62885,0.2444
4205001,5,96.0057,-7527.12,0.726232,0.2582
4210001,3,58.707,-7524.3,1.00251,0.295
4215001,4,79.0326,-7524.19,0.367952,0.2432
4220001,3,61.3768,-7524.4,0.559706,0.2982
4225001,4,74.2228,-7523.61,0.444679,0.264
4230001,5,98.354,-7520.38,0.228256,0.3104
4235001,4,77.279,-7524.47,2.84936,0.303
4240001,3,61.524,-7525.76,0.524736,0.2568
4245001,4,77.8746,-7521.46,1.25905,0.2734
4250001,3,58.8829,-7526.16,1.27442,0.2638
4255001,5,96.7428,-7523.13,0.24938,0.2606
4260001,3,54.8086,-7529.64,0.664579,0.2862
4265001,3,61.6672,-7524.78,1.0408,0.2596
4270001,3,57.133,-7524.26,0.220028,0.2802
4275001,3,60.0454,-7527.05,2.32102,0.2662
4280001,4,72.9358,-7528.22,1.0023,0.2522
4285001,3,60.8998,-7527.32,0.146869,0.2862
4290001,5,97.9648,-7527.96,0.819839,0.2792
4295001,4,79.5955,-7523.49,0.374259,0.315
4300001,4,79.464,-7531.28,0.253865,0.2884
4305001,3,58.0874,-7523.17,2.63853,0.2318
4310001,3,59.4191,-7524.13,0.321126,0.2496
4315001,3,61.1689,-7523.08,0.0424526,0.2312
4320001,3,58.6014,-7525.28,0.743602,0.261
4325001,4,72.8122,-7520.7,2.17367,0.3052
4330001,3,60.6147,-7524.21,0.015232,0.2812
4335001,3,60.5931,-7535.85,0.360599,0.2532
4340001,3,60.4124,-7531.31,0.474692,0.2898
4345001,3,59.5321,-7527.91,1.0824,0.2568
4350001,3,57.2897,-7531.7,2.92956,0.255
4355001,3,58.765,-7523.49,0.364989,0.234
4360001,3,59.1875,-7523.26,0.733776,0.2564
4365001,3,60.1487,-7527.07,1.05529,0.2358
4370001,4,75.199,-7522.64,0.962029,0.2564
4375001,4,77.6813,-7524.54,0.0518058,0.2672
4380001,3,53.1803,-7528.56,2.06484,0.2266
4385001,4,78.7986,-7524.89,1.01146,0.2564
4390001,4,76.6197,-7522.09,1.37535,0.312
4395001,3,58.027,-7523.95,0.876837,0.2728
4400001,3,59.5449,-7526.75,0.198168,0.2616
4405001,3,61.0704,-7523.54,0.133302,0.2608
4410001,4,77.7241,-7523.42,2.94738,0.269
4415001,3,59.7575,-7521.22,1.60112,0.2642
4420001,4,75.1491,-7522.1,4.73778,0.2582
4425001,3,60.567,-7525.17,0.150105,0.2624
4430001,3,61.6503,-7522.65,0.0465081,0.2526
4435001,4,77.8747,-7523.17,1.41405,0.2636
4440001,3,58.598,-7524.8,1.35743,0.2396
4445001,4,76.7077,-7530.8,0.527522,0.2896
4450001,3,56.4665,-7533.03,1.15589,0.2712
4455001,5,97.4577,-7521.1,0.507675,0.2722
4460001,3,60.9214,-7525.16,0.910293,0.2532
4465001,5,96.994,-7525.65,0.198475,0.2906
4470001,3,58.9664,-7529.25,0.529716,0.2742
4475001,3,61.7164,-7528.18,0.0938367,0.2348
4480001,5,97.9904,-7523.11,2.58092,0.2758
4485001,3,60.457,-7525.63,1.42772,0.2756
4490001,3,62.3849,-7522.39,0.388816,0.2856
4495001,4,80.2514,-7518.83,0.612564,0.255
4500001,4,74.3102,-7522.95,2.83045,0.281
4505001,4,79.8948,-7522.57,0.36654,0.2636
4510001,3,58.8134,-7526.69,0.209778,0.3058
4515001,4,76.7361,-7527.11,0.0363908,0.3062
4520001,3,62.0932,-7521.89,0.262955,0.268
4525001,3,59.5764,-7522.28,0.507519,0.2522
4530001,4,75.9604,-7519.69,0.20978,0.3268
4535001,3,61.1606,-7522.85,0.376789,0.2936
4540001,4,77.6508,-7524.12,0.405553,0.2552
4545001,3,59.454,-7522.72,0.306254,0.2412
4550001,3,59.3138,-7527.75,0.36509,0.271
4555001,3,59.5156,-7524.66,0.261698,0.2406
4560001,4,77.1249,-7520.34,1.04624,0.2904
4565001,3,59.9495,-7524.84,1.10677,0.2592
4570001,4,78.3963,-7523.55,0.0559146,0.2472
4575001,3,57.8108,-7524.99,1.75826,0.2548
4580001,3,59.8245,-7524.67,1.35152,0.248
4585001,3,60.9008,-7527.82,1.50071,0.2342
4590001,3,59.079,-7524.49,1.47016,0.2476
4595001,3,60.9232,-7522.41,0.735333,0.2352
4600001,4,79.4999,-7520.75,0.362906,0.272
4605001,3,60.1201,-7523.02,0.699653,0.271
4610001,4,77.0769,-7523.26,3.68937,0.2634
4615001,3,59.5233,-7525.14,1.47246,0.2874
4620001,4,81.3602,-7530.07,0.86312,0.2534
4625001,3,57.9504,-7526.42,1.37212,0.2674
4630001,3,55.1455,-7526.51,5.40668,0.3034
4635001,3,59.6518,-7528.7,0.989654,0.2444
4640001,4,78.875,-7526.64,0.154602,0.2546
4645001,3,60.1202,-7532.01,1.23901,0.2738
4650001,4,79.1052,-7527.99,1.73645,0.3202
4655001,3,59.4073,-7525.19,0.816364,0.2408
4660001,3,60.054,-7529.83,0.245253,0.2402
4665001,3,61.3481,-7524.67,0.595351,0.2544
4670001,3,59.6531,-7526.27,0.0366394,0.2694
4675001,3,57.2825,-7524.08,1.63724,0.281
4680001,4,78.0522,-7523.28,0.400492,0.2726
4685001,3,59.4502,-7524.54,0.388832,0.2248
4690001,3,60.4295,-7522.8,0.480232,0.237
4695001,3,60.6431,-7521.3,0.504163,0.3086
4700001,4,79.4592,-7531.03,0.785394,0.263
4705001,3,60.3396,-7527.54,0.0644521,0.256
4710001,4,80.0951,-7523.81,0.0972408,0.2738
4715001,5,95.9049,-7526.03,1.04233,0.2498
4720001,3,61.9285,-7524.88,0.494391,0.2762
4725001,3,60.1019,-7526.1,1.58228,0.2572
4730001,5,99.0929,-7524.62,0.680029,0.2856
4735001,3,61.516,-7529.15,0.800531,0.2588
4740001,3,60.1765,-7525.64,0.650247,0.2592
4745001,3,61.5189,-7523.75,0.125166,0.2404
4750001,3,59.9665,-7524.84,0.271968,0.2418
4755001,4,76.6601,-7528.18,2.66973,0.289
4760001,3,57.2483,-7523.96,4.15339,0.261
4765001,3,60.9327,-7524.46,1.05699,0.263
4770001,3,58.0797,-7525.76,0.56441,0.2298
4775001,3,60.9732,-7527.38,0.300175,0.2682
4780001,3,52.3568,-7529.38,2.09663,0.2388
4785001,3,60.2333,-7529.18,0.66314,0.243
4790001,3,57.3934,-7523.71,0.482641,0.23
4795001,3,59.9559,-7526.5,2.22729,0.2526
4800001,3,58.8865,-7527.56,1.75984,0.3006
4805001,3,60.4711,-7526.87,0.276857,0.2434
4810001,3,51.7797,-7524.09,0.982416,0.2488
4815001,4,75.6477,-7528.9,0.983614,0.25
4820001,4,76.9955,-7523.96,0.551724,0.2436
4825001,4,78.748,-7528.32,0.686307,0.2924
4830001,5,94.8249,-7524.2,0.674004,0.2766
4835001,5,92.0362,-7517.79,0.50272,0.2634
4840001,3,57.9591,-7522.43,1.45321,0.254
4845001,3,58.5205,-7525.42,0.105867,0.25
4850001,3,58.2438,-7523.45,1.32562,0.2356
4855001,3,60.4707,-7526.92,0.236804,0.2562
4860001,5,97.7428,-7522.09,0.146534,0.2802
4865001,3,59.7556,-7526.07,1.73301,0.2772
4870001,4,79.5534,-7523.68,0.415314,0.2388
4875001,3,56.2322,-7523.74,0.912998,0.2862
4880001,3,59.5851,-7523.08,0.549346,0.2792
4885001,3,59.3561,-7525.92,1.54295,0.2392
4890001,3,60.2348,-7523.27,0.746508,0.2672
4895001,3,58.3466,-7524.75,1.37946,0.2432
4900001,3,59.9442,-7525.86,0.707328,0.263
4905001,3,58.3326,-7522.86,1.60033,0.2688
4910001,4,75.376,-7524.49,0.186675,0.286
4915001,4,79.739,-7522.96,0.0131833,0.3044
4920001,3,61.2492,-7523.83,1.08267,0.2598
4925001,4,80.6263,-7525.5,0.941636,0.244
4930001,3,61.0016,-7527.06,0.345991,0.2402
4935001,4,79.5592,-7520.55,0.0947656,0.252
4940001,4,79.9557,-7514.62,0.0262063,0.2906
4945001,4,77.2334,-7522.22,0.640649,0.2798
4950001,3,59.0144,-7523.78,2.05965,0.2492
4955001,5,94.6102,-7528.45,1.11434,0.2822
4960001,3,59.0668,-7527.84,0.84584,0.2698
4965001,7,132.763,-7529.16,0.821196,0.2816
4970001,3,57.7402,-7524.31,1.98786,0.278
4975001,3,60.1404,-7529.97,0.608413,0.2614
4980001,3,60.3949,-7523.34,0.671742,0.2332
4985001,3,60.8245,-7525.06,0.117499,0.2592
4990001,4,77.216,-7523.99,1.28124,0.2604
4995001,3,59.3704,-7523.1,0.115714,0.247
5000001,5,94.6169,-7525.99,4.13313,0.2478
5005001,5,93.7264,-7525.33,1.41747,0.2832
5010001,4,76.1649,-7525.07,1.58458,0.2574
5015001,3,59.1871,-7521.7,0.645934,0.2506
5020001,3,59.8493,-7522.54,0.19872,0.292
5025001,3,59.3827,-7523.14,0.139453,0.2768
5030001,4,75.0689,-7525,2.0963,0.2846
5035001,3,56.8001,-7525.3,1.14746,0.251
5040001,3,60.2879,-7526.66,0.259496,0.2646
5045001,3,60.0695,-7526.5,0.0474862,0.243
5050001,3,60.78,-7525.67,0.196011,0.2418
5055001,3,58.4857,-7526.15,2.65579,0.2726
5060001,3,59.8423,-7525.15,1.40959,0.2556
5065001,5,96.9334,-7526.43,2.66729,0.2278
5070001,5,96.6238,-7524.22,2.13648,0.2688
5075001,5,98.907,-7522.89,0.446836,0.2898
5080001,5,95.1244,-7524.76,1.17392,0.2456
5085001,3,60.0506,-7524.33,0.0653252,0.2368
5090001,3,59.519,-7523.29,0.569427,0.2298
5095001,3,58.3887,-7529.22,0.00958423,0.2762
5100001,3,59.6405,-7524.93,0.629911,0.2544
5105001,3,59.5347,-7526.35,0.0312432,0.2358
5110001,3,61.1127,-7522.41,0.163958,0.2452
5115001,3,62.3262,-7528.39,0.396801,0.2876
5120001,3,57.7153,-7523.49,0.773169,0.2786
5125001,3,56.8228,-7524.07,2.80299,0.261
5130001,4,79.8202,-7523.01,1.13294,0.2722
5135001,3,60.3712,-7522.7,0.156596,0.2558
5140001,3,60.9047,-7521.95,0.424913,0.276
5145001,4,75.3681,-7528.31,0.696461,0.279
5150001,3,59.892,-7526.94,0.856295,0.2894
5155001,5,94.0365,-7529.22,0.344501,0.297
5160001,5,96.6907,-7526.75,0.503335,0.2982
5165001,3,58.8197,-7521.02,0.240688,0.2944
5170001,4,76.7256,-7521.16,3.28316,0.2584
5175001,3,59.479,-7525.87,0.0424059,0.2502
5180001,3,55.6603,-7525.18,0.58225,0.2694
5185001,3,58.1259,-7521.42,0.272689,0.2564
5190001,3,59.7974,-7525.77,0.6673,0.2408
5195001,3,61.0917,-7521.64,0.636247,0.25
5200001,4,75.5486,-7524.86,3.03317,0.2886
5205001,3,58.5393,-7523.67,0.146475,0.269
5210001,4,78.8774,-7523.96,0.196317,0.2916
5215001,4,81.856,-7520.89,0.0158047,0.3088
5220001,4,79.327,-7523.94,1.36152,0.2772
5225001,4,77.3198,-7521.33,2.1889,0.2744
5230001,3,57.5307,-7524.04,2.80161,0.258
5235001,3,58.3626,-7522.48,0.118752,0.2288
5240001,3,61.1592,-7524.36,0.789478,0.2282
5245001,3,56.8361,-7520.48,1.28218,0.2546
5250001,5,98.9853,-7527.19,0.387274,0.2586
5255001,4,77.2964,-7521.29,0.305687,0.2946
5260001,4,72.9502,-7520.14,0.464959,0.313
5265001,3,58.7883,-7521.61,1.46569,0.249
5270001,4,76.2696,-7523.01,0.0803551,0.2624
5275001,4,79.0083,-7520.64,0.49382,0.2606
5280001,4,77.6023,-7526.4,1.33852,0.3052
5285001,4,78.6556,-7520.78,0.116338,0.2768
5290001,3,59.554,-7523.91,0.791791,0.2712
5295001,3,58.3198,-7524.52,1.02342,0.2526
5300001,3,59.7162,-7524.55,0.268086,0.2882
5305001,3,58.6367,-7522.15,0.251762,0.2306
5310001,4,80.2924,-7522.96,0.238839,0.3072
5315001,3,59.0953,-7526.32,0.155532,0.23
5320001,3,60.882,-7522.68,0.239412,0.2512
5325001,4,72.9637,-7518.44,1.07929,0.2492
5330001,3,56.1176,-7524.14,2.28322,0.2512
5335001,7,130.292,-7527.83,0.246968,0.2628
5340001,3,60.4646,-7523.02,0.64314,0.3034
5345001,6,106.263,-7516.88,0.592905,0.251
5350001,4,80.5911,-7524.01,0.269301,0.2864
5355001,4,78.9148,-7524.95,0.214984,0.248
5360001,4,79.1898,-7523.55,0.595684,0.3114
5365001,3,57.5827,-7526.81,1.4227,0.2648
5370001,3,61.6885,-7523.58,0.0506722,0.256
5375001,3,60.0444,-7521.86,1.2972,0.2554
5380001,3,59.7148,-7522.68,0.312601,0.315
5385001,5,91.9282,-7514.99,0.416357,0.2784
5390001,4,73.7677,-7523.2,2.59291,0.2734
5395001,4,75.1954,-7519.49,0.00404233,0.2798
5400001,3,60.3993,-7522.79,0.325291,0.263
5405001,4,76.8959,-7523.59,3.04097,0.2944
5410001,3,53.8322,-7524.68,0.52887,0.2926
5415001,4,78.0832,-7523.31,0.349842,0.2964
5420001,3,54.7656,-7525.16,1.70787,0.2572
5425001,3,58.5497,-7524.26,1.6901,0.318
5430001,3,60.1373,-7527.6,0.184489,0.2584
5435001,3,59.5697,-7522.17,1.3957,0.2574
5440001,4,77.0387,-7523.1,0.934069,0.2548
5445001,3,60.1677,-7521.75,0.810803,0.2826
5450001,3,56.1994,-7521.16,0.76082,0.2668
5455001,4,77.1481,-7520.72,0.586232,0.3166
5460001,4,78.9542,-7521.51,2.76729,0.2488
5465001,5,97.3498,-7525.22,0.0926674,0.2772
5470001,3,61.5599,-7530.01,0.620361,0.266
5475001,3,60.8162,-7525.14,0.072832,0.2582
5480001,3,61.3655,-7522.94,0.108128,0.291
5485001,4,80.4629,-7525.44,0.487402,0.2522
5490001,3,52.4058,-7528.73,3.61596,0.265
5495001,4,78.5153,-7523.16,0.00485693,0.2364
5500001,3,55.8176,-7525.63,3.20412,0.2564
5505001,4,78.6289,-7523.16,0.228769,0.2522
5510001,3,59.0532,-7524.34,0.495379,0.2738
5515001,4,76.6722,-7523.7,2.19084,0.2662
5520001,5,92.5557,-7517.29,3.48686,0.2826
5525001,3,59.5473,-7525.43,1.12936,0.259
5530001,4,79.1621,-7517.08,1.20226,0.2672
5535001,3,60.7271,-7520.2,0.476345,0.2504
5540001,5,99.1133,-7523.32,0.733856,0.25
5545001,4,75.5809,-7531.36,0.540305,0.296
5550001,3,57.3908,-7527.72,1.53036,0.301
5555001,4,80.2288,-7521.11,0.366857,0.2376
5560001,6,116.05,-7520.09,0.906201,0.2916
5565001,3,55.83,-7521.93,0.852417,0.2752
5570001,3,61.235,-7520.96,0.196061,0.2706
5575001,3,58.7035,-7521.38,1.14599,0.2378
5580001,4,76.2711,-7521.11,1.53975,0.2654
5585001,3,56.8133,-7520.79,1.47272,0.2296
5590001,3,58.4369,-7521.58,0.117716,0.2918
5595001,3,56.979,-7522.42,2.17049,0.2318
5600001,3,59.7967,-7520.84,0.751431,0.2668
5605001,3,60.996,-7523.01,0.703151,0.2228
5610001,3,60.857,-7521.12,0.0554815,0.2454
5615001,3,60.4561,-7523.06,0.600176,0.2262
5620001,3,59.6775,-7521.68,0.243554,0.2552
5625001,3,56.724,-7533.39,0.439857,0.2378
5630001,3,59.5947,-7521.88,0.37486,0.257
5635001,4,78.8906,-7523.61,0.0592082,0.2904
5640001,3,57.4134,-7521.01,3.5279,0.2814
5645001,3,59.5968,-7522.47,0.152758,0.2608
5650001,3,60.403,-7526.03,1.96432,0.2346
5655001,3,58.5573,-7525.32,1.61481,0.2496
5660001,3,59.9554,-7526.75,0.0472628,0.2416
5665001,4,79.8745,-7522.34,1.19544,0.2314
5670001,5,95.9217,-7516.51,1.77221,0.2596
5675001,3,54.3232,-7524.5,1.6222,0.2536
5680001,3,58.2385,-7522.97,3.16826,0.2712
5685001,6,116.674,-7521.9,0.790852,0.2838
5690001,5,97.281,-7521.43,0.242823,0.2816
5695001,3,62.1969,-7521.21,0.344619,0.2876
5700001,3,58.6212,-7520.54,1.61355,0.2498
5705001,4,67.2314,-7521.2,0.838325,0.2626
5710001,4,79.1607,-7524.96,1.09909,0.2842
5715001,4,79.6534,-7520.06,1.1074,0.3246
5720001,3,59.5901,-7521.09,2.0203,0.2628
5725001,3,57.3213,-7523.88,4.27687,0.2698
5730001,3,61.0194,-7520.75,0.436392,0.2404
5735001,4,79.1794,-7526.43,0.396717,0.2426
5740001,3,60.0323,-7528.47,2.71722,0.2862
5745001,4,78.1127,-7524.6,0.065189,0.2652
5750001,4,78.5276,-7520.03,0.988415,0.2522
5755001,3,58.2627,-7520.84,0.204567,0.2786
5760001,3,61.5191,-7525.48,0.649056,0.2504
5765001,3,62.4256,-7525.45,0.850081,0.2364
5770001,5,91.8652,-7521.83,1.48531,0.2576
5775001,3,61.0233,-7529.13,0.0147435,0.2506
5780001,3,58.7464,-7527.89,1.72324,0.2606
5785001,3,62.0654,-7526.74,0.764445,0.2782
5790001,4,80.1496,-7522.17,0.305233,0.2462
5795001,3,59.513,-7528.78,0.197465,0.2468
5800001,3,58.9599,-7521.31,1.47652,0.2606
5805001,3,58.993,-7525.94,0.825442,0.2282
5810001,4,75.8329,-7522.17,1.70662,0.2584
5815001,5,98.6635,-7524.13,0.0697385,0.2472
5820001,4,71.263,-7523.31,2.18381,0.2744
5825001,5,94.1901,-7520.23,1.38152,0.2854
5830001,3,57.9657,-7524.26,0.690425,0.2906
5835001,3,56.6831,-7521.94,1.23821,0.2624
5840001,4,78.8437,-7520.32,0.0279738,0.252
5845001,4,75.9621,-7519.67,0.628744,0.268
5850001,3,59.6034,-7520.03,1.39209,0.2866
5855001,5,98.1011,-7522.17,0.665246,0.2852
5860001,3,59.7334,-7522.65,0.280779,0.3102
5865001,3,59.3204,-7522.37,1.09656,0.25
5870001,4,76.0348,-7520.32,0.783508,0.288
5875001,3,60.3755,-7531.49,0.436232,0.2508
5880001,3,57.2155,-7530.28,0.441082,0.266
5885001,4,78.0487,-7522.38,1.20706,0.28
5890001,4,77.2813,-7525.8,0.419798,0.2628
5895001,3,57.0804,-7523.03,1.16652,0.2608
5900001,5,91.4097,-7522.71,0.272095,0.2846
5905001,3,55.1729,-7526.39,5.00835,0.2612
5910001,4,79.683,-7521.1,0.245441,0.2172
5915001,4,76.0606,-7525.14,3.39537,0.2544
5920001,3,59.8047,-7523.48,0.767683,0.2744
5925001,3,59.1221,-7524.11,0.274843,0.2714
5930001,3,59.8574,-7526,0.152291,0.23
5935001,3,58.5361,-7519.54,1.05064,0.263
5940001,3,59.652,-7523.99,1.63328,0.2744
5945001,4,77.5628,-7516.48,0.925654,0.258
5950001,3,60.6203,-7522.74,0.149652,0.2378
5955001,5,94.9912,-7521.39,0.36492,0.2756
5960001,3,59.626,-7522.57,1.40158,0.253
5965001,3,56.6389,-7526.85,2.30659,0.2342
5970001,5,94.7632,-7527.92,0.545415,0.2736
5975001,3,61.3929,-7520.43,1.05279,0.2966
5980001,3,60.4906,-7529.26,0.746054,0.2704
5985001,4,78.6473,-7521.88,0.328066,0.2564
5990001,3,62.5369,-7524.04,0.419875,0.2686
5995001,4,80.7113,-7520.19,1.06023,0.2964
6000001,3,60.5563,-7523.23,0.734154,0.2744
6005001,3,60.4532,-7522.87,0.853807,0.2736
6010001,5,98.5223,-7524.62,1.27196,0.2554
6015001,4,78.2063,-7531.12,0.362175,0.2614
6020001,4,78.1176,-7526.45,1.3848,0.2604
6025001,3,55.8096,-7523.03,2.74619,0.2236
6030001,3,60.7869,-7524.4,0.0671912,0.2288
6035001,3,57.0899,-7522.48,0.506906,0.2652
6040001,3,57.7463,-7522.63,3.1584,0.2566
6045001,4,78.8393,-7522.33,0.0432424,0.261
6050001,3,57.903,-7525.06,0.574149,0.2616
6055001,4,81.1481,-7523.23,0.200404,0.2484
6060001,4,78.5778,-7526.26,0.526844,0.2638
6065001,5,94.8934,-7527.08,0.931265,0.342
6070001,4,75.0649,-7526.21,2.12519,0.2772
6075001,5,95.865,-7523.27,0.991428,0.284
6080001,3,59.8532,-7523.23,0.48372,0.283
6085001,4,79.2803,-7524.26,0.281364,0.2594
6090001,3,59.734,-7526.65,0.461197,0.2576
6095001,4,78.0949,-7518.09,1.93097,0.231
6100001,3,57.9386,-7521.11,1.80864,0.253
6105001,3,58.8887,-7525.25,1.77518,0.2358
6110001,3,60.4331,-7521.71,0.0918143,0.2502
6115001,3,60.0122,-7522.79,0.986036,0.258
6120001,3,57.8229,-7521.28,0.992887,0.2826
6125001,3,57.2965,-7523.26,0.388706,0.2564
6130001,4,75.7776,-7523.18,0.242386,0.2806
6135001,3,58.1949,-7526.64,0.333778,0.2458
6140001,3,58.5972,-7526.64,2.07067,0.232
6145001,3,59.3778,-7523.54,0.552955,0.2324
6150001,3,59.4362,-7525.94,0.225327,0.2386
6155001,3,58.7686,-7523.29,2.06479,0.2586
6160001,3,57.8076,-7520.53,2.34878,0.2408
6165001,5,98.8229,-7519.27,0.139684,0.2768
6170001,5,92.8054,-7520.05,2.22216,0.2544
6175001,3,61.8126,-7521.62,0.0730233,0.25
6180001,4,79.3019,-7519.71,0.346767,0.2608
6185001,3,60.7697,-7522.44,0.706415,0.2448
6190001,3,60.7202,-7524.6,0.341543,0.2452
6195001,5,97.6757,-7527.46,0.452624,0.2736
6200001,3,59.8045,-7520.7,0.870188,0.2452
6205001,3,58.5664,-7524.23,1.72592,0.2346
6210001,3,59.4783,-7520.92,1.89378,0.2772
6215001,3,57.9504,-7528.64,0.28469,0.264
6220001,3,59.6984,-7521.67,0.496825,0.2396
6225001,4,79.4375,-7522.58,0.769222,0.2442
6230001,3,60.4353,-7524.46,0.0629642,0.265
6235001,3,58.823,-7521.12,1.99819,0.2364
6240001,3,61.9143,-7521.85,0.125247,0.2784
6245001,3,61.5089,-7521.36,0.296242,0.282
6250001,5,97.1073,-7519.63,0.432814,0.2962
6255001,4,78.7963,-7525.28,0.598687,0.2932
6260001,3,62.3668,-7525.71,0.120937,0.2714
6265001,4,79.01,-7523.79,0.282222,0.2582
6270001,4,75.0997,-7523.57,0.818815,0.2434
6275001,4,77.3071,-7523.37,1.70524,0.282
6280001,3,58.6325,-7525.1,0.280867,0.243
6285001,4,75.4634,-7522.51,2.20881,0.275
6290001,3,59.3926,-7520.91,0.253118,0.2482
6295001,3,54.3127,-7526.57,0.765217,0.2466
6300001,3,57.4574,-7525.37,1.6756,0.2518
6305001,4,75.4081,-7519.57,4.18086,0.2488
6310001,4,79.9996,-7515.4,1.01767,0.2534
6315001,3,55.5747,-7521.59,1.55247,0.278
6320001,3,60.0219,-7524.28,0.157868,0.242
6325001,4,77.0645,-7522.22,1.15028,0.2326
6330001,3,58.5216,-7521.23,1.57218,0.2426
6335001,6,113.187,-7519.57,0.194467,0.2442
6340001,3,58.197,-7522.65,1.31673,0.3044
6345001,3,52.9175,-7521.64,3.39999,0.2664
6350001,3,60.4394,-7523.77,0.919399,0.2576
6355001,3,61.7591,-7522.53,0.240975,0.2402
6360001,5,93.826,-7520.79,3.01811,0.2948
6365001,3,61.1682,-7520.11,0.754672,0.2628
6370001,3,59.7941,-7520.93,0.11523,0.257
6375001,3,59.0778,-7522.49,1.32055,0.2578
6380001,3,61.4312,-7521.45,0.403958,0.283
6385001,3,60.4669,-7525.13,0.0787264,0.2482
6390001,4,75.7491,-7524.79,2.03788,0.2878
6395001,3,60.4362,-7528.84,0.0805459,0.2474
6400001,3,58.6149,-7528.36,0.123332,0.2532
6405001,3,58.9527,-7521.75,1.71926,0.2766
6410001,5,97.1542,-7521.44,0.422459,0.2732
6415001,4,77.0772,-7525.37,0.49025,0.2758
6420001,3,54.7441,-7524.64,2.04656,0.2664
6425001,3,59.0012,-7522.65,0.275208,0.2738
6430001,4,76.8951,-7529.38,0.510579,0.2642
6435001,4,78.9901,-7525.13,1.18113,0.2424
6440001,3,55.8115,-7523.95,1.6221,0.286
6445001,4,79.7671,-7523,0.210464,0.303
6450001,3,57.6495,-7524.47,1.18053,0.2416
6455001,4,75.569,-7525.57,0.0490258,0.2808
6460001,4,71.5374,-7518.26,0.260611,0.3102
6465001,4,79.1609,-7526.59,0.852137,0.2578
6470001,4,75.5947,-7529.39,1.57345,0.2662
6475001,3,57.2595,-7522.75,1.75102,0.2442
6480001,4,78.6389,-7525.21,0.923792,0.2678
6485001,5,94.1183,-7524.27,2.1289,0.2844
6490001,5,97.5475,-7513.1,0.170829,0.2856
6495001,5,95.5221,-7518.72,0.0546322,0.2514
6500001,5,97.0895,-7516.66,0.305673,0.301
6505001,4,80.1947,-7515.36,0.837374,0.263
6510001,5,97.5388,-7508.54,0.840313,0.2634
6515001,5,98.5271,-7513.55,0.31389,0.261
6520001,4,78.1729,-7516.61,0.0479748,0.2902
6525001,5,97.7234,-7512.77,0.105233,0.258
6530001,5,97.2517,-7511.26,0.678237,0.238
6535001,5,99.6687,-7514.79,0.0953208,0.2704
6540001,4,77.6328,-7512.71,0.885068,0.2562
6545001,4,78.9943,-7513.18,0.0512081,0.2664
6550001,5,95.7452,-7515.48,0.421066,0.2968
6555001,4,79.785,-7514.16,0.135927,0.2328
6560001,4,77.6976,-7517.97,1.12984,0.2248
6565001,4,77.3261,-7514.8,1.92159,0.2746
6570001,4,79.598,-7517.26,0.28343,0.2686
6575001,5,97.8311,-7513.88,0.162325,0.3022
6580001,4,76.7852,-7513.13,0.234934,0.2616
6585001,4,80.2241,-7514.17,0.0941541,0.26
6590001,5,96.7514,-7519.59,0.448104,0.3026
6595001,5,98.9442,-7516.02,0.42799,0.3196
6600001,4,74.0925,-7516.57,1.01388,0.2624
6605001,4,79.7654,-7519.99,0.318198,0.2986
6610001,3,59.2887,-7526.43,0.60543,0.2624
6615001,5,97.6501,-7520.86,1.68058,0.271
6620001,3,58.53,-7524.8,2.45699,0.2812
6625001,3,58.5417,-7528.35,2.55608,0.2576
6630001,3,54.4951,-7523.31,6.98363,0.2366
6635001,3,59.0166,-7527.15,0.263668,0.2372
6640001,4,76.9982,-7521.55,0.671355,0.2418
6645001,3,58.6317,-7522.31,0.536729,0.2586
6650001,3,58.9236,-7523.87,0.0749499,0.2324
6655001,3,57.0218,-7524.34,3.00608,0.292
6660001,4,75.7045,-7525.11,0.085913,0.2838
6665001,5,98.0855,-7524.22,0.779947,0.2612
6670001,5,94.4122,-7528.23,2.64388,0.2772
6675001,3,59.3246,-7525.75,1.40869,0.2522
6680001,4,78.5828,-7522.42,1.0642,0.2688
6685001,4,77.5182,-7524.31,1.30324,0.3012
6690001,4,75.4491,-7526.25,0.485494,0.275
6695001,4,74.7551,-7525.65,0.218694,0.271
6700001,3,58.6351,-7525.02,0.225862,0.2364
6705001,4,75.1783,-7522.7,0.343883,0.2714
6710001,3,57.1141,-7525.72,0.420757,0.3034
6715001,3,60.0302,-7524.13,0.513659,0.2468
6720001,3,60.6663,-7522.38,0.365488,0.237
6725001,4,74.9154,-7528.98,1.20329,0.2592
6730001,4,71.7609,-7524.14,0.314491,0.2788
6735001,3,56.1626,-7522.02,1.81937,0.2462
6740001,3,55.5684,-7527.05,1.99479,0.2316
6745001,3,56.8341,-7525.07,0.383174,0.2488
6750001,3,60.0073,-7524.05,1.41847,0.2782
6755001,3,58.9543,-7526.46,1.54497,0.2448
6760001,4,78.9773,-7525.19,0.876285,0.2448
6765001,3,59.2277,-7523.9,0.12359,0.2752
6770001,3,57.3046,-7526.28,2.96765,0.2744
6775001,3,56.2657,-7526.15,2.8667,0.279
6780001,4,78.9009,-7524.75,1.30125,0.264
6785001,4,76.5346,-7522.09,0.137483,0.26
6790001,4,77.2335,-7520.98,0.287533,0.2338
6795001,3,60.3395,-7522.44,1.22585,0.2444
6800001,5,95.3636,-7519.51,0.00307518,0.286
6805001,3,59.7156,-7527.14,0.388292,0.2816
6810001,3,58.4178,-7529.64,0.339749,0.2464
6815001,6,114.735,-7525.84,0.527322,0.2492
6820001,3,58.9667,-7525.94,0.76737,0.2908
6825001,5,95.0487,-7520.37,0.676474,0.264
6830001,5,98.2803,-7518.05,2.04783,0.3026
6835001,4,77.7448,-7521.82,0.957606,0.29
6840001,6,111.281,-7513.71,0.306317,0.2636
6845001,4,77.899,-7517.03,2.27479,0.2732
6850001,4,79.3977,-7512.33,0.00532678,0.2956
6855001,5,98.2677,-7513.27,1.80423,0.3014
6860001,3,58.2151,-7525.21,1.56367,0.257
6865001,3,56.8537,-7524.8,3.77886,0.2318
6870001,4,73.9664,-7519.54,0.414296,0.2722
6875001,4,78.8334,-7522.07,1.38465,0.2564
6880001,3,59.1817,-7522.13,0.152216,0.2404
6885001,4,79.8565,-7523.27,0.22669,0.2646
6890001,3,60.3138,-7521.2,0.45743,0.2694
6895001,3,60.1642,-7521.71,1.12107,0.2308
6900001,4,77.8802,-7525.22,1.28755,0.2672
6905001,3,59.9333,-7524.78,0.694271,0.3068
6910001,3,59.3872,-7523.27,2.12155,0.2486
6915001,3,53.6788,-7522.96,2.21884,0.2614
6920001,4,75.9459,-7523.64,1.47804,0.2272
6925001,3,58.3794,-7523.54,0.384623,0.273
6930001,3,60.6839,-7526.59,0.0811993,0.2556
6935001,4,78.7757,-7526.02,0.272655,0.2874
6940001,4,79.1889,-7519.02,0.0175456,0.2874
6945001,4,80.4742,-7522.04,0.151454,0.261
6950001,3,60.9292,-7523.11,0.306371,0.2772
6955001,3,58.3009,-7523.5,0.508753,0.2182
6960001,5,97.1994,-7520.25,0.582413,0.275
6965001,5,97.1195,-7520.22,0.168777,0.2928
6970001,4,80.9768,-7527.19,0.291997,0.2734
6975001,3,59.9576,-7523.1,1.86105,0.2884
6980001,3,58.1807,-7521.92,2.99463,0.2642
6985001,3,60.0127,-7525.01,0.119842,0.2714
6990001,3,61.6687,-7524.68,0.435509,0.2462
6995001,4,78.3978,-7528.95,0.100081,0.26
7000001,4,76.669,-7527.42,2.27062,0.2542
7005001,3,60.6678,-7523.81,1.58004,0.2462
7010001,3,55.2962,-7526.56,2.23032,0.2804
7015001,3,61.7641,-7526.77,0.537176,0.2648
7020001,4,75.8951,-7525.69,2.6602,0.2614
7025001,4,79.7321,-7522.81,0.915679,0.268
7030001,3,59.5557,-7527.21,2.45343,0.2588
7035001,3,60.5389,-7524.52,0.459309,0.264
7040001,3,56.9486,-7523.13,1.72258,0.2688
7045001,3,59.4316,-7526.55,2.08673,0.329
7050001,5,93.7378,-7524.18,2.33421,0.2756
7055001,3,59.0268,-7522.22,2.18196,0.2512
7060001,4,76.9433,-7522.46,0.332977,0.279
7065001,3,59.2482,-7521.02,1.22453,0.2398
7070001,4,78.8188,-7525.12,0.940668,0.27
7075001,3,61.5187,-7522.42,0.398037,0.255
7080001,4,76.772,-7528,1.45329,0.2916
7085001,4,74.3175,-7524.54,0.174265,0.2544
7090001,3,55.6062,-7523.68,5.36909,0.2646
7095001,6,114.453,-7522.38,1.25049,0.2956
7100001,3,59.3274,-7521.37,0.601171,0.3096
7105001,5,97.625,-7522.53,1.45484,0.2786
7110001,3,61.3826,-7523.95,0.195451,0.257
7115001,4,80.9148,-7527.77,0.590526,0.2676
7120001,3,57.1697,-7522.28,3.78487,0.2898
7125001,3,61.5376,-7522.29,1.00379,0.2708
7130001,3,59.8327,-7523.19,3.04089,0.2796
7135001,3,61.7746,-7521.95,0.607251,0.2588
7140001,5,95.6872,-7520.75,0.181031,0.2476
7145001,3,59.7109,-7525.83,0.878724,0.2468
7150001,4,81.1668,-7524.83,0.380489,0.2558
7155001,4,71.5884,-7521.27,0.794264,0.2798
7160001,5,95.9936,-7521.27,0.536545,0.262
7165001,3,61.7853,-7523.18,0.32172,0.2884
7170001,3,58.3919,-7525.97,0.383688,0.263
7175001,3,54.9598,-7522.52,2.1228,0.2762
7180001,4,77.7486,-7523.23,0.785229,0.2564
7185001,4,77.7787,-7522.58,0.946506,0.2594
7190001,3,60.8036,-7523.2,0.797037,0.253
7195001,3,57.8999,-7522.79,1.80113,0.248
7200001,3,59.9237,-7528.95,0.267881,0.2678
7205001,3,58.1251,-7520.17,2.48102,0.2572
7210001,6,116.035,-7520.39,0.056584,0.2472
7215001,3,59.7917,-7524.73,1.60234,0.2442
7220001,3,60.1875,-7522.49,0.799155,0.2392
7225001,4,79.4443,-7522.08,0.0921535,0.2656
7230001,4,76.9791,-7520.17,2.93956,0.2482
7235001,3,57.0256,-7521.92,1.83142,0.2222
7240001,3,59.1466,-7520.28,0.631273,0.2516
7245001,3,59.3831,-7519.99,1.02348,0.2372
7250001,5,94.3388,-7525.7,5.17393,0.2518
7255001,3,59.1336,-7523.16,0.191405,0.2878
7260001,3,59.4707,-7521.5,0.0292114,0.2536
7265001,4,77.9871,-7529.18,0.260049,0.3348
7270001,5,95.0039,-7523.24,1.51537,0.3222
7275001,4,79.6326,-7521.78,0.994198,0.295
7280001,3,58.5495,-7523.22,0.959706,0.2662
7285001,3,60.6586,-7527.8,0.13813,0.2706
7290001,3,58.3347,-7521.61,0.193068,0.2502
7295001,4,76.7579,-7518.24,1.59931,0.2348
7300001,4,76.6923,-7520.83,0.544146,0.2542
7305001,4,74.2321,-7528.28,0.141559,0.3116
7310001,3,60.5262,-7523.76,1.20578,0.284
7315001,4,69.0224,-7523.96,1.76661,0.2684
7320001,3,58.8413,-7522.85,1.88704,0.2604
7325001,3,59.5433,-7524.51,0.730325,0.2584
7330001,3,59.7972,-7522.25,1.13432,0.25
7335001,4,76.2226,-7527.64,0.132337,0.2806
7340001,3,61.3336,-7526.52,0.0933919,0.2742
7345001,3,61.4285,-7522.94,0.183582,0.2482
7350001,3,62.3424,-7521.97,0.407191,0.3126
7355001,3,58.5216,-7522.72,1.95162,0.2872
7360001,3,59.5819,-7524.47,0.236355,0.2548
7365001,4,81.65,-7527.94,0.430347,0.2542
7370001,3,61.1306,-7528,0.21675,0.2696
7375001,5,99.7663,-7516.65,0.484798,0.3018
7380001,4,72.6423,-7524.54,4.1523,0.2544
7385001,3,59.0845,-7522.99,0.885356,0.2428
7390001,4,76.6226,-7522,2.04463,0.2304
7395001,3,59.4365,-7523.19,0.853649,0.3028
7400001,3,60.4314,-7524.31,0.445298,0.2654
7405001,3,60.0775,-7525.29,0.00196752,0.2734
7410001,5,99.3436,-7526.54,0.457412,0.2464
7415001,3,59.2577,-7525.49,0.7008,0.2892
7420001,3,58.5469,-7524.67,1.45725,0.2452
7425001,5,93.6594,-7517.56,0.254169,0.2666
7430001,5,98.069,-7515.92,2.33034,0.2636
7435001,3,57.5443,-7524.35,3.17515,0.2754
7440001,3,58.3326,-7523.26,0.680838,0.2588
7445001,3,57.2576,-7523.3,2.35454,0.2646
7450001,3,61.303,-7520.89,0.594606,0.2538
7455001,3,59.5955,-7520.5,0.274602,0.2566
7460001,5,94.699,-7519.84,1.11041,0.2488
7465001,3,59.4282,-7522.31,0.0299773,0.271
7470001,3,59.7083,-7522.56,1.48339,0.2268
7475001,3,60.3909,-7522.1,0.989793,0.2442
7480001,3,53.7035,-7527.53,3.30428,0.2816
7485001,3,59.8075,-7524.89,0.166093,0.2486
7490001,3,60.4649,-7522.4,1.16314,0.2854
7495001,4,73.6525,-7524.98,3.06309,0.2552
7500001,4,81.8159,-7522.09,0.754824,0.2452
7505001,3,58.3365,-7523.08,1.78202,0.2738
7510001,3,57.6534,-7522.82,2.3942,0.2666
7515001,4,78.1021,-7520.11,0.45647,0.2818
7520001,3,61.1939,-7523.01,0.235626,0.28
7525001,3,59.2384,-7520.52,0.908742,0.2644
7530001,3,60.8977,-7524.15,0.194144,0.2452
7535001,3,59.3594,-7522.64,0.2173,0.2484
7540001,3,59.3575,-7520.66,1.5521,0.2522
7545001,3,60.8948,-7521.61,0.296421,0.2776
7550001,5,96.8569,-7520.78,0.318632,0.3064
7555001,3,57.2638,-7521.39,1.19036,0.2534
7560001,3,57.2732,-7521.62,2.47034,0.251
7565001,3,53.9485,-7520.85,0.894768,0.2362
7570001,5,94.7508,-7524.08,3.50776,0.3076
7575001,4,75.9138,-7523.51,0.793894,0.271
7580001,3,57.1503,-7521.43,0.819244,0.2516
7585001,3,59.3004,-7526.92,1.68661,0.2424
7590001,5,97.6012,-7524.68,0.63045,0.2564
7595001,4,77.8849,-7530.02,0.572171,0.2594
7600001,4,77.0447,-7524.47,0.198869,0.2816
7605001,4,73.6781,-7523.45,0.652498,0.3034
7610001,3,58.3446,-7523.46,0.187887,0.256
7615001,4,79.1489,-7524.48,0.00569862,0.2648
7620001,3,58.9206,-7523.25,1.74865,0.2638
7625001,3,57.6629,-7522.02,1.7809,0.2344
7630001,3,58.5569,-7524.38,1.62058,0.2258
7635001,3,54.3051,-7526.11,1.64425,0.2734
7640001,3,59.699,-7522.63,0.548188,0.2712
7645001,6,110.812,-7519.09,0.0884377,0.2568
7650001,3,58.6277,-7523.6,0.375562,0.265
7655001,3,59.8004,-7526.61,0.22047,0.255
7660001,4,75.5006,-7523.2,2.6151,0.2622
7665001,3,56.0704,-7525.21,0.806082,0.2532
7670001,3,60.6211,-7521.15,0.0185625,0.2544
7675001,4,76.1292,-7521.66,0.373962,0.2352
7680001,3,55.1319,-7521.55,4.88433,0.2624
7685001,5,94.5081,-7523.65,1.15714,0.2364
7690001,3,59.8836,-7526.5,0.104817,0.2768
7695001,3,60.991,-7522.6,0.00962464,0.2358
7700001,4,73.2269,-7527.04,1.03275,0.2494
7705001,3,56.0356,-7526.35,0.577805,0.2508
7710001,3,59.0641,-7525.44,1.81091,0.289
7715001,4,76.5505,-7532.52,0.347194,0.259
7720001,3,53.3507,-7522.22,3.77285,0.3184
7725001,4,78.1615,-7523.16,0.967109,0.3058
7730001,4,77.309,-7527.12,1.2087,0.287
7735001,3,61.1825,-7521.63,0.0378707,0.3104
7740001,3,55.5758,-7524.86,0.893211,0.2496
7745001,4,79.3416,-7519.84,0.498765,0.2622
7750001,3,62.153,-7523.79,0.0298195,0.2826
7755001,3,61.8107,-7523,1.15824,0.2674
7760001,4,77.5396,-7523.03,2.22619,0.3128
7765001,3,59.8494,-7523.59,0.962152,0.2616
7770001,5,96.1285,-7523.24,0.390336,0.268
7775001,4,75.1007,-7522.91,0.170032,0.2812
7780001,4,78.1329,-7526.24,0.22135,0.2858
7785001,4,76.2231,-7524.27,1.56054,0.2562
7790001,3,55.5281,-7522.61,0.605741,0.2632
7795001,3,56.4817,-7521.93,2.89923,0.2532
7800001,3,60.4308,-7526.16,0.742697,0.242
7805001,4,77.2533,-7520.93,0.92834,0.2666
7810001,4,78.2965,-7524.79,0.0250218,0.2896
7815001,3,60.0487,-7524.92,2.69361,0.2846
7820001,3,57.5336,-7529.64,2.93288,0.2334
7825001,3,57.8113,-7525.02,2.2271,0.259
7830001,4,76.8711,-7524.6,1.30953,0.287
7835001,5,95.5706,-7528.27,0.504943,0.3036
7840001,4,77.9739,-7519.91,0.554036,0.2646
7845001,3,61.502,-7522.97,0.0552952,0.3208
7850001,4,78.7575,-7522.2,1.2501,0.2606
7855001,3,60.4892,-7523.4,0.0917095,0.2474
7860001,6,117.861,-7528.35,0.710983,0.2842
7865001,3,59.7899,-7524.12,0.834502,0.2664
7870001,3,61.0112,-7527.29,0.43579,0.2702
7875001,3,57.4652,-7521.75,3.90135,0.2394
7880001,4,78.9196,-7521.52,0.213252,0.249
7885001,3,61.5897,-7524.5,0.302842,0.2628
7890001,3,58.4624,-7524.73,1.85586,0.2536
7895001,3,60.882,-7526.48,0.646001,0.274
7900001,3,53.9405,-7523.49,3.78551,0.2628
7905001,3,60.0429,-7526.41,1.36187,0.235
7910001,5,97.2999,-7524.31,1.66293,0.277
7915001,3,58.3693,-7524.34,0.467049,0.2604
7920001,4,81.6609,-7526.88,0.155269,0.2418
7925001,4,78.8095,-7526.49,2.43662,0.2644
7930001,3,61.267,-7526.24,1.6167,0.2924
7935001,3,59.3581,-7529.5,1.2738,0.25
7940001,5,100.505,-7522.61,0.239582,0.2716
7945001,3,60.9003,-7524.23,0.891833,0.2438
7950001,3,54.6415,-7524.93,4.59424,0.2564
7955001,4,80.4144,-7520.2,0.182448,0.27
7960001,3,60.4943,-7524.46,0.40207,0.2368
7965001,4,76.6757,-7524.24,1.14163,0.2634
7970001,3,56.2656,-7526.61,3.82446,0.3006
7975001,5,98.7369,-7532.8,0.150431,0.28
7980001,3,59.8821,-7524.45,1.68623,0.2646
7985001,3,56.7993,-7524.53,0.449884,0.2534
7990001,3,60.9499,-7526.54,0.461265,0.2582
7995001,3,58.7611,-7526.21,1.53037,0.2372
8000001,3,58.531,-7521.17,2.0841,0.2816
8005001,3,58.0517,-7522.55,0.851937,0.2418
8010001,3,59.7251,-7523.12,0.00220455,0.2504
8015001,3,59.2425,-7522.8,2.31169,0.2704
8020001,4,78.4828,-7525.13,0.878908,0.2592
8025001,3,60.5225,-7522.28,0.155639,0.2514
8030001,3,60.7262,-7524.89,1.06976,0.2136
8035001,6,114.238,-7521.73,4.51588,0.2722
8040001,4,75.8935,-7523.03,1.30039,0.2868
8045001,3,58.1215,-7522.39,2.32959,0.2456
8050001,3,59.1668,-7521.76,0.279187,0.2748
8055001,4,78.2143,-7522.06,0.0261394,0.2426
8060001,3,59.2647,-7523.29,0.434044,0.2694
8065001,4,79.3426,-7520.25,1.10816,0.267
8070001,3,58.9514,-7523.02,2.11011,0.2814
8075001,3,58.4933,-7522.31,3.61794,0.2556
8080001,3,60.8598,-7525.32,0.247206,0.2556
8085001,3,59.4903,-7522.22,0.246936,0.2348
8090001,4,77.7249,-7527.93,1.90338,0.2726
8095001,3,58.2268,-7520.5,2.3285,0.2656
8100001,3,58.2717,-7522.01,0.652462,0.2818
8105001,4,79.1042,-7523.71,0.972481,0.256
8110001,4,77.414,-7520.97,0.0372507,0.2652
8115001,3,61.6459,-7522.13,0.469803,0.2554
8120001,3,60.5075,-7522.27,0.806646,0.2498
8125001,6,109.186,-7518.74,2.49343,0.308
8130001,4,77.789,-7521.62,0.554174,0.2668
8135001,3,60.0306,-7521.36,0.416808,0.261
8140001,3,59.1233,-7522.35,1.75856,0.2742
8145001,3,60.6715,-7524.68,0.046371,0.2362
8150001,3,59.8077,-7527.56,0.559627,0.2374
8155001,4,76.7882,-7522.74,2.09908,0.281
8160001,3,61.4359,-7520.75,0.471491,0.2728
8165001,4,78.6127,-7523.84,0.472076,0.2622
8170001,4,79.2067,-7524.91,0.676378,0.2648
8175001,5,92.7828,-7523.3,3.23787,0.294
8180001,5,99.6906,-7522.16,0.535533,0.2556
8185001,3,59.5306,-7522.46,0.415071,0.2996
8190001,3,61.1733,-7520.16,0.627131,0.2382
8195001,3,56.2867,-7523.41,1.75837,0.244
8200001,4,77.8489,-7522.38,1.60975,0.2358
8205001,3,60.1536,-7524.11,0.412367,0.268
8210001,3,57.8587,-7526.07,3.94886,0.2696
8215001,3,58.6383,-7525.12,1.84768,0.2604
8220001,3,60.6225,-7523.18,0.754919,0.294
8225001,3,58.1602,-7521.24,0.105886,0.2364
8230001,4,73.2762,-7518.86,2.91013,0.2412
8235001,3,56.665,-7527.89,0.885716,0.252
8240001,3,59.0473,-7522.71,1.05139,0.24
8245001,3,56.3421,-7523.47,2.33457,0.259
8250001,5,97.3281,-7522.53,0.552242,0.2446
8255001,4,77.124,-7523.05,1.23054,0.2864
8260001,5,95.1366,-7517.89,1.60954,0.2772
8265001,3,58.9171,-7522.23,1.83243,0.2514
8270001,3,60.2451,-7521.27,0.412064,0.2802
8275001,3,59.5045,-7523.03,1.74355,0.2478
8280001,3,62.2096,-7527.27,0.560908,0.2628
8285001,4,76.2051,-7526.13,0.350148,0.2616
8290001,3,57.892,-7529.01,1.89077,0.2868
8295001,5,96.4169,-7521.87,0.523293,0.2492
8300001,4,77.691,-7519.85,0.207394,0.2452
8305001,3,58.7862,-7526.24,1.89674,0.2822
8310001,3,59.0373,-7521.1,2.31878,0.2818
8315001,3,52.8128,-7523.23,2.69481,0.2944
8320001,3,58.3077,-7522.39,0.270177,0.236
8325001,4,78.7107,-7523.12,0.179179,0.2422
8330001,3,60.1396,-7522.51,1.37585,0.2854
8335001,3,60.9199,-7520.81,0.0561511,0.2654
8340001,3,58.76,-7523.41,2.57872,0.281
8345001,3,60.2853,-7520.33,0.0677572,0.243
8350001,4,77.8998,-7521.11,1.87456,0.2826
8355001,3,57.9435,-7522.07,0.428587,0.2942
8360001,3,61.7457,-7528.57,0.789064,0.2504
8365001,5,99.2071,-7519.12,0.0766007,0.2836
8370001,3,59.3289,-7522.04,0.242871,0.2654
8375001,3,62.6874,-7527.19,0.182835,0.3232
8380001,3,60.8564,-7523.93,1.12728,0.2858
8385001,3,61.2354,-7526.63,0.122333,0.2456
8390001,3,59.7971,-7525.91,0.659627,0.2354
8395001,3,58.5873,-7523.64,2.65877,0.2542
8400001,3,59.5335,-7522.45,2.37774,0.2426
8405001,4,74.6426,-7523.14,1.12541,0.2454
8410001,3,61.3557,-7525.75,0.02281,0.2872
8415001,3,61.305,-7528,1.00168,0.2554
8420001,5,93.7123,-7524.23,4.34521,0.2938
8425001,4,77.3083,-7523.08,2.2236,0.2634
8430001,3,59.3787,-7524.36,1.48267,0.2792
8435001,3,59.0203,-7529.61,0.82359,0.2808
8440001,3,56.5674,-7527.32,0.581865,0.2648
8445001,3,59.1519,-7524.32,0.360814,0.2624
8450001,3,59.635,-7529.68,0.035517,0.2558
8455001,4,77.9462,-7520.1,0.84395,0.2282
8460001,3,59.4687,-7521.06,0.0444793,0.2698
8465001,3,57.946,-7524.28,0.417705,0.2478
8470001,4,72.988,-7522.91,2.07148,0.2458
8475001,4,77.1607,-7528.08,1.81429,0.2752
8480001,5,93.9686,-7528.7,1.96278,0.2538
8485001,5,95.1728,-7524.19,0.924999,0.3516
8490001,3,60.9182,-7522.76,0.480288,0.2466
8495001,3,60.1083,-7526.14,0.645769,0.283
8500001,3,55.0267,-7522.88,1.97549,0.2678
8505001,3,60.4477,-7520.72,0.233104,0.254
8510001,3,61.635,-7523.08,0.960856,0.2506
8515001,3,60.4366,-7520.23,0.216139,0.2434
8520001,3,59.3746,-7522.96,2.37736,0.2636
8525001,4,78.6091,-7522.72,0.331286,0.2714
8530001,5,96.739,-7522.6,0.607123,0.2598
8535001,3,58.3403,-7527.28,0.0288663,0.2674
8540001,3,56.719,-7522.03,2.65946,0.2506
8545001,4,80.8238,-7527.73,0.125428,0.2934
8550001,3,58.8468,-7521.97,0.397099,0.2626
8555001,3,58.8519,-7523.96,0.433073,0.2712
8560001,5,95.871,-7522.74,0.48002,0.3048
8565001,4,76.6884,-7526.84,1.02869,0.2518
8570001,3,59.2639,-7526.09,0.0668305,0.2734
8575001,4,72.0093,-7519.2,3.98588,0.266
8580001,3,58.9058,-7523.5,0.454401,0.2268
8585001,4,74.3455,-7520.97,0.0210984,0.2806
8590001,3,60.0523,-7519.91,0.78014,0.2452
8595001,4,74.4525,-7522.11,2.79179,0.239
8600001,3,60.2911,-7524.78,0.108087,0.2972
8605001,4,78.4235,-7520.71,0.737955,0.2472
8610001,3,60.2555,-7523.2,0.879177,0.2364
8615001,3,59.2132,-7521.68,0.311571,0.2632
8620001,4,78.4382,-7521.8,1.55651,0.3058
8625001,3,60.274,-7523.22,0.744127,0.2536
8630001,4,76.1712,-7522.71,1.39257,0.266
8635001,3,60.6552,-7524.4,0.550659,0.2482
8640001,4,76.1475,-7520.99,0.149402,0.2736
8645001,4,78.8315,-7521,1.27609,0.2404
8650001,3,59.6801,-7519.94,0.642725,0.2358
8655001,3,59.1172,-7522.66,1.77529,0.2258
8660001,6,114.56,-7520.02,0.831764,0.2724
8665001,4,76.4706,-7529.12,0.00906,0.249
8670001,3,59.7228,-7525.85,0.959853,0.235
8675001,3,61.4772,-7524.18,0.0061146,0.2974
8680001,5,100.202,-7527.34,0.638699,0.2614
8685001,4,78.0653,-7529.92,0.288995,0.255
8690001,4,79.4409,-7525.38,0.352292,0.2842
8695001,3,58.5038,-7520.33,2.33034,0.2512
8700001,3,61.2005,-7524.44,0.104357,0.2434
8705001,4,78.1692,-7520.1,0.0616855,0.2502
8710001,4,72.6611,-7521.47,1.65022,0.2636
8715001,3,60.6359,-7522.83,0.0647111,0.2732
8720001,3,60.7027,-7524.38,0.574861,0.2502
8725001,3,59.5305,-7525.69,1.66274,0.2536
8730001,3,59.5942,-7525.19,1.22639,0.2786
8735001,3,59.9513,-7525.63,0.945742,0.2854
8740001,3,61.1487,-7525.36,0.815668,0.2548
8745001,3,61.7821,-7524.16,0.033386,0.2686
8750001,3,57.4094,-7525.6,0.341793,0.269
8755001,3,57.7182,-7529.68,0.786484,0.2504
8760001,4,80.114,-7522.45,0.0798096,0.2626
8765001,3,60.3882,-7522.42,0.420956,0.2394
8770001,3,57.7297,-7526.29,1.99315,0.2706
8775001,3,56.6779,-7527.43,5.05625,0.2706
8780001,3,61.8596,-7525.24,0.252143,0.2492
8785001,3,59.2415,-7521.55,2.62635,0.2736
8790001,3,56.55,-7526.07,3.24376,0.2872
8795001,3,59.7609,-7524.83,1.24737,0.2398
8800001,3,60.1416,-7520.63,0.186392,0.2476
8805001,3,59.3575,-7521.23,0.875555,0.2726
8810001,3,61.6676,-7522.84,0.106969,0.2496
8815001,3,59.529,-7522.88,0.108088,0.2684
8820001,3,60.0883,-7522.52,1.06693,0.2566
8825001,3,56.8588,-7521.73,2.70505,0.267
8830001,3,59.0145,-7522.29,1.58213,0.2354
8835001,4,79.4932,-7521.5,0.304881,0.2456
8840001,5,98.4668,-7522,0.428685,0.2758
8845001,3,59.8892,-7522.88,0.0977365,0.2624
8850001,4,80.6879,-7527.64,1.10506,0.266
8855001,4,73.7022,-7520.85,1.66789,0.275
8860001,4,78.1537,-7520.99,0.47477,0.2236
8865001,4,79.8559,-7519.35,0.708943,0.2482
8870001,3,60.7087,-7522.75,0.0231763,0.258
8875001,3,60.5033,-7525.26,1.25245,0.2348
8880001,4,80.9656,-7528.35,0.0161502,0.2492
8885001,3,59.4006,-7521.37,1.94286,0.277
8890001,3,58.0213,-7522.9,0.0958863,0.2656
8895001,3,59.2934,-7521.58,1.26883,0.298
8900001,3,56.132,-7524.13,0.0253047,0.2484
8905001,3,58.4167,-7524.91,0.554193,0.2826
8910001,5,96.3987,-7526.31,1.05657,0.2582
8915001,5,97.2905,-7526.23,0.102662,0.2758
8920001,3,58.9899,-7520.77,0.155021,0.266
8925001,3,60.5256,-7520.43,0.631443,0.265
8930001,3,60.1788,-7522.33,1.46572,0.2582
8935001,4,76.6833,-7525.47,0.665687,0.273
8940001,3,60.652,-7519.78,0.326109,0.274
8945001,3,58.3302,-7522.36,0.689749,0.272
8950001,3,57.1655,-7526.16,0.148163,0.2336
8955001,4,78.3958,-7523.37,1.11334,0.265
8960001,4,75.5565,-7520.56,0.689395,0.274
8965001,5,95.8602,-7525.81,1.26637,0.2574
8970001,3,60.7517,-7523.92,0.333234,0.282
8975001,4,75.768,-7519.95,0.284763,0.233
8980001,3,60.5284,-7523.17,0.183055,0.2806
8985001,5,97.5031,-7525.8,0.869578,0.28
8990001,3,54.4493,-7528.2,1.47418,0.2786
8995001,3,57.1959,-7521.57,1.53794,0.2706
9000001,5,95.3919,-7522.47,1.11917,0.2728
9005001,3,58.2142,-7521.47,1.76373,0.2648
9010001,3,62.1627,-7523.03,0.0186656,0.2744
9015001,3,60.5162,-7522.52,0.947595,0.2666
9020001,3,60.6458,-7520.65,0.0982196,0.26
9025001,3,58.0814,-7521.8,3.14884,0.2374
9030001,3,57.1549,-7529.6,1.64702,0.2606
9035001,3,57.7884,-7520.97,2.88713,0.2682
9040001,3,59.9531,-7521.1,0.828074,0.2712
9045001,4,75.4195,-7525.77,0.621184,0.2698
9050001,3,60.1508,-7525.71,0.0143404,0.2534
9055001,4,77.5914,-7522.85,1.14125,0.2582
9060001,3,60.2332,-7521.48,2.09216,0.2344
9065001,4,76.1654,-7522.86,0.0279629,0.2958
9070001,3,58.0064,-7523.3,0.383115,0.2402
9075001,3,58.9685,-7524.23,1.40934,0.2332
9080001,3,59.1533,-7525.86,0.299636,0.238
9085001,4,76.9115,-7521.44,0.323625,0.272
9090001,4,76.8648,-7524.85,0.0335838,0.2672
9095001,3,56.0273,-7522,1.93661,0.2724
9100001,3,58.263,-7523.04,1.41573,0.2676
9105001,3,60.0044,-7523.44,0.3986,0.284
9110001,3,59.3927,-7521.05,0.316642,0.229
9115001,3,58.9202,-7523.45,0.784645,0.2394
9120001,4,73.8246,-7523.9,3.6629,0.248
9125001,4,78.4907,-7518.11,0.0312274,0.2996
9130001,3,57.5238,-7521.26,0.0880403,0.2398
9135001,3,60.8632,-7526.85,0.550901,0.2406
9140001,4,78.4265,-7521.58,0.176465,0.253
9145001,3,58.4814,-7522.8,1.45579,0.2236
9150001,3,59.3164,-7520.29,0.133149,0.2874
9155001,3,58.6285,-7521.07,0.270248,0.2446
9160001,3,58.3914,-7520.72,0.333879,0.2626
9165001,3,62.4397,-7525.17,0.0326575,0.2552
9170001,4,77.7016,-7521.77,0.571737,0.251
9175001,3,60.0381,-7522.11,0.385811,0.26
9180001,6,115.347,-7519.86,0.113675,0.2704
9185001,3,60.2745,-7520.27,0.655015,0.2718
9190001,3,61.4481,-7526.65,0.158634,0.28
9195001,3,57.8777,-7522.85,1.13664,0.247
9200001,3,60.1277,-7521.1,0.0772961,0.2476
9205001,5,96.5689,-7521.49,0.771263,0.2996
9210001,4,78.1695,-7517.6,0.404935,0.267
9215001,3,59.8256,-7523.56,0.506738,0.2768
9220001,3,58.1614,-7524.59,1.10007,0.2856
9225001,4,76.344,-7521.18,1.9473,0.2842
9230001,3,59.9887,-7522.62,0.374645,0.2638
9235001,4,77.1656,-7524.83,0.229072,0.2594
9240001,3,60.1954,-7527.46,1.02922,0.2912
9245001,3,60.6739,-7522.98,0.522697,0.2304
9250001,3,60.8154,-7524.2,0.396617,0.2824
9255001,4,77.78,-7523.5,1.13363,0.2564
9260001,3,57.6792,-7523.04,3.06625,0.2784
9265001,5,90.7421,-7523.68,0.461753,0.2562
9270001,3,60.3972,-7522.7,0.0187412,0.2944
9275001,3,59.7396,-7522.29,0.222023,0.2458
9280001,3,60.803,-7525.67,0.345963,0.2524
9285001,4,78.9445,-7527.84,0.563863,0.2764
9290001,3,57.2382,-7527.42,0.710557,0.2546
9295001,3,55.8582,-7523.86,4.47462,0.2396
9300001,3,60.9975,-7521.11,0.417575,0.2404
9305001,4,76.2842,-7521.37,0.609756,0.286
9310001,3,60.9552,-7520.55,0.50049,0.303
9315001,4,75.5074,-7519.51,1.83347,0.2404
9320001,3,58.4028,-7522.24,0.867717,0.2772
9325001,3,57.9166,-7528.1,2.2604,0.2478
9330001,3,61.0388,-7521.25,0.261081,0.2646
9335001,3,57.3729,-7529.72,1.8197,0.258
9340001,4,81.2012,-7519.23,0.0733033,0.2556
9345001,4,79.1541,-7528.09,0.51649,0.276
9350001,3,59.7224,-7520.38,0.952088,0.259
9355001,3,60.6738,-7521.05,1.13446,0.2552
9360001,3,60.7065,-7523.8,1.09611,0.2556
9365001,4,79.3197,-7521.18,0.707613,0.2556
9370001,4,76.5843,-7523.67,0.697554,0.2504
9375001,3,60.3714,-7525.43,1.13769,0.2602
9380001,4,78.6092,-7517.6,1.38828,0.2672
9385001,3,60.1059,-7519.85,0.803352,0.2584
9390001,3,59.4494,-7527.52,1.32122,0.227
9395001,4,76.4638,-7527.89,0.767554,0.2886
9400001,4,79.0434,-7525.34,0.0899994,0.2464
9405001,3,59.8486,-7522.64,0.853664,0.2344
9410001,5,99.1007,-7525.8,1.50472,0.2556
9415001,4,78.6858,-7524.7,0.51349,0.2714
9420001,5,96.6288,-7527.86,0.960799,0.314
9425001,3,59.6129,-7523.73,0.354478,0.2526
9430001,4,78.5472,-7520.97,0.295505,0.2742
9435001,3,57.3746,-7525.22,3.648,0.2616
9440001,3,60.1985,-7522.91,0.636749,0.247
9445001,4,76.1824,-7526.59,2.12668,0.2516
9450001,4,76.0754,-7521.76,2.28456,0.2768
9455001,5,94.2578,-7527.11,0.688446,0.2604
9460001,3,59.3704,-7522.46,1.06967,0.2552
9465001,3,60.528,-7519.84,0.369028,0.2766
9470001,3,61.4525,-7523.5,0.566817,0.2668
9475001,3,57.5222,-7528.27,0.724325,0.2368
9480001,3,55.1402,-7523.24,4.1115,0.2444
9485001,3,59.014,-7521.16,1.44112,0.267
9490001,3,58.4889,-7521.39,0.672603,0.2644
9495001,3,60.086,-7524.83,0.0962058,0.2694
9500001,3,58.139,-7520.76,0.700643,0.2658
9505001,4,77.0818,-7523.5,0.100872,0.281
9510001,3,58.9345,-7522.42,1.1771,0.2468
9515001,3,61.5501,-7521.21,0.166451,0.2534
9520001,4,79.5023,-7529.54,0.614614,0.2962
9525001,4,80.712,-7528.25,0.686106,0.2696
9530001,4,72.1935,-7526.92,0.237871,0.31
9535001,3,61.8139,-7522.51,0.0931307,0.2766
9540001,4,81.0525,-7523.12,0.172638,0.2678
9545001,4,75.8199,-7522.75,0.774484,0.3122
9550001,3,60.7914,-7523.71,0.167615,0.2566
9555001,4,77.1391,-7525.05,0.652022,0.2522
9560001,5,96.6383,-7529.27,0.905263,0.2462
9565001,3,60.4105,-7525.93,0.766538,0.2998
9570001,4,78.1564,-7525.48,0.41715,0.2694
9575001,3,59.7135,-7528.52,1.29337,0.2462
9580001,3,60.9224,-7523.88,0.0946598,0.2584
9585001,4,77.1563,-7530.21,2.3664,0.2846
9590001,3,59.0517,-7527.64,2.63672,0.2524
9595001,4,73.8022,-7526.6,2.89779,0.2648
9600001,3,58.8791,-7526.75,1.44204,0.244
9605001,5,97.1804,-7521.15,2.61883,0.2812
9610001,4,76.3988,-7522.42,0.339239,0.289
9615001,3,56.7049,-7524.78,4.64925,0.2658
9620001,3,59.3992,-7529.62,2.91762,0.2518
9625001,3,57.1924,-7527,1.61298,0.264
9630001,4,74.5114,-7522.26,0.452743,0.255
9635001,4,77.4531,-7521.07,0.778219,0.269
9640001,3,60.2834,-7526.81,0.376985,0.2476
9645001,4,79.7324,-7521.68,0.445042,0.2416
9650001,3,58.7609,-7523.42,0.305507,0.2282
9655001,3,58.6779,-7526.57,0.449764,0.2398
9660001,3,57.5149,-7522.86,0.928685,0.2372
9665001,3,59.6347,-7526.72,0.249878,0.2402
9670001,3,50.3084,-7524.53,0.267467,0.2768
9675001,3,59.5238,-7528.43,0.779417,0.2582
9680001,5,95.6525,-7522.73,0.87993,0.242
9685001,3,61.2401,-7523.44,0.400651,0.2714
9690001,3,59.5486,-7522.02,1.57407,0.251
9695001,3,60.6456,-7522.87,0.011644,0.2476
9700001,4,78.8585,-7521.15,0.758749,0.2478
9705001,3,59.2867,-7524.41,1.77835,0.243
9710001,3,58.4169,-7522.2,2.44043,0.266
9715001,3,57.5852,-7521.24,3.2138,0.2762
9720001,3,59.2723,-7524.5,0.427357,0.2548
9725001,3,59.6908,-7526.19,1.35246,0.2414
9730001,3,60.7254,-7524.98,0.148889,0.2566
9735001,3,59.9725,-7529.05,0.0114628,0.2756
9740001,4,78.7783,-7525.89,1.89222,0.2886
9745001,3,58.4469,-7528.12,0.359377,0.2888
9750001,3,58.6589,-7527,0.10764,0.2944
9755001,4,79.258,-7520.15,1.18845,0.2472
9760001,4,78.1054,-7515.28,0.255239,0.2378
9765001,4,76.1713,-7516.42,3.72231,0.277
9770001,4,77.6388,-7514.79,1.58243,0.2448
9775001,4,79.7161,-7513.07,0.132325,0.2636
9780001,4,80.0905,-7514.58,0.68939,0.2692
9785001,3,59.1075,-7522.06,1.20973,0.2946
9790001,3,56.4133,-7524.35,3.8979,0.271
9795001,3,61.6371,-7520.98,0.0384345,0.2618
9800001,4,78.5603,-7521.5,0.0764757,0.2706
9805001,3,61.1626,-7524.56,0.853327,0.2696
9810001,3,59.7484,-7526.18,0.351078,0.305
9815001,3,59.8396,-7521.79,0.0532246,0.2514
9820001,3,59.7596,-7528.04,1.3469,0.2642
9825001,3,60.5813,-7523.71,0.486827,0.2808
9830001,3,61.6603,-7525.75,0.117051,0.241
9835001,4,80.0707,-7523.86,0.950013,0.258
9840001,3,59.9761,-7523.11,0.0129509,0.3004
9845001,3,56.7414,-7527.17,0.873719,0.252
9850001,3,60.6592,-7524.55,1.06847,0.2788
9855001,3,57.6727,-7523.14,1.65035,0.2386
9860001,3,58.0179,-7525.7,2.69248,0.2308
9865001,3,59.3169,-7524.69,0.460657,0.247
9870001,3,61.1511,-7522.2,0.264862,0.2572
9875001,4,80.1873,-7520.01,0.079678,0.235
9880001,4,79.8845,-7524.55,0.434454,0.2856
9885001,4,77.5478,-7522.27,1.45643,0.281
9890001,3,58.2784,-7521.13,0.368622,0.2952
9895001,3,51.963,-7525.11,1.12135,0.2406
9900001,3,58.4522,-7523.63,0.247957,0.2488
9905001,4,75.2326,-7521,3.68175,0.2434
9910001,3,61.2717,-7523.62,0.0950012,0.2588
9915001,4,77.5716,-7524.24,0.591453,0.2422
9920001,3,57.4378,-7526.14,1.19307,0.252
9925001,3,59.18,-7525.61,1.22767,0.2374
9930001,4,79.286,-7522.78,0.0787519,0.249
9935001,4,79.2646,-7524.32,0.798181,0.2582
9940001,4,75.4597,-7521.36,0.304213,0.266
9945001,5,95.3278,-7525.65,0.0695815,0.2664
9950001,3,57.9213,-7528.59,0.053,0.2844
9955001,3,56.6264,-7528,0.169677,0.2374
9960001,3,58.262,-7522.83,0.20519,0.296
9965001,3,60.0594,-7525.99,0.796097,0.2366
9970001,4,79.1848,-7521.75,1.69058,0.2256
9975001,3,60.0047,-7520.8,1.10194,0.2332
9980001,3,60.9583,-7522.72,0.461476,0.2488
9985001,3,60.0246,-7523.16,0.68795,0.2458
9990001,3,57.838,-7523.89,1.81836,0.2266
9995001,4,78.4941,-7519.91,0.126653,0.2784
