generation,N_shifts,logPrior,logLik,eventRate,acceptRate
1,0,-188.227,-184950,50,1
10001,31,311.534,-8572.79,13.3321,0.4733
20001,33,345.714,-8092.71,46.1137,0.5028
30001,35,374.366,-8026.53,36.108,0.4996
40001,40,440.373,-8020.75,116.619,0.4852
50001,39,438.701,-7977.85,4.9121,0.4918
60001,35,382.553,-7898.34,9.51597,0.487
70001,27,416.55,-7911.58,44.5166,0.5068
80001,29,438.315,-7924.46,87.1159,0.516
90001,24,368.293,-7902.14,104.31,0.5239
100001,18,258.386,-7919.15,23.567,0.5066
110001,15,235.381,-7914.37,13.85,0.4942
120001,23,348.386,-7915.59,161.141,0.4913
130001,16,253.99,-7919.05,20.0308,0.4896
140001,11,163.357,-7912.2,130.694,0.4764
150001,17,266.756,-7915.28,30.5388,0.4827
160001,17,270.423,-7906.36,30.164,0.4861
170001,25,389.077,-7908.07,114.466,0.5214
180001,20,305.678,-7912.38,13.5393,0.511
190001,21,325.53,-7905.5,164.168,0.4978
200001,19,305.52,-7895.48,47.844,0.4894
210001,22,328.305,-7903.48,81.6328,0.4959
220001,24,366.314,-7908.67,60.1115,0.4963
230001,24,380.303,-7908.77,3.78384,0.5201
240001,24,368.215,-7897.17,44.9521,0.5062
250001,20,312.054,-7903.86,22.3704,0.5018
260001,23,355.276,-7902.65,20.7769,0.4952
270001,18,277.202,-7906.91,84.7415,0.4888
280001,18,284.06,-7916.99,30.3404,0.4846
290001,22,335.426,-7896.82,14.1033,0.5001
300001,22,342.746,-7911.2,22.2866,0.4996
310001,23,362.005,-7904.07,30.9697,0.4885
320001,29,448.856,-7895.75,6.60664,0.5048
330001,18,277.402,-7908.83,16.2246,0.4969
340001,21,323.481,-7905.01,43.1659,0.4915
350001,21,325.065,-7908.42,91.0333,0.4736
360001,27,427.604,-7889.77,33.4883,0.511
370001,22,341.927,-7896.02,3.1436,0.5123
380001,23,354.561,-7916.73,69.7634,0.5033
390001,22,336.184,-7907.44,18.695,0.5024
400001,17,268.051,-7910.87,32.2045,0.4968
410001,18,277.337,-7902.64,0.666575,0.4868
420001,24,366.474,-7901.77,13.1189,0.4986
430001,15,237.007,-7908.07,0.394443,0.5111
440001,14,222.048,-7917.81,49.0514,0.4771
450001,20,313.513,-7918.19,18.9316,0.5148
460001,23,351.814,-7899.4,232.108,0.4993
470001,19,291.484,-7912.97,28.1895,0.5074
480001,26,404.669,-7903.01,41.9784,0.5109
490001,24,378.221,-7905.03,41.8038,0.5078
500001,29,442.066,-7890.61,30.6647,0.5
510001,32,497.893,-7895.33,12.2167,0.5225
520001,29,443.882,-7884.69,22.2489,0.5023
530001,29,452.241,-7886.4,37.6503,0.4985
540001,20,314.193,-7904.05,66.5544,0.4824
550001,22,344.468,-7897.64,18.1045,0.499
560001,16,248.981,-7903.45,71.8197,0.4573
570001,19,302.738,-7913.49,0.352607,0.4684
580001,20,313.211,-7909.41,7.55365,0.5137
590001,16,250.719,-7890.61,5.99311,0.4947
600001,13,208.86,-7900.96,53.7149,0.4603
610001,13,206.155,-7905.19,49.1815,0.4929
620001,20,308.182,-7908.63,80.9768,0.5286
630001,18,277.675,-7898.02,188.104,0.5015
640001,17,263.254,-7898.46,30.4977,0.5061
650001,14,211.458,-7899.7,53.4916,0.4951
660001,20,309.661,-7893.88,54.5309,0.4792
670001,15,231.709,-7889.79,57.2138,0.4815
680001,21,321.691,-7893.75,55.0282,0.4988
690001,16,240.176,-7900.73,16.9032,0.5021
700001,20,314.481,-7894.78,37.1043,0.5067
710001,21,318.93,-7894.56,111.636,0.496
720001,28,424.478,-7895.48,45.3574,0.5227
730001,21,332.123,-7902.59,3.1149,0.5374
740001,21,321.267,-7896.09,19.5703,0.5132
750001,15,229.283,-7898.69,77.9994,0.5078
760001,17,262.453,-7897.96,83.263,0.5079
770001,17,257.746,-7898.07,24.827,0.5141
780001,18,279.886,-7908.05,46.2217,0.497
790001,21,326.413,-7898.71,103.895,0.517
800001,17,266.261,-7897.37,0.265447,0.5025
810001,13,197.705,-7899.5,42.0118,0.5071
820001,20,316.688,-7899.56,16.6851,0.5107
830001,22,343.949,-7906.57,86.8599,0.516
840001,18,281.074,-7906.05,106.43,0.5201
850001,20,302.417,-7903.43,56.5345,0.4882
860001,20,308.387,-7883.81,17.1698,0.5205
870001,19,293.765,-7903.59,63.0853,0.511
880001,26,406.293,-7911.58,40.3837,0.5345
890001,19,302.658,-7909.57,7.54929,0.5365
900001,19,293.309,-7894.81,55.0181,0.5049
910001,14,213.06,-7899.89,5.46299,0.4818
920001,15,226.286,-7897.8,130.888,0.5156
930001,23,359.697,-7891.67,0.300836,0.5072
940001,25,391.464,-7896.07,35.0475,0.5191
950001,13,200.535,-7904.1,65.3467,0.5125
960001,16,246.463,-7906.36,66.151,0.4817
970001,23,340.468,-7896.12,21.6919,0.5162
980001,19,282.323,-7899.68,47.1968,0.5358
990001,16,242.821,-7909.32,66.2279,0.5094
1000001,16,250.203,-7885.8,47.4233,0.4783
1010001,16,250.406,-7896.17,49.1137,0.5072
1020001,19,298.205,-7887.83,41.3367,0.4895
1030001,22,333.389,-7879.71,67.2653,0.5155
1040001,21,321.832,-7904.04,34.3924,0.509
1050001,14,211.614,-7902.49,11.2509,0.4812
1060001,20,297.062,-7891,39.3026,0.504
1070001,16,250.225,-7899.95,28.7039,0.5231
1080001,15,233.353,-7902.37,49.0406,0.5042
1090001,25,390.71,-7902.8,8.78524,0.5148
1100001,17,266.483,-7901.09,1.4453,0.5319
1110001,13,202.471,-7907.14,1.21294,0.5091
1120001,15,228.743,-7902.52,20.0188,0.4886
1130001,19,297.74,-7891.75,39.8342,0.5311
1140001,10,157.908,-7900.38,70.0468,0.4771
1150001,18,277.645,-7903.24,67.6778,0.4672
1160001,20,307.551,-7900.53,14.1076,0.5145
1170001,14,216.877,-7900.98,79.8184,0.5074
1180001,23,352.098,-7892.2,115.236,0.5163
1190001,25,382.949,-7901.39,17.7897,0.5261
1200001,16,254.191,-7893.86,8.03205,0.4906
1210001,22,345.089,-7894.77,49.0307,0.509
1220001,23,358.099,-7899.43,6.79127,0.5151
1230001,21,326.876,-7898.76,167.416,0.4968
1240001,24,378.331,-7891.66,115.047,0.5164
1250001,18,271.048,-7885.32,67.513,0.5251
1260001,20,302.815,-7893.25,27.7978,0.5029
1270001,25,388.98,-7888.88,3.06397,0.5195
1280001,17,247.221,-7900.47,8.13578,0.5169
1290001,23,347.389,-7911.35,265.099,0.509
1300001,29,439.981,-7882.32,163.893,0.5163
1310001,27,426.21,-7891.38,69.0835,0.5029
1320001,22,335.045,-7877.16,18.5971,0.506
1330001,20,308.685,-7873.96,3.66663,0.5077
1340001,21,315.783,-7862.82,114.769,0.4968
1350001,29,450.223,-7884.34,5.69556,0.5069
1360001,23,352.584,-7887.22,110.626,0.494
1370001,22,330.068,-7889.66,54.4715,0.5245
1380001,24,380.023,-7885.44,91.1092,0.5039
1390001,17,261.673,-7890.17,37.6944,0.5106
1400001,22,341.547,-7884.34,2.33193,0.4875
1410001,17,264.161,-7891.18,33.6597,0.5151
1420001,19,289.662,-7884.06,54.9744,0.4891
1430001,20,304.768,-7889.05,6.65599,0.5052
1440001,17,255.969,-7893.31,31.0429,0.4917
1450001,17,257.544,-7879.37,100.705,0.4732
1460001,24,369.33,-7892.47,20.973,0.4891
1470001,19,294.443,-7890.16,66.332,0.5128
1480001,21,337.292,-7893.14,38.4881,0.493
1490001,19,298.861,-7894.73,5.4363,0.5108
1500001,23,361.898,-7895.94,1.81295,0.5074
1510001,15,232.081,-7903.22,151.983,0.495
1520001,21,322.757,-7897.99,70.9494,0.5191
1530001,17,263.081,-7901.2,18.5159,0.4877
1540001,17,263.029,-7898.86,81.861,0.5057
1550001,21,318.076,-7890.18,201.651,0.5235
1560001,13,203.41,-7898.67,12.843,0.496
1570001,25,391.584,-7892.05,4.47827,0.5074
1580001,19,287.659,-7906.93,6.76638,0.5053
1590001,11,162.385,-7902.65,30.2389,0.4788
1600001,17,261.1,-7897.34,22.4241,0.4693
1610001,13,203.787,-7889.71,52.6031,0.4884
1620001,18,273.281,-7886.25,22.47,0.479
1630001,14,212.414,-7900.87,10.6583,0.4809
1640001,14,217.879,-7900.51,5.32601,0.4849
1650001,9,126.956,-7872.51,60.4671,0.4671
1660001,12,179.943,-7865.8,45.795,0.497
1670001,13,197.834,-7871.63,104.458,0.5243
1680001,13,195.056,-7874.47,63.5069,0.5388
1690001,12,177.606,-7880.54,7.62596,0.5244
1700001,11,167.888,-7874.75,5.59217,0.5281
1710001,15,223.721,-7864.98,23.9359,0.5281
1720001,21,318.163,-7861.84,64.0477,0.5321
1730001,14,207.265,-7865.58,72.3327,0.5525
1740001,9,134.921,-7878.96,40.4706,0.5483
1750001,24,363.697,-7870.17,82.9441,0.5332
1760001,15,223.441,-7872.45,61.2364,0.5369
1770001,14,208.419,-7875.45,110.575,0.5261
1780001,9,137.28,-7875.63,40.5588,0.5227
1790001,6,81.5843,-7862.92,320.031,0.5251
1800001,16,247.816,-7869.91,55.8641,0.4958
1810001,14,208.188,-7862.3,26.4284,0.5437
1820001,14,205.704,-7868.69,3.57093,0.5305
1830001,13,186.651,-7867.47,131.658,0.5125
1840001,13,204.192,-7871.12,36.0266,0.532
1850001,13,197.937,-7867.84,56.459,0.5367
1860001,16,246.589,-7862.07,50.4854,0.5452
1870001,10,153.718,-7874.42,54.4504,0.5442
1880001,21,323.779,-7867.12,19.2542,0.5184
1890001,17,248.488,-7862.14,155.182,0.5155
1900001,23,342.81,-7870.95,77.074,0.5397
1910001,10,151.736,-7874.17,7.84153,0.539
1920001,14,205.712,-7870.93,53.1061,0.54
1930001,16,245.519,-7865.25,18.0188,0.5444
1940001,13,201.95,-7863.56,60.2195,0.535
1950001,13,206.838,-7864.26,33.3737,0.5356
1960001,12,179.424,-7864.55,28.2068,0.5421
1970001,9,139.457,-7879.91,12.1522,0.516
1980001,13,185.005,-7869.49,163.577,0.5062
1990001,5,68.2526,-7874.89,68.4734,0.5257
2000001,16,246.569,-7865.72,1.55745,0.5212
2010001,18,268.661,-7857.84,9.52109,0.5344
2020001,21,321.385,-7859.67,5.28868,0.5453
2030001,18,277.762,-7870.91,44.7315,0.5471
2040001,11,168.397,-7872.5,109.332,0.5385
2050001,8,118.449,-7873.33,6.52349,0.5324
2060001,10,149.827,-7872.5,44.0402,0.5127
2070001,22,335.177,-7863.79,110.169,0.5608
2080001,14,213.801,-7867.66,186.474,0.5325
2090001,6,86.0713,-7874.01,80.5936,0.5362
2100001,17,257.348,-7875.41,16.5956,0.5359
2110001,5,74.2921,-7877.77,5.66766,0.4984
2120001,10,149.016,-7869.51,149.772,0.5106
2130001,6,90.1997,-7868.76,23.8089,0.5447
2140001,3,42.4086,-7879.1,28.5254,0.5026
2150001,10,142.088,-7872.79,81.0711,0.5024
2160001,11,159.041,-7875.65,13.2831,0.5175
2170001,8,119.271,-7874.52,0.561007,0.5345
2180001,14,212.552,-7870.99,61.5221,0.5208
2190001,12,173.983,-7868.12,37.6293,0.5119
2200001,11,157.706,-7868.88,32.4794,0.5223
2210001,12,178.416,-7874.53,33.8034,0.5114
2220001,13,199.279,-7867.95,28.7491,0.5384
2230001,16,239.134,-7869.85,57.0825,0.5474
2240001,12,177.145,-7865.85,37.1979,0.521
2250001,18,279.688,-7860.41,63.0952,0.5465
2260001,13,196.645,-7867.75,201.077,0.5356
2270001,7,106.075,-7873.52,29.7679,0.535
2280001,9,136.254,-7871.26,142.024,0.5328
2290001,12,181.604,-7873.41,9.3306,0.518
2300001,17,253.808,-7866.36,37.9953,0.5466
2310001,12,178.291,-7870.12,50.1166,0.5331
2320001,16,237.929,-7866.01,96.8218,0.5455
2330001,16,238.159,-7861.82,182.448,0.5354
2340001,17,256.712,-7867.64,20.6872,0.5469
2350001,13,197.514,-7860.93,2.9134,0.5366
2360001,13,195.544,-7868.81,2.58067,0.5318
2370001,17,251.945,-7858.91,1.95168,0.5324
2380001,16,243.202,-7868.95,124.028,0.5521
2390001,8,121.046,-7876.09,2.97297,0.5095
2400001,15,214.207,-7874.43,17.2892,0.5276
2410001,11,172.121,-7868.57,22.9358,0.5187
2420001,10,153.683,-7871.52,14.307,0.5317
2430001,14,204.421,-7880.61,24.9576,0.5223
2440001,15,218.108,-7873.92,12.973,0.5494
2450001,17,262.481,-7864.92,17.2936,0.542
2460001,13,196.166,-7868.19,11.2215,0.5596
2470001,19,289.8,-7862.49,3.13393,0.557
2480001,21,317.246,-7864.79,12.0611,0.5389
2490001,13,196.13,-7862.24,42.3375,0.5582
2500001,10,153.718,-7871.51,39.7909,0.5107
2510001,11,165.906,-7878.44,29.9084,0.5212
2520001,11,161.681,-7878.74,10.5122,0.5135
2530001,13,188.358,-7871.9,37.3736,0.5203
2540001,12,178.839,-7872.95,48.7264,0.5124
2550001,7,98.1411,-7874.46,42.3719,0.5456
2560001,19,293.325,-7869.29,92.7207,0.5174
2570001,14,219.872,-7864.11,13.9533,0.5446
2580001,11,166.301,-7869.67,114.079,0.5467
2590001,16,237.12,-7865.98,16.8971,0.5315
2600001,11,169.346,-7871.78,47.2855,0.5447
2610001,20,301.023,-7875.33,59.9933,0.5281
2620001,17,257.887,-7859.59,2.27011,0.5318
2630001,13,190.39,-7874.79,5.07376,0.5207
2640001,13,198.605,-7875.93,4.48536,0.5394
2650001,8,115.755,-7870.94,44.6903,0.5383
2660001,22,334.324,-7856.04,10.802,0.5355
2670001,13,180.004,-7862.24,16.0981,0.5288
2680001,15,227.305,-7858.19,23.6176,0.5265
2690001,15,215.634,-7864,129.217,0.5215
2700001,11,164.604,-7864.93,25.5375,0.5471
2710001,17,255.97,-7851.16,10.2173,0.511
2720001,13,200.517,-7861.32,79.2684,0.5333
2730001,18,272.23,-7863.03,64.8024,0.5334
2740001,21,315.892,-7859.76,39.2888,0.5656
2750001,17,254.814,-7862.76,147.887,0.5379
2760001,13,189.365,-7859.56,46.4012,0.535
2770001,11,167.802,-7865.98,34.7752,0.5353
2780001,7,97.1313,-7875.64,137.588,0.5421
2790001,15,223.041,-7871.56,132.287,0.5352
2800001,18,271.821,-7870.73,21.3788,0.524
2810001,8,120.551,-7874.56,140.916,0.5238
2820001,15,228.56,-7866.69,22.3885,0.5302
2830001,11,168.551,-7859.76,34.4997,0.5356
2840001,13,200.575,-7864.72,25.0972,0.5272
2850001,17,259.583,-7877.63,45.4768,0.5381
2860001,17,263.838,-7861.91,111.38,0.5424
2870001,11,163.854,-7859.81,194.659,0.5342
2880001,11,174.802,-7871.72,8.66026,0.5284
2890001,14,206.584,-7871.76,72.7339,0.5308
2900001,24,359.82,-7873.64,75.3851,0.5527
2910001,17,257.513,-7867.93,3.30076,0.5521
2920001,5,74.5627,-7871.53,1.20513,0.5215
2930001,12,181.416,-7867.56,144.725,0.5081
2940001,20,299.61,-7861.6,8.45065,0.5254
2950001,15,234.635,-7861.79,7.69528,0.5307
2960001,18,270.881,-7862.68,0.991007,0.5263
2970001,17,243.197,-7855.23,71.5597,0.5407
2980001,21,308.555,-7863.69,46.1888,0.54
2990001,7,101.896,-7857.94,40.8275,0.5228
3000001,13,194.91,-7866.66,5.82447,0.5077
3010001,14,206.748,-7868.73,10.3509,0.5354
3020001,14,200.953,-7865.56,84.398,0.5181
3030001,14,209.058,-7859.69,46.165,0.5349
3040001,16,245.952,-7866.2,14.4807,0.5391
3050001,8,119.599,-7874.58,5.70378,0.5314
3060001,14,212.728,-7875.44,65.3319,0.5158
3070001,13,200.175,-7866.32,42.1206,0.5368
3080001,11,168.05,-7868.13,90.6149,0.5019
3090001,8,108.93,-7868.26,177.584,0.5292
3100001,21,321.013,-7867.38,5.16187,0.5218
3110001,9,130.128,-7873.77,156.854,0.552
3120001,6,85.2842,-7875.57,1.89999,0.5264
3130001,18,271.141,-7871.58,86.5292,0.5201
3140001,23,353.761,-7859.5,104.84,0.5602
3150001,14,215.237,-7866.44,17.5369,0.5471
3160001,8,123.612,-7875.5,9.25732,0.5569
3170001,8,123.694,-7875.77,19.3798,0.5089
3180001,14,210.835,-7874.14,131.526,0.5305
3190001,10,145.835,-7876.52,131.491,0.5367
3200001,11,162.996,-7875.95,16.3377,0.5154
3210001,19,289.223,-7874.22,114.196,0.533
3220001,10,151.336,-7876.13,159.549,0.5412
3230001,10,146.112,-7873.69,62.6727,0.5152
3240001,17,257.489,-7863.79,152.784,0.5438
3250001,17,262.491,-7871.08,28.0534,0.5458
3260001,10,137.455,-7869.9,109.623,0.5308
3270001,11,158.824,-7867.82,50.7351,0.5014
3280001,12,181.825,-7867.56,35.4926,0.5006
3290001,15,219.205,-7871.27,13.3114,0.5533
3300001,20,308.673,-7865.75,52.9894,0.5422
3310001,17,250.252,-7873.77,50.4658,0.5241
3320001,11,163.066,-7873.4,159.985,0.5569
3330001,13,194.743,-7872.32,86.0787,0.5387
3340001,16,241.957,-7869.7,25.8205,0.5489
3350001,19,286.352,-7871.35,14.9428,0.5388
3360001,18,277.78,-7875.52,43.7848,0.5322
3370001,14,208.505,-7863.34,3.88314,0.5594
3380001,16,242.995,-7865.62,19.8029,0.5277
3390001,12,173.291,-7865.39,25.277,0.5261
3400001,16,239.454,-7867.97,50.9247,0.5334
3410001,14,213.139,-7863.3,22.7291,0.5423
3420001,23,351.587,-7867.22,25.3418,0.5495
3430001,16,235.379,-7864.81,26.7712,0.5679
3440001,13,196.747,-7872.02,15.4689,0.5238
3450001,13,198.756,-7878.78,9.34546,0.5487
3460001,5,72.1084,-7872.27,4.23948,0.5071
3470001,5,75.2511,-7870.6,20.1158,0.4875
3480001,9,131.206,-7875.32,28.9957,0.516
3490001,12,179.503,-7873.42,50.1586,0.5446
3500001,19,281.683,-7863.26,2.67529,0.531
3510001,24,358.16,-7856.18,43.2461,0.552
3520001,13,198.607,-7867.72,32.4104,0.5361
3530001,7,99.3584,-7873.85,137.209,0.4644
3540001,9,137.352,-7870.37,32.8453,0.5109
3550001,11,161.149,-7858.61,18.8159,0.5249
3560001,15,233.87,-7858.61,5.7691,0.5423
3570001,21,311.127,-7860.85,50.4723,0.5509
3580001,14,204.471,-7856.46,174.987,0.5359
3590001,13,188.324,-7856.47,44.9595,0.5228
3600001,14,196.424,-7847.74,67.0963,0.5478
3610001,17,257.682,-7863.16,1.45169,0.5269
3620001,11,160.449,-7863.15,0.955629,0.5531
3630001,12,179.305,-7868.06,39.6882,0.5253
3640001,16,236.713,-7858.5,44.4916,0.5172
3650001,13,193.383,-7858.04,55.8375,0.5164
3660001,17,260.553,-7863.14,20.4839,0.5296
3670001,11,167.263,-7869.27,108.838,0.5393
3680001,11,160.25,-7868.07,74.1885,0.5462
3690001,16,245.667,-7864.05,64.0409,0.5391
3700001,8,115.788,-7867.75,135.548,0.5411
3710001,12,184.001,-7854.92,58.6367,0.5069
3720001,16,243.531,-7857.99,12.4642,0.4982
3730001,10,149.541,-7868.31,59.9343,0.5436
3740001,14,210.824,-7867.43,54.0422,0.5069
3750001,11,166.488,-7870.6,4.77362,0.5209
3760001,16,247.274,-7869.92,32.6378,0.5342
3770001,13,202.431,-7866.83,69.4769,0.5367
3780001,11,165.387,-7868.81,42.4925,0.5452
3790001,17,259.722,-7876.61,97.292,0.5441
3800001,11,165.683,-7870.78,1.95021,0.5351
3810001,11,163.963,-7870.5,8.0269,0.5368
3820001,13,199.457,-7858.78,5.71294,0.5544
3830001,14,217.197,-7872.83,73.4922,0.5345
3840001,12,181.862,-7861.47,201.975,0.5185
3850001,7,108.942,-7874.12,1.21076,0.5007
3860001,13,193.812,-7874.48,9.58117,0.5251
3870001,13,200.239,-7867.57,211.928,0.5416
3880001,8,123.446,-7859.47,108.433,0.5022
3890001,17,263.446,-7858.46,6.02576,0.5297
3900001,20,304.924,-7864.1,82.2991,0.5496
3910001,15,227.36,-7861.5,42.5078,0.5262
3920001,14,210.555,-7862.61,0.618117,0.5271
3930001,8,120.92,-7872.2,21.2083,0.5261
3940001,17,252.04,-7859.92,1.25274,0.5338
3950001,18,276.089,-7859.91,54.4789,0.5496
3960001,8,118.156,-7869.01,81.001,0.5216
3970001,10,142.274,-7867.15,233.732,0.5267
3980001,11,165.998,-7872.24,83.1046,0.5309
3990001,18,268.666,-7860,86.3562,0.5268
4000001,17,259.467,-7869.22,23.6964,0.54
4010001,20,308.358,-7856.74,12.325,0.5355
4020001,14,212.151,-7859.7,41.2778,0.5553
4030001,21,317.631,-7842.03,55.8414,0.5446
4040001,19,280.169,-7850.63,39.2926,0.5447
4050001,10,152.33,-7849.44,40.14,0.5324
4060001,15,230.76,-7863.91,41.9759,0.5105
4070001,13,197.248,-7859.79,144.976,0.5345
4080001,19,282.91,-7857.58,1.0274,0.5217
4090001,24,368.884,-7857.27,15.6113,0.5587
4100001,9,139.75,-7871.53,1.52828,0.5614
4110001,8,119.035,-7878.4,14.4052,0.5337
4120001,5,73.1957,-7871.84,34.2888,0.5032
4130001,11,166.335,-7872.98,34.4981,0.5111
4140001,14,214.564,-7869.95,83.503,0.5344
4150001,12,185.262,-7869.99,4.26461,0.5381
4160001,12,182.728,-7864.87,106.476,0.5344
4170001,10,149.138,-7871.12,8.92335,0.5172
4180001,5,73.8811,-7876.55,18.026,0.4534
4190001,11,161.059,-7861.35,17.6804,0.5043
4200001,14,210.416,-7859.63,14.412,0.5031
4210001,12,182.163,-7865.36,48.5065,0.5322
4220001,13,196.592,-7856.52,1.10551,0.5082
4230001,20,298.66,-7862.39,8.47146,0.5335
4240001,16,240.605,-7861.93,16.0109,0.5413
4250001,14,209.61,-7870.25,124.681,0.5418
4260001,12,182.33,-7866.88,6.73107,0.5541
4270001,11,168.821,-7869.72,7.85092,0.526
4280001,7,99.5958,-7869.58,100.306,0.535
4290001,11,166.141,-7866.56,30.0209,0.5415
4300001,6,92.5132,-7862.16,28.4246,0.5081
4310001,9,137.786,-7870.66,67.9926,0.4829
4320001,13,197.277,-7869.61,81.6904,0.5478
4330001,13,197.257,-7865.22,71.0621,0.5332
4340001,14,215.499,-7858.43,28.6292,0.5537
4350001,12,175.58,-7871.51,48.7561,0.5299
4360001,6,84.236,-7872.91,58.6289,0.5086
4370001,4,52.5158,-7871.56,71.71,0.5211
4380001,13,189.913,-7868.64,283.695,0.5212
4390001,15,225.382,-7859.54,48.1214,0.5358
4400001,10,155.224,-7864.58,33.7412,0.5405
4410001,8,115.407,-7865.76,44.5639,0.5126
4420001,15,233.193,-7858.35,173.919,0.5292
4430001,14,211.019,-7861.68,4.48882,0.5325
4440001,14,215.993,-7863.75,25.8569,0.5329
4450001,13,194.5,-7875.98,9.63699,0.5111
4460001,17,254.689,-7869.49,55.1228,0.5405
4470001,12,175.111,-7864.5,30.3115,0.501
4480001,11,169.938,-7864.64,12.5604,0.534
4490001,12,182.769,-7865.19,16.5805,0.5351
4500001,19,282.911,-7854.89,86.1579,0.5277
4510001,18,274.43,-7867.85,16.3211,0.5493
4520001,17,265.595,-7862.75,56.8966,0.538
4530001,9,130.829,-7865.95,74.5853,0.5374
4540001,11,168.495,-7869.09,7.70142,0.5137
4550001,5,72.034,-7872.77,100.832,0.5121
4560001,13,191.607,-7864.66,41.8515,0.5283
4570001,6,90.9113,-7864.7,82.3975,0.5251
4580001,9,133.623,-7871.92,38.786,0.5146
4590001,10,153.91,-7864.89,5.25911,0.5236
4600001,16,245.578,-7865.12,27.8402,0.5389
4610001,15,218.682,-7867.81,51.3888,0.5476
4620001,7,105.144,-7875.01,101.085,0.4902
4630001,9,142.218,-7871.88,36.314,0.5232
4640001,10,158.146,-7867.42,8.63258,0.522
4650001,6,89.8319,-7871.45,28.2473,0.5108
4660001,12,187.472,-7874.74,47.1053,0.5235
4670001,11,158.69,-7864.49,9.37722,0.5244
4680001,12,181.935,-7863.87,61.1803,0.5182
4690001,13,199.523,-7867.51,34.9062,0.5354
4700001,17,256.021,-7871.3,170.992,0.5148
4710001,7,101.575,-7873.02,64.8168,0.5196
4720001,9,141.135,-7870.52,43.5351,0.5239
4730001,9,136.662,-7866.32,81.1116,0.5437
4740001,13,201.345,-7871.15,15.305,0.5312
4750001,12,183.881,-7870.49,8.95137,0.5508
4760001,19,286.402,-7871.08,6.98723,0.5491
4770001,17,259.98,-7865.58,95.7785,0.5414
4780001,17,253.728,-7869.2,61.5308,0.5492
4790001,13,188.777,-7867.14,30.6611,0.541
4800001,12,184.89,-7869.77,11.8769,0.5059
4810001,12,172.865,-7859.3,20.8855,0.514
4820001,13,194.283,-7862.87,55.1124,0.5138
4830001,13,199.732,-7866.43,20.9572,0.5354
4840001,13,194.873,-7874.26,19.8651,0.5408
4850001,13,195.388,-7859.07,45.1493,0.5295
4860001,12,182.318,-7863.98,30.6652,0.5136
4870001,17,259.257,-7866.35,23.1806,0.5362
4880001,23,358.895,-7860.29,19.2528,0.5383
4890001,14,209.501,-7867.98,17.9976,0.5293
4900001,17,260.321,-7869.51,82.8397,0.5216
4910001,6,88.3438,-7874.46,98.5699,0.5124
4920001,16,247.315,-7874.15,43.4711,0.5211
4930001,12,180.129,-7871.97,101.39,0.535
4940001,7,102.433,-7870.78,13.2989,0.5489
4950001,8,121.868,-7868.63,70.0888,0.5038
4960001,10,147.485,-7860.55,76.0117,0.5361
4970001,13,202.758,-7875.22,41.7908,0.5143
4980001,14,212.666,-7866.32,58.1553,0.5375
4990001,16,241.415,-7864.8,36.2929,0.5185
5000001,10,149.028,-7865.23,5.48985,0.5453
5010001,15,222.581,-7859.13,49.632,0.5331
5020001,14,211.75,-7859.72,19.3072,0.5406
5030001,17,254.143,-7865.45,37.2844,0.5385
5040001,10,155.477,-7861.68,19.6672,0.5397
5050001,14,215.554,-7869.71,54.2515,0.5327
5060001,13,206.411,-7862.71,16.6728,0.5354
5070001,14,204.916,-7869.23,2.21744,0.5457
5080001,15,227.368,-7863.06,39.1999,0.5167
5090001,7,102.663,-7873.11,6.03368,0.5198
5100001,6,91.3172,-7872.35,16.0524,0.4829
5110001,6,89.3577,-7866.5,24.8676,0.5127
5120001,10,148.948,-7868.56,125.513,0.5219
5130001,15,233.341,-7866.88,27.235,0.5236
5140001,16,244.268,-7867.89,18.8801,0.55
5150001,10,151.181,-7864.12,111.767,0.5379
5160001,16,244.26,-7851.63,2.60481,0.5293
5170001,15,226.432,-7857.64,12.4761,0.5266
5180001,19,285.115,-7859.4,28.2395,0.5399
5190001,20,301.862,-7866.08,22.5834,0.5439
5200001,23,349.535,-7860.48,26.9214,0.5488
5210001,13,199.531,-7864.36,12.5862,0.5607
5220001,13,190.666,-7866.86,63.9526,0.5321
5230001,9,129.654,-7866.1,28.2895,0.5214
5240001,15,220.975,-7863.08,22.6438,0.5316
5250001,11,170.347,-7854.65,56.554,0.5099
5260001,8,115.899,-7868.15,25.4824,0.5405
5270001,15,212.754,-7866.23,19.502,0.5348
5280001,8,116.516,-7869.27,92.6051,0.5429
5290001,16,239.872,-7860.52,49.8881,0.5259
5300001,13,197.027,-7853.84,12.7085,0.5421
5310001,10,151.278,-7859.75,29.5624,0.515
5320001,12,180.4,-7871.7,14.343,0.5464
5330001,12,172.526,-7866.67,12.8314,0.5402
5340001,13,192.687,-7862.07,1.74749,0.5206
5350001,13,188.409,-7866.24,93.1701,0.5425
5360001,10,141.883,-7869.44,126.427,0.5134
5370001,9,135.776,-7874.38,3.97015,0.5177
5380001,10,143.273,-7860.02,166.07,0.5257
5390001,12,180.923,-7855.05,5.43255,0.5404
5400001,9,132.671,-7859.92,70.5836,0.5368
5410001,12,184.577,-7858.51,76.1711,0.5024
5420001,18,267.934,-7844.61,2.17798,0.5087
5430001,10,151.008,-7854.84,30.1478,0.5074
5440001,18,272.424,-7860.45,45.3377,0.5139
5450001,12,174.753,-7858.95,8.25552,0.5276
5460001,10,144.445,-7863.41,25.7262,0.5215
5470001,6,84.6098,-7864.09,4.49482,0.5369
5480001,9,132.705,-7865.57,40.3449,0.4967
5490001,13,195.234,-7855.34,15.2257,0.5387
5500001,17,256.634,-7861.95,179.821,0.5497
5510001,14,204.404,-7869.33,53.8109,0.5541
5520001,5,64.1619,-7868.56,176.192,0.5389
5530001,11,160.642,-7872.43,30.4753,0.5212
5540001,18,267.771,-7857.89,99.0657,0.5483
5550001,10,155.415,-7868.74,1.84317,0.5093
5560001,19,285.294,-7857.88,30.886,0.5369
5570001,16,242.938,-7876.37,26.355,0.536
5580001,13,199.133,-7871.63,14.5565,0.5553
5590001,15,226.741,-7861.56,79.9615,0.5273
5600001,19,283.754,-7864.05,7.70687,0.5374
5610001,16,244.29,-7858.29,60.2442,0.5567
5620001,11,165.137,-7869.08,10.1407,0.5365
5630001,12,172.169,-7864.31,27.4221,0.5243
5640001,13,199.825,-7865.07,32.5797,0.5439
5650001,10,149.207,-7864.76,10.0481,0.5095
5660001,13,197.916,-7868.91,3.71645,0.5019
5670001,14,213.378,-7867.12,24.536,0.5181
5680001,17,253.137,-7865.36,29.6109,0.5521
5690001,14,220.334,-7864.01,32.3523,0.5441
5700001,13,198.596,-7861.6,13.526,0.5405
5710001,13,200.207,-7864.53,1.3293,0.5394
5720001,11,165.072,-7873.39,15.9838,0.5322
5730001,17,260.011,-7860.81,118.435,0.5544
5740001,7,102.374,-7869.8,20.6789,0.5473
5750001,13,202.709,-7862.02,15.4121,0.5362
5760001,11,167.163,-7874.14,41.6185,0.5396
5770001,10,146.751,-7869.08,75.1566,0.5258
5780001,11,157.457,-7871.19,225.074,0.5625
5790001,11,166.234,-7870.36,104.659,0.5245
5800001,14,212.036,-7865.16,92.5645,0.5215
5810001,13,195.92,-7864.44,45.1281,0.5132
5820001,9,134.09,-7864.21,11.2303,0.5335
5830001,12,178.981,-7867.69,5.66794,0.5063
5840001,12,174.603,-7871.71,2.36127,0.5442
5850001,13,195.63,-7867.8,55.9399,0.5351
5860001,17,257.075,-7867.88,29.2244,0.5461
5870001,20,296.077,-7866.03,34.752,0.5386
5880001,16,243.976,-7867.67,54.4798,0.548
5890001,10,143.453,-7866.3,103.263,0.5378
5900001,14,202.384,-7861.86,46.5072,0.5256
5910001,16,243.185,-7857.26,65.8511,0.5124
5920001,18,273.892,-7857.5,106.362,0.541
5930001,14,212.485,-7865.47,44.5656,0.529
5940001,9,135.672,-7872.19,121.914,0.5283
5950001,8,121.115,-7870.48,20.3209,0.5263
5960001,17,249.869,-7866.87,117.917,0.5109
5970001,9,129.177,-7866.57,17.7452,0.5122
5980001,11,161.185,-7869.03,37.1892,0.5382
5990001,10,152.467,-7873.93,143.7,0.5237
6000001,15,233.663,-7864.9,78.1621,0.5237
6010001,14,208.191,-7870.98,72.9882,0.5339
6020001,14,213.343,-7872.45,33.8942,0.541
6030001,10,149.972,-7870.91,74.761,0.53
6040001,7,105.82,-7871.81,92.6069,0.5051
6050001,12,179.304,-7871.97,109.178,0.5261
6060001,16,244.803,-7858.32,18.4104,0.544
6070001,17,257.021,-7853.61,54.2239,0.544
6080001,16,243.159,-7866.67,6.84585,0.5567
6090001,16,246.268,-7855.25,4.74057,0.5485
6100001,23,353.382,-7865.85,78.3942,0.543
6110001,14,208.299,-7856.38,61.4267,0.521
6120001,10,142.885,-7861.29,10.206,0.5035
6130001,26,388.82,-7851.95,182.939,0.5222
6140001,20,298.566,-7853.01,72.843,0.5505
6150001,13,198.147,-7862.59,39.4645,0.5434
6160001,9,134.569,-7865.56,12.8268,0.5344
6170001,20,294.036,-7862.62,17.0337,0.5416
6180001,12,175.576,-7867,110.121,0.5375
6190001,16,241.071,-7864.18,49.8196,0.5226
6200001,14,215.728,-7864.38,4.73882,0.5337
6210001,16,238.717,-7863.47,17.497,0.5233
6220001,12,179.615,-7859.47,20.2352,0.5231
6230001,11,160.571,-7863.15,1.23348,0.5214
6240001,12,180.369,-7869.35,31.5927,0.5178
6250001,19,277.653,-7860.32,2.34932,0.525
6260001,13,193.115,-7863.03,69.8764,0.5282
6270001,13,201.393,-7868.79,8.83884,0.5361
6280001,9,136.398,-7869.05,49.2257,0.5273
6290001,7,103.87,-7874.52,17.6466,0.476
6300001,14,208.871,-7862.4,14.8229,0.5163
6310001,10,148.039,-7855.52,37.7859,0.517
6320001,20,305.981,-7858.24,144.933,0.5288
6330001,19,288.021,-7865.83,30.5051,0.5395
6340001,14,214.538,-7868.54,71.1255,0.5138
6350001,18,266.235,-7864.77,114.024,0.5413
6360001,19,289.001,-7867.63,44.1189,0.54
6370001,14,211.747,-7864.7,24.4257,0.525
6380001,23,348.21,-7860.05,12.1827,0.5297
6390001,11,169.043,-7860.69,12.5066,0.5266
6400001,15,225.966,-7867.17,10.4482,0.5443
6410001,12,183.861,-7867.81,32.0867,0.5248
6420001,8,121.295,-7869.92,23.6142,0.5402
6430001,7,103.617,-7870.23,91.9692,0.5273
6440001,8,124.513,-7867.32,37.7332,0.5235
6450001,11,159.468,-7875.67,4.44956,0.5145
6460001,11,163.858,-7866.15,155.578,0.5384
6470001,17,248.558,-7860.93,39.2841,0.5367
6480001,17,252.715,-7869.55,57.3116,0.5511
6490001,17,258.838,-7860.6,89.4193,0.5365
6500001,12,176.64,-7857.46,25.9505,0.5473
6510001,13,199.577,-7860.44,67.7813,0.5219
6520001,18,277.877,-7857.25,80.5364,0.5226
6530001,10,151.174,-7869.63,108.222,0.532
6540001,14,211.501,-7868.41,52.0957,0.5268
6550001,15,228.992,-7865.19,15.415,0.5288
6560001,14,208.16,-7865.31,34.452,0.5431
6570001,22,341.29,-7861.39,122.374,0.5417
6580001,14,205.653,-7860.91,6.59702,0.5456
6590001,15,225.095,-7856.69,35.1626,0.5293
6600001,9,138.837,-7862.29,66.3363,0.5205
6610001,15,227.431,-7867.09,64.9168,0.5214
6620001,18,273.021,-7850.55,0.563493,0.5238
6630001,18,280.801,-7869.88,97.6472,0.5154
6640001,18,253.644,-7858.01,57.6813,0.5455
6650001,16,244.284,-7863.37,16.2774,0.5432
6660001,10,153.277,-7869.21,30.3324,0.5241
6670001,8,113.808,-7865.3,7.13002,0.525
6680001,9,126.178,-7864.22,108.14,0.5099
6690001,12,182.004,-7865.01,3.65345,0.5363
6700001,8,110.511,-7863.23,13.5947,0.4958
6710001,13,191.991,-7857.71,15.7641,0.5176
6720001,15,232.669,-7868.62,48.2715,0.539
6730001,10,142.787,-7865.85,12.1162,0.5283
6740001,13,192.926,-7861.82,152.226,0.5191
6750001,11,163.854,-7855.86,10.6339,0.5321
6760001,8,114.006,-7868.47,46.9841,0.5131
6770001,14,205.427,-7870.86,26.0825,0.5187
6780001,16,237.646,-7865.48,20.7577,0.5236
6790001,16,234.284,-7864.14,28.0815,0.5373
6800001,13,198.228,-7860.32,67.6731,0.5451
6810001,11,171.433,-7869.04,40.416,0.506
6820001,12,184.525,-7863.14,23.4381,0.5489
6830001,9,135.217,-7866.44,56.9125,0.5015
6840001,13,187.26,-7866.67,18.6562,0.4904
6850001,12,178.487,-7863.24,30.3479,0.5185
6860001,14,210.688,-7866.27,50.8924,0.5332
6870001,19,290.479,-7858.97,12.0088,0.5279
6880001,17,253.574,-7863.97,112.391,0.5482
6890001,10,147.715,-7867.18,130.257,0.5188
6900001,20,297.504,-7851.19,20.7891,0.5355
6910001,9,131.889,-7869.82,29.7939,0.5228
6920001,10,145.052,-7863.16,21.8482,0.5356
6930001,10,146.375,-7872.63,192.967,0.4989
6940001,11,168.441,-7874.6,9.60188,0.5268
6950001,20,304.616,-7870.51,133.106,0.5465
6960001,11,165.933,-7870.53,1.62857,0.5418
6970001,12,177.084,-7868.59,113.242,0.5187
6980001,13,193.768,-7865.88,5.71485,0.533
6990001,9,130.089,-7861.14,9.41575,0.5445
7000001,10,149.904,-7871.77,62.8243,0.5051
7010001,6,89.0209,-7864.11,12.6774,0.5202
7020001,16,240.124,-7872.32,151.629,0.4832
7030001,21,321.76,-7868.53,36.0317,0.5377
7040001,14,206.025,-7863.99,82.5953,0.5451
7050001,17,251.8,-7867,99.1107,0.522
7060001,17,251.656,-7869.26,8.75635,0.545
7070001,12,190.828,-7865.13,10.0942,0.5389
7080001,18,262.83,-7860.7,48.2324,0.5419
7090001,17,256.553,-7857.33,10.565,0.5249
7100001,17,251.738,-7856.36,27.4912,0.5441
7110001,16,242.633,-7858.95,59.3047,0.5315
7120001,11,160.766,-7862.89,41.864,0.53
7130001,11,164.332,-7864.47,10.0899,0.5166
7140001,13,192.108,-7859.32,91.9502,0.5367
7150001,15,223.495,-7861.68,19.0862,0.5372
7160001,10,143.984,-7870.49,72.5942,0.5157
7170001,15,228.382,-7854.6,50.0021,0.499
7180001,11,168.64,-7855.73,58.0334,0.5157
7190001,14,213.192,-7869.01,149.641,0.5085
7200001,16,239.722,-7858.98,1.25421,0.5336
7210001,10,145.187,-7866.62,57.3583,0.5207
7220001,14,209.207,-7865.43,8.81523,0.5364
7230001,13,195.762,-7862.75,124.977,0.5224
7240001,8,119.883,-7866.04,17.2104,0.5435
7250001,11,165.968,-7864.19,16.0665,0.4781
7260001,15,224.049,-7855.87,217.982,0.5556
7270001,17,245.873,-7847.68,313.287,0.5449
7280001,7,102.578,-7862.18,3.83089,0.5183
7290001,14,213.226,-7854.99,56.3314,0.52
7300001,12,178.225,-7871.84,11.6839,0.5354
7310001,16,236.581,-7860.84,55.5,0.5466
7320001,12,185.924,-7862.96,22.6396,0.5231
7330001,13,201.851,-7864.74,15.1747,0.5294
7340001,7,99.001,-7866.92,66.6188,0.5465
7350001,16,246.806,-7866.89,64.3928,0.5313
7360001,12,178.955,-7864.01,12.9529,0.5405
7370001,13,195.804,-7868.34,11.5809,0.5545
7380001,23,351.895,-7863.97,119.861,0.5705
7390001,13,191.108,-7858.56,11.8148,0.5483
7400001,10,150.016,-7876.48,41.96,0.5004
7410001,12,183.468,-7866.06,43.9585,0.5279
7420001,6,85.9033,-7864.75,32.3562,0.5278
7430001,10,155.953,-7866.68,3.03998,0.5122
7440001,12,182.097,-7874.41,47.4757,0.5405
7450001,15,223.513,-7865.91,20.2816,0.5461
7460001,12,185.322,-7862.41,24.047,0.5392
7470001,9,131.692,-7869.44,50.361,0.5103
7480001,12,174.458,-7859.57,90.95,0.5408
7490001,15,226.596,-7863.19,25.7932,0.5326
7500001,20,300.078,-7868.45,29.5476,0.547
7510001,18,269.854,-7859.22,39.7854,0.5559
7520001,18,272.06,-7859.41,23.901,0.5493
7530001,8,117.025,-7865.57,103.372,0.5394
7540001,14,205.061,-7863.37,14.8732,0.5169
7550001,15,216.848,-7864.82,17.0382,0.5387
7560001,15,231.47,-7853.57,21.8092,0.5561
7570001,9,136.36,-7856.38,90.0343,0.5274
7580001,12,173.694,-7860.57,87.4622,0.5222
7590001,12,177.394,-7863.69,14.1191,0.5327
7600001,9,134.653,-7867.3,57.5696,0.5154
7610001,4,53.3035,-7870.12,64.0095,0.5282
7620001,9,125.096,-7868.68,10.5727,0.5257
7630001,9,129.732,-7866.75,18.5558,0.5307
7640001,8,117.556,-7871.05,57.6576,0.5136
7650001,10,144.714,-7868.11,80.3716,0.508
7660001,5,72.2852,-7870.56,31.9172,0.5173
7670001,13,201.481,-7868.33,24.1121,0.5243
7680001,18,279.85,-7858.51,41.6439,0.5417
7690001,15,229.473,-7857.14,61.8433,0.5341
7700001,18,274.307,-7860.33,52.0877,0.5378
7710001,13,195.886,-7851.23,195.871,0.5289
7720001,6,88.6173,-7869.16,0.277211,0.5434
7730001,16,241.151,-7862.69,26.9794,0.5167
7740001,15,231.053,-7869.27,18.2754,0.5395
7750001,19,281.208,-7866.26,173.914,0.5425
7760001,9,132.931,-7859.07,88.1562,0.5245
7770001,9,131.019,-7877.87,26.2112,0.4862
7780001,19,287.53,-7859.08,7.86604,0.5223
7790001,15,223.875,-7859.16,87.6667,0.5414
7800001,17,259.874,-7858.99,35.4582,0.5257
7810001,11,155.303,-7866.28,73.926,0.5259
7820001,9,138.566,-7871.21,5.45217,0.5336
7830001,18,269.679,-7863.76,52.4905,0.5298
7840001,11,163.478,-7868.07,92.2226,0.5418
7850001,16,244.643,-7866.13,89.9299,0.5406
7860001,13,191.041,-7870.16,104.044,0.5309
7870001,7,105.502,-7875.55,208.485,0.5439
7880001,11,169.542,-7869.8,2.69831,0.5291
7890001,11,167.946,-7874.6,35.6849,0.5016
7900001,14,212.378,-7862.73,5.53015,0.5369
7910001,20,309.441,-7855.96,112.946,0.5382
7920001,19,285.478,-7860.06,75.4093,0.5435
7930001,15,227.904,-7866.09,131.555,0.5145
7940001,19,290.543,-7854.77,62.8957,0.5265
7950001,20,303.902,-7870.02,11.2419,0.5367
7960001,11,165.582,-7870.98,50.1601,0.5233
7970001,14,196.301,-7869.14,388.81,0.5144
7980001,16,245.641,-7869.18,17.5644,0.5302
7990001,14,211.96,-7863.05,29.8333,0.5591
8000001,12,183.995,-7865.07,1.76405,0.5357
8010001,16,230.653,-7869.78,55.403,0.5319
8020001,13,199.408,-7861.4,2.71098,0.5394
8030001,11,166.192,-7860.36,56.2493,0.5253
8040001,11,156.462,-7861.52,56.7451,0.5337
8050001,14,208.804,-7871.45,195.294,0.5405
8060001,7,99.9951,-7868.01,21.2318,0.5152
8070001,21,317.858,-7862.97,23.089,0.5233
8080001,23,334.227,-7863.28,142.839,0.5575
8090001,16,245.001,-7858.28,62.1445,0.5448
8100001,4,52.0377,-7864.73,61.9148,0.5263
8110001,9,134.843,-7872.27,4.65356,0.4979
8120001,16,236.215,-7869.93,9.37533,0.5228
8130001,18,269.305,-7867.85,34.1447,0.5429
8140001,14,200.308,-7866.26,77.5441,0.546
8150001,11,168.722,-7874.14,16.0718,0.5398
8160001,13,192.802,-7871.71,6.00031,0.5053
8170001,11,156.901,-7868.89,1.08872,0.5381
8180001,15,225.245,-7865.1,36.9726,0.5373
8190001,17,260.145,-7866.51,34.499,0.5186
8200001,8,118.566,-7863.34,192.502,0.5411
8210001,14,217.155,-7876.63,76.3356,0.4965
8220001,14,207.11,-7865.4,97.2584,0.5629
8230001,16,240.374,-7877.6,6.99589,0.5304
8240001,23,352.966,-7870.03,2.14569,0.548
8250001,12,185.901,-7876.92,7.92445,0.5395
8260001,16,237.211,-7870.94,2.2411,0.5368
8270001,15,226.445,-7868.62,67.4032,0.5456
8280001,17,253.039,-7861.08,155.967,0.5361
8290001,10,144.325,-7866.4,17.9416,0.551
8300001,12,176.431,-7865.67,27.7715,0.5284
8310001,14,212.378,-7868.65,91.4214,0.5306
8320001,12,175.281,-7867.06,105.368,0.5357
8330001,16,252.186,-7864.98,74.9081,0.5426
8340001,15,221.396,-7866.54,12.6723,0.5315
8350001,14,207.108,-7862.46,12.1835,0.5312
8360001,15,227.679,-7867.26,67.3054,0.5486
8370001,11,162.883,-7868.44,4.38274,0.5318
8380001,20,297.636,-7871.12,103.203,0.5369
8390001,12,175.381,-7869.76,118.755,0.5324
8400001,12,184.855,-7870.44,20.8839,0.5025
8410001,11,170.397,-7867.84,159.055,0.5339
8420001,12,180.843,-7873.18,25.2163,0.5536
8430001,19,279.417,-7862.72,53.5607,0.5287
8440001,17,249.293,-7864.64,62.5958,0.5418
8450001,18,279.178,-7863.33,132.839,0.5465
8460001,16,250.054,-7863.68,56.6084,0.5322
8470001,15,228.183,-7860.65,60.0395,0.5345
8480001,16,237.793,-7861.65,28.968,0.528
8490001,10,150.004,-7869.03,5.4098,0.5267
8500001,15,230.508,-7867.22,39.1952,0.5284
8510001,22,330.392,-7866.65,48.3568,0.533
8520001,18,274.078,-7863.61,42.941,0.544
8530001,11,168.515,-7868.96,9.55208,0.5509
8540001,12,176.114,-7866.71,242.242,0.5241
8550001,14,212.149,-7873.32,31.9331,0.5439
8560001,11,166.179,-7863.91,63.94,0.5571
8570001,14,205.732,-7864.29,12.7519,0.5402
8580001,12,188.56,-7861,39.0245,0.5507
8590001,15,216.651,-7872.21,324.19,0.5458
8600001,13,193.38,-7867.32,78.5196,0.5325
8610001,17,255.06,-7860.16,128.766,0.5391
8620001,19,283.455,-7846.49,29.3297,0.55
8630001,17,262.405,-7865.78,6.422,0.5372
8640001,15,223.704,-7870,24.745,0.5307
8650001,11,172.469,-7866,4.06191,0.5607
8660001,15,223.051,-7868.24,0.488805,0.5417
8670001,8,114.594,-7874.19,143.021,0.5279
8680001,11,169.976,-7869.91,17.715,0.487
8690001,19,286.966,-7863.25,31.9683,0.5352
8700001,14,215.903,-7867.45,21.7938,0.5304
8710001,11,167.757,-7868.48,25.8073,0.5277
8720001,17,260.406,-7855.23,12.211,0.5289
8730001,25,381.712,-7858.62,155.229,0.546
8740001,12,174.266,-7858.35,27.6806,0.5482
8750001,15,224.808,-7859.71,47.766,0.5314
8760001,15,220.074,-7854.22,8.75817,0.537
8770001,16,236.417,-7858.36,29.666,0.5225
8780001,15,227.713,-7875.91,7.05216,0.5542
8790001,21,316.696,-7867.02,56.0388,0.5427
8800001,24,353.474,-7844.39,15.6574,0.5478
8810001,13,190.013,-7856.67,153.112,0.5403
8820001,18,272.567,-7860.65,121.045,0.5441
8830001,21,323.222,-7865.15,0.36162,0.5367
8840001,19,283.175,-7857.89,22.7065,0.5378
8850001,11,160.581,-7860.96,117.244,0.542
8860001,8,117.427,-7868.5,43.7894,0.5059
8870001,10,152.932,-7868.27,25.8032,0.5125
8880001,13,192.127,-7861.49,15.0489,0.5342
8890001,20,308.173,-7860.99,25.0007,0.5317
8900001,20,299.514,-7862.16,27.6038,0.5595
8910001,13,191.745,-7870.65,263.133,0.5318
8920001,18,269.315,-7861.67,73.5588,0.5394
8930001,15,220.076,-7874.3,68.5023,0.5365
8940001,9,135.097,-7877.79,56.8326,0.5322
8950001,14,209.98,-7863.53,26.0474,0.5155
8960001,20,309.142,-7854.14,15.5908,0.536
8970001,9,130.296,-7861.5,113.671,0.5398
8980001,8,119.232,-7858.8,11.6002,0.5124
8990001,14,208.122,-7863.06,28.2919,0.5357
9000001,11,168.963,-7872.57,26.0005,0.5173
9010001,5,72.7353,-7869.86,94.999,0.5135
9020001,18,271.305,-7876.07,11.9537,0.4887
9030001,8,124.172,-7870.79,4.46096,0.5235
9040001,14,204.376,-7873.91,12.6611,0.4995
9050001,16,240.606,-7872.29,20.0653,0.5426
9060001,14,200.206,-7861.72,55.6563,0.5423
9070001,13,192.667,-7865.03,39.7762,0.5271
9080001,11,159.325,-7871.89,30.7024,0.535
9090001,11,166.367,-7872.73,57.4901,0.511
9100001,9,130.218,-7864.1,182.132,0.5155
9110001,15,225.993,-7865.82,10.4224,0.5337
9120001,10,138.727,-7873.66,55.8091,0.5348
9130001,8,111.659,-7866.53,59.9216,0.5272
9140001,6,84.3155,-7873.99,45.11,0.5271
9150001,14,208.736,-7864.82,120.647,0.5323
9160001,16,238.063,-7855.81,16.7037,0.5327
9170001,16,237.662,-7852.68,54.6905,0.5403
9180001,16,238.206,-7856.4,180.878,0.5249
9190001,12,184.548,-7868.65,11.1457,0.5458
9200001,10,141.435,-7862.61,4.98377,0.5533
9210001,24,361.729,-7851.26,58.374,0.5564
9220001,14,205.172,-7860.39,48.6572,0.5489
9230001,14,206.23,-7860.51,2.88188,0.5484
9240001,10,151.453,-7869.55,92.9054,0.5232
9250001,11,168.582,-7871.18,26.2523,0.5361
9260001,9,123.82,-7870.47,46.7273,0.5235
9270001,12,182.014,-7874.1,10.5331,0.5107
9280001,10,153.706,-7869.44,4.63775,0.5375
9290001,12,187.164,-7864.25,43.2397,0.4955
9300001,14,209.526,-7865.37,81.0971,0.5397
9310001,17,256.014,-7856.3,64.03,0.5201
9320001,24,354.006,-7859.98,333.412,0.5366
9330001,26,398.876,-7862.04,10.5478,0.5521
9340001,14,213.957,-7859.29,32.8688,0.5399
9350001,15,214.037,-7863.41,175.623,0.5444
9360001,8,119.88,-7874.6,32.6258,0.5273
9370001,20,300.757,-7863.75,14.9385,0.536
9380001,11,168.953,-7861.87,84.4859,0.5251
9390001,15,225.035,-7859.09,58.8149,0.5313
9400001,19,284,-7859.62,16.1415,0.5467
9410001,11,167.41,-7872.07,40.4495,0.5554
9420001,14,217.864,-7859.29,45.6098,0.5386
9430001,12,177.534,-7866.19,85.3475,0.5372
9440001,16,247.749,-7863.36,11.1906,0.5453
9450001,13,197.809,-7867.43,28.8165,0.5261
9460001,11,164.606,-7863.49,63.0087,0.5286
9470001,14,206.597,-7870.09,45.141,0.5429
9480001,9,135.272,-7864.1,46.2933,0.5379
9490001,11,160.801,-7865.7,103.748,0.5068
9500001,10,149.131,-7860.8,83.7802,0.5289
9510001,15,228.236,-7866.33,20.5431,0.5483
9520001,11,163.049,-7866.21,18.7866,0.5151
9530001,15,224.978,-7866.89,30.4009,0.5418
9540001,10,146.593,-7875.25,38.0198,0.5461
9550001,10,146.185,-7869.28,39.7592,0.5258
9560001,5,75.6016,-7875.39,23.9391,0.4988
9570001,11,169.615,-7869.56,8.28017,0.4979
9580001,16,244.589,-7864.29,22.4827,0.5451
9590001,17,250.5,-7867.42,88.5864,0.5287
9600001,6,84.7563,-7869.43,24.7856,0.5174
9610001,17,257.948,-7871.56,148.169,0.5279
9620001,10,149.314,-7859.63,21.5457,0.5546
9630001,12,177.837,-7860.93,7.60329,0.5302
9640001,17,252.656,-7854.31,14.7765,0.5351
9650001,15,224.11,-7850.73,35.0635,0.5275
9660001,10,150.004,-7866.99,35.0353,0.545
9670001,12,184.026,-7859.68,10.6726,0.5385
9680001,20,301.278,-7855.99,25.3309,0.5285
9690001,14,208.686,-7860.24,39.0706,0.5531
9700001,18,275.483,-7858.93,25.0191,0.5359
9710001,9,125.26,-7871.13,221.331,0.5487
9720001,9,131.866,-7867.16,317.248,0.5312
9730001,11,161.719,-7869.88,44.7952,0.5222
9740001,12,184.013,-7865.07,2.21418,0.5398
9750001,12,179.804,-7864.27,32.5954,0.5226
9760001,22,334.479,-7856.69,1.54812,0.4999
9770001,12,178.048,-7872.41,143.915,0.5446
9780001,13,194.503,-7873.53,35.8232,0.5469
9790001,13,191.008,-7860.95,72.8777,0.5324
9800001,12,177.575,-7864.95,59.1178,0.5374
9810001,13,195.176,-7868.45,26.2756,0.5299
9820001,18,268.318,-7866.94,89.7483,0.554
9830001,16,242.018,-7875.47,214.962,0.5455
9840001,8,121.27,-7864.29,34.9106,0.5457
9850001,11,162.081,-7864.06,165.003,0.5297
9860001,15,228.364,-7869.63,35.7213,0.5139
9870001,11,165.083,-7873.64,12.1274,0.5285
9880001,7,105.683,-7871.86,133.592,0.5221
9890001,13,194.907,-7859.74,18.2707,0.5311
9900001,9,135.712,-7867.19,49.8724,0.5068
9910001,9,127.803,-7863.26,12.694,0.5138
9920001,7,103.678,-7870.88,11.327,0.5134
9930001,9,132.148,-7871.9,59.2027,0.5217
9940001,13,202.106,-7866.4,35.9694,0.5295
9950001,17,258.826,-7863.25,8.16454,0.5419
9960001,7,104.356,-7866.24,114.494,0.5358
9970001,7,104.482,-7868.52,17.5576,0.4876
9980001,16,242.742,-7866.78,61.547,0.5135
9990001,5,74.5007,-7871.11,22.0596,0.5108
