generation,N_shifts,eventRate
1,0,0.366198
5001,1,0.957153
10001,1,0.312252
15001,1,1.99527
20001,2,1.54303
25001,4,0.164796
30001,2,0.568748
35001,0,0.586202
40001,1,0.435387
45001,0,0.400968
50001,2,2.55035
55001,1,0.23326
60001,0,0.0440977
65001,0,0.136432
70001,0,0.0968235
75001,1,1.34666
80001,1,0.859255
85001,1,0.936972
90001,2,1.64058
95001,0,0.270658
100001,0,1.58754
105001,2,2.14069
110001,0,2.29252
115001,1,0.485563
120001,5,1.1861
125001,1,1.81645
130001,0,0.0499227
135001,0,0.533869
140001,2,1.80979
145001,1,3.28799
150001,1,0.444263
155001,0,0.461998
160001,0,0.662679
165001,0,0.194734
170001,0,0.0422337
175001,0,2.31803
180001,0,0.861238
185001,2,1.82092
190001,0,0.0139733
195001,2,1.86359
200001,4,3.72828
205001,0,0.226664
210001,1,2.69608
215001,0,0.196863
220001,2,0.638088
225001,1,0.910243
230001,1,2.16175
235001,3,0.466681
240001,0,0.888165
245001,0,0.0449086
250001,2,1.39972
255001,1,0.222991
260001,1,1.10311
265001,2,1.57525
270001,0,1.75843
275001,1,0.0147879
280001,1,2.44793
285001,2,0.456674
290001,0,0.189233
295001,0,0.200668
300001,1,1.16573
305001,1,0.298753
310001,1,2.63459
315001,1,2.18415
320001,0,0.0656292
325001,1,0.359559
330001,0,0.715818
335001,1,2.22143
340001,2,1.04083
345001,2,0.413119
350001,0,1.18758
355001,1,0.709431
360001,0,0.116804
365001,0,0.318812
370001,0,0.350748
375001,0,1.53449
380001,2,1.62763
385001,1,1.70444
390001,1,0.417716
395001,3,5.32955
400001,0,0.441146
405001,1,0.15317
410001,2,1.22342
415001,0,0.365135
420001,0,0.38681
425001,1,0.162435
430001,0,0.13247
435001,1,0.8597
440001,0,0.122455
445001,0,0.571083
450001,0,0.36908
455001,3,0.829067
460001,0,0.468657
465001,1,0.717448
470001,0,0.94624
475001,0,0.0805192
480001,0,0.297292
485001,0,0.154978
490001,3,1.86593
495001,0,0.647023
500001,1,0.513377
505001,0,0.19559
510001,2,0.489388
515001,0,1.03848
520001,0,0.0425424
525001,0,2.86044
530001,1,3.66884
535001,1,1.0668
540001,3,1.67668
545001,1,0.271649
550001,1,0.462676
555001,0,0.877961
560001,0,0.347725
565001,1,0.392061
570001,0,0.205267
575001,2,1.06017
580001,1,0.726584
585001,2,1.36284
590001,1,0.397562
595001,1,0.603286
600001,0,1.12454
605001,0,0.0476694
610001,4,4.53373
615001,1,1.16627
620001,2,2.54015
625001,5,0.685905
630001,0,0.727297
635001,2,1.41103
640001,1,0.0485309
645001,1,1.74367
650001,0,0.0266805
655001,0,0.868859
660001,3,2.49417
665001,0,0.210774
670001,0,0.274023
675001,0,0.186189
680001,4,2.42133
685001,2,1.6607
690001,0,0.0884672
695001,3,1.29007
700001,0,0.792894
705001,0,0.0777211
710001,1,1.04551
715001,0,0.351967
720001,1,1.48705
725001,5,0.664929
730001,1,0.581338
735001,2,1.29751
740001,3,4.89395
745001,0,0.865347
750001,3,0.330856
755001,0,0.27154
760001,0,0.261834
765001,0,0.289713
770001,4,2.10241
775001,0,0.896021
780001,3,1.03881
785001,1,1.69686
790001,2,1.39941
795001,0,0.124453
800001,2,1.10655
805001,1,0.830119
810001,1,0.359051
815001,0,0.130264
820001,0,1.60415
825001,1,0.323706
830001,0,0.22714
835001,2,2.52664
840001,0,0.818956
845001,1,0.752181
850001,0,0.209033
855001,1,0.463241
860001,0,0.306506
865001,0,0.822658
870001,0,0.31185
875001,0,0.0570652
880001,3,1.72209
885001,1,2.79223
890001,1,3.45618
895001,0,0.356823
900001,1,2.06181
905001,2,0.974337
910001,2,1.58217
915001,1,1.19434
920001,0,0.0578201
925001,0,0.259647
930001,2,0.991295
935001,0,0.109519
940001,0,0.0192608
945001,0,0.668902
950001,1,0.725001
955001,0,0.533668
960001,2,0.351602
965001,0,0.112091
970001,2,1.49906
975001,0,0.1676
980001,1,3.26878
985001,3,1.92622
990001,0,0.942412
995001,1,2.24067
1000001,0,1.35949
1005001,2,1.19125
1010001,0,1.26396
1015001,1,1.07886
1020001,1,0.362613
1025001,1,0.126732
1030001,1,0.522439
1035001,2,0.137616
1040001,1,3.65145
1045001,1,3.54598
1050001,0,0.914386
1055001,3,1.29337
1060001,0,0.137575
1065001,1,2.78633
1070001,2,2.66128
1075001,1,5.722
1080001,2,0.566194
1085001,2,4.37548
1090001,0,0.0630699
1095001,1,3.43956
1100001,1,0.342028
1105001,2,1.29471
1110001,0,0.090948
1115001,1,3.59989
1120001,0,0.177288
1125001,0,0.0963552
1130001,4,3.40303
1135001,0,2.91712
1140001,0,0.00561983
1145001,0,0.107327
1150001,2,1.83018
1155001,1,0.278562
1160001,0,0.937715
1165001,0,0.16104
1170001,1,0.96237
1175001,0,0.224024
1180001,1,0.31343
1185001,0,0.696599
1190001,0,0.216612
1195001,1,1.25142
1200001,2,4.05619
1205001,0,0.106197
1210001,0,0.250351
1215001,0,0.176792
1220001,1,0.178937
1225001,0,0.355011
1230001,2,2.26391
1235001,1,2.78649
1240001,0,0.139017
1245001,0,0.254207
1250001,0,0.199733
1255001,0,0.549403
1260001,0,0.304365
1265001,0,2.60017
1270001,0,0.0384958
1275001,1,0.548181
1280001,2,2.68465
1285001,0,0.0549347
1290001,0,0.155718
1295001,0,0.709657
1300001,1,0.181806
1305001,0,0.254079
1310001,1,0.736094
1315001,0,0.4335
1320001,0,0.708286
1325001,1,0.265399
1330001,0,0.0094861
1335001,0,1.44131
1340001,2,0.357367
1345001,0,1.06324
1350001,0,0.142395
1355001,0,0.503087
1360001,1,2.10157
1365001,0,0.061402
1370001,0,0.0808882
1375001,3,1.33251
1380001,1,2.20422
1385001,0,0.126637
1390001,0,0.0140238
1395001,2,0.147221
1400001,1,0.48554
1405001,2,0.665239
1410001,1,0.340907
1415001,2,3.21583
1420001,3,3.54774
1425001,1,0.68696
1430001,3,1.67074
1435001,1,0.582332
1440001,3,1.24519
1445001,2,1.64812
1450001,2,4.926
1455001,1,0.257215
1460001,3,0.292793
1465001,2,0.292267
1470001,2,1.72778
1475001,0,0.344947
1480001,0,0.812488
1485001,2,0.206332
1490001,0,0.387266
1495001,2,2.36514
1500001,0,0.976316
1505001,0,0.0911555
1510001,3,2.38924
1515001,2,1.33713
1520001,2,2.51001
1525001,1,0.322511
1530001,2,0.348987
1535001,1,0.377205
1540001,1,0.301758
1545001,0,0.89908
1550001,1,0.144494
1555001,2,3.66987
1560001,1,0.270764
1565001,0,0.573888
1570001,0,0.561919
1575001,2,1.83758
1580001,2,0.479795
1585001,2,1.7903
1590001,2,0.931423
1595001,0,0.369534
1600001,0,0.597492
1605001,0,0.358872
1610001,2,1.3373
1615001,0,0.114848
1620001,1,2.8624
1625001,1,1.03925
1630001,0,0.190345
1635001,0,0.183264
1640001,1,0.660968
1645001,0,0.221215
1650001,1,0.512029
1655001,2,1.93665
1660001,2,0.779389
1665001,2,1.3926
1670001,1,0.318787
1675001,2,0.376528
1680001,0,0.912742
1685001,1,0.99719
1690001,0,0.20088
1695001,0,0.445227
1700001,0,0.367803
1705001,0,0.331176
1710001,4,1.21759
1715001,0,0.0223129
1720001,1,0.485988
1725001,2,1.09862
1730001,0,0.108635
1735001,0,0.155783
1740001,1,0.951348
1745001,0,0.51127
1750001,2,2.8352
1755001,4,0.825397
1760001,0,0.357833
1765001,0,2.23906
1770001,0,0.0835446
1775001,3,3.07764
1780001,2,3.97931
1785001,2,1.88455
1790001,0,1.32104
1795001,0,0.689086
1800001,1,0.667959
1805001,2,1.35553
1810001,1,0.985393
1815001,2,5.68065
1820001,2,1.7037
1825001,3,0.871276
1830001,1,0.617186
1835001,0,0.229097
1840001,0,0.304123
1845001,0,0.125005
1850001,2,1.41631
1855001,0,1.20141
1860001,2,2.51944
1865001,2,2.69834
1870001,1,0.726186
1875001,1,0.890671
1880001,2,1.20407
1885001,2,1.02305
1890001,1,0.365246
1895001,1,0.100814
1900001,2,1.46537
1905001,1,1.21547
1910001,1,0.439698
1915001,1,0.331562
1920001,2,1.63455
1925001,3,3.44384
1930001,0,0.11402
1935001,0,1.0742
1940001,0,0.653496
1945001,0,0.94925
1950001,1,0.469619
1955001,0,0.566671
1960001,4,1.22596
1965001,1,1.92176
1970001,0,0.338846
1975001,1,1.16948
1980001,2,1.05554
1985001,0,0.239062
1990001,0,0.0899083
1995001,0,0.00889738
2000001,3,2.98445
2005001,0,0.0786209
2010001,0,0.0110726
2015001,0,0.722357
2020001,1,0.625199
2025001,1,0.443357
2030001,2,0.495214
2035001,0,0.222226
2040001,3,0.98579
2045001,0,2.82434
2050001,0,0.104823
2055001,0,0.323778
2060001,1,1.77955
2065001,1,4.14839
2070001,2,0.508432
2075001,0,0.00712176
2080001,2,1.0414
2085001,0,0.647312
2090001,2,0.379854
2095001,1,0.141733
2100001,0,0.586767
2105001,2,1.13961
2110001,4,0.411098
2115001,0,0.724236
2120001,0,1.64592
2125001,1,2.31252
2130001,0,1.77617
2135001,0,1.77075
2140001,2,0.426281
2145001,0,1.4949
2150001,0,0.334278
2155001,2,1.47526
2160001,0,1.14837
2165001,0,0.356501
2170001,1,0.111529
2175001,1,2.6898
2180001,1,0.699512
2185001,1,1.17201
2190001,2,1.11401
2195001,1,0.301225
2200001,0,0.117795
2205001,3,0.696919
2210001,0,0.542265
2215001,0,0.239109
2220001,1,0.419678
2225001,1,1.53894
2230001,1,1.91836
2235001,1,1.14104
2240001,2,0.208477
2245001,0,0.105514
2250001,0,0.0250107
2255001,0,0.0183256
2260001,0,0.804158
2265001,2,1.13061
2270001,0,0.472286
2275001,0,0.0366842
2280001,2,1.02438
2285001,1,0.391791
2290001,0,0.106068
2295001,0,0.191776
2300001,2,0.118757
2305001,3,1.58831
2310001,0,1.51145
2315001,1,2.03678
2320001,0,0.653614
2325001,1,0.428261
2330001,1,2.50911
2335001,0,0.0926709
2340001,1,1.80622
2345001,3,1.99517
2350001,0,0.419107
2355001,2,0.452131
2360001,0,0.264976
2365001,0,0.414809
2370001,0,0.228453
2375001,2,2.6111
2380001,0,0.0154633
2385001,0,0.322034
2390001,1,0.481562
2395001,1,0.412781
2400001,1,1.28011
2405001,0,0.80956
2410001,0,0.230381
2415001,2,0.565846
2420001,0,0.773847
2425001,2,1.59979
2430001,1,0.686541
2435001,1,0.652489
2440001,0,0.416689
2445001,0,0.165527
2450001,1,0.155441
2455001,1,2.33062
2460001,1,0.514975
2465001,0,0.258038
2470001,0,0.539079
2475001,2,0.490311
2480001,0,0.38143
2485001,1,0.597778
2490001,0,0.679054
2495001,1,0.148086
2500001,0,0.644674
2505001,0,0.204157
2510001,2,2.4505
2515001,0,0.0930474
2520001,2,0.396367
2525001,0,0.0812297
2530001,1,0.309834
2535001,0,0.614696
2540001,0,1.14552
2545001,1,0.996924
2550001,0,0.828297
2555001,0,0.235046
2560001,0,0.47864
2565001,0,1.62407
2570001,2,0.833827
2575001,0,0.17871
2580001,0,0.45699
2585001,1,4.88041
2590001,0,0.285678
2595001,3,1.36145
2600001,0,1.71406
2605001,2,0.418674
2610001,1,0.0178783
2615001,1,0.544993
2620001,0,0.063252
2625001,0,0.141081
2630001,3,0.239694
2635001,2,1.45821
2640001,0,0.83299
2645001,1,0.612504
2650001,1,1.31601
2655001,2,0.557602
2660001,0,0.125155
2665001,0,0.337062
2670001,3,3.53596
2675001,3,1.14645
2680001,0,0.60102
2685001,0,0.228312
2690001,3,0.339587
2695001,0,1.0281
2700001,0,2.10152
2705001,0,1.07428
2710001,4,1.33885
2715001,1,0.0767808
2720001,3,4.07055
2725001,2,2.35379
2730001,2,3.42822
2735001,2,0.473955
2740001,3,0.368574
2745001,2,0.0658106
2750001,2,0.928529
2755001,0,0.121857
2760001,0,0.642457
2765001,2,3.2086
2770001,0,0.414092
2775001,0,0.322894
2780001,1,0.895706
2785001,2,0.417184
2790001,0,1.88591
2795001,0,0.114352
2800001,2,2.70952
2805001,1,0.753641
2810001,0,0.315331
2815001,0,3.92025
2820001,1,0.61672
2825001,2,1.22639
2830001,0,0.04289
2835001,0,0.489869
2840001,2,1.13745
2845001,3,2.31305
2850001,0,0.481629
2855001,1,0.254273
2860001,0,1.09311
2865001,2,0.420095
2870001,1,0.213948
2875001,1,2.96413
2880001,2,1.44854
2885001,1,0.0202012
2890001,0,0.062469
2895001,0,0.0808152
2900001,0,0.569778
2905001,1,0.848552
2910001,1,2.71463
2915001,0,0.794037
2920001,0,0.458232
2925001,2,1.76035
2930001,0,0.0588384
2935001,1,1.32131
2940001,1,3.11933
2945001,0,0.104776
2950001,1,0.744086
2955001,1,0.687329
2960001,0,0.405119
2965001,1,0.824506
2970001,2,1.29386
2975001,3,1.85712
2980001,2,2.75777
2985001,0,0.146798
2990001,0,0.328855
2995001,0,1.914
3000001,0,0.661505
3005001,2,0.638541
3010001,1,0.653176
3015001,0,1.08238
3020001,2,1.3633
3025001,3,3.17987
3030001,2,1.54044
3035001,0,0.00431498
3040001,1,0.111517
3045001,0,0.732449
3050001,3,0.660313
3055001,0,0.177134
3060001,3,0.726779
3065001,1,1.73175
3070001,2,0.136699
3075001,1,0.124559
3080001,0,0.319964
3085001,3,1.39328
3090001,0,0.124017
3095001,3,0.885337
3100001,0,3.26279
3105001,1,0.348733
3110001,2,2.77142
3115001,0,0.0152003
3120001,1,1.09
3125001,1,2.5397
3130001,2,0.148294
3135001,0,0.363544
3140001,0,1.77264
3145001,2,1.80639
3150001,1,1.0378
3155001,0,0.494713
3160001,0,0.432673
3165001,1,0.632579
3170001,2,0.151623
3175001,2,3.86026
3180001,0,0.771334
3185001,0,0.276544
3190001,1,1.35183
3195001,3,2.32841
3200001,1,0.438482
3205001,0,1.81388
3210001,2,0.179182
3215001,1,1.92526
3220001,3,3.31744
3225001,0,0.86714
3230001,5,4.06397
3235001,3,1.92405
3240001,1,0.985293
3245001,1,2.31192
3250001,0,0.052769
3255001,1,0.01856
3260001,2,1.65243
3265001,1,2.41626
3270001,0,0.0907265
3275001,0,0.104868
3280001,0,0.0072436
3285001,2,2.49061
3290001,2,3.09546
3295001,0,0.809419
3300001,1,0.729257
3305001,0,0.211137
3310001,1,0.955871
3315001,1,2.53222
3320001,1,0.99416
3325001,3,2.78218
3330001,0,0.260461
3335001,0,2.13539
3340001,1,0.265793
3345001,3,1.87708
3350001,1,1.17582
3355001,1,1.57506
3360001,0,0.0595698
3365001,2,1.29673
3370001,1,0.458646
3375001,0,0.657132
3380001,0,1.01861
3385001,2,1.01126
3390001,1,3.0211
3395001,1,1.80011
3400001,0,0.242696
3405001,0,0.0235727
3410001,0,0.132566
3415001,0,0.0637887
3420001,1,0.844556
3425001,0,0.197374
3430001,0,0.0763985
3435001,0,0.057671
3440001,3,3.07271
3445001,1,0.833369
3450001,4,4.68295
3455001,3,0.686343
3460001,0,0.157477
3465001,4,0.510002
3470001,1,2.15316
3475001,0,1.14224
3480001,0,0.172951
3485001,0,0.770909
3490001,0,0.143696
3495001,0,0.47151
3500001,2,4.10186
3505001,1,1.0097
3510001,1,0.166111
3515001,0,0.601869
3520001,0,0.155871
3525001,1,1.75578
3530001,0,1.61263
3535001,1,1.17637
3540001,2,2.93719
3545001,1,8.12091
3550001,0,0.144855
3555001,0,0.799561
3560001,1,0.819567
3565001,2,4.18433
3570001,0,0.0567335
3575001,2,2.11219
3580001,0,0.128394
3585001,2,3.4744
3590001,1,0.109126
3595001,3,1.18646
3600001,0,0.0828746
3605001,2,0.570186
3610001,2,1.11195
3615001,1,0.246655
3620001,0,0.315953
3625001,1,1.06218
3630001,3,0.0473372
3635001,3,2.57289
3640001,0,2.0307
3645001,1,0.102218
3650001,2,1.4352
3655001,2,0.91993
3660001,1,0.544777
3665001,1,0.80267
3670001,0,0.724463
3675001,0,0.329795
3680001,1,0.981824
3685001,0,0.655583
3690001,0,0.0550432
3695001,0,0.877209
3700001,0,0.0527759
3705001,2,0.217958
3710001,0,0.519709
3715001,0,0.306871
3720001,2,1.56263
3725001,2,1.63636
3730001,1,2.4799
3735001,1,1.23732
3740001,0,0.774933
3745001,2,0.650907
3750001,0,0.436383
3755001,0,0.638969
3760001,1,0.891646
3765001,0,0.389366
3770001,0,0.0985608
3775001,1,0.442883
3780001,1,5.15615
3785001,2,0.300478
3790001,1,0.532001
3795001,1,2.38376
3800001,0,0.638753
3805001,1,0.166064
3810001,1,0.78589
3815001,2,1.4799
3820001,3,1.82297
3825001,0,0.0323953
3830001,3,0.602823
3835001,0,0.622868
3840001,0,1.08369
3845001,1,1.10413
3850001,0,0.284579
3855001,1,0.695657
3860001,2,2.71076
3865001,0,0.977314
3870001,2,0.35531
3875001,1,0.959215
3880001,1,0.983402
3885001,0,0.238451
3890001,0,1.12917
3895001,1,0.149389
3900001,1,1.523
3905001,0,0.353302
3910001,0,0.718967
3915001,0,0.565871
3920001,2,0.0785309
3925001,0,0.0245865
3930001,2,1.07755
3935001,0,0.328284
3940001,1,0.488015
3945001,1,0.713187
3950001,0,0.859145
3955001,1,0.731637
3960001,1,0.705238
3965001,0,0.0810098
3970001,1,0.919824
3975001,1,0.901834
3980001,0,0.349139
3985001,0,0.0122063
3990001,0,0.210605
3995001,1,5.60032
4000001,0,0.384066
4005001,0,0.358864
4010001,0,0.235096
4015001,0,0.118528
4020001,1,0.129743
4025001,2,2.31549
4030001,1,0.537019
4035001,1,0.78467
4040001,1,1.48913
4045001,0,0.112817
4050001,2,1.83631
4055001,2,1.51019
4060001,1,1.15255
4065001,2,0.193673
4070001,0,1.46284
4075001,2,2.0226
4080001,1,1.27416
4085001,2,1.11616
4090001,1,0.725029
4095001,0,0.66251
4100001,1,0.960118
4105001,1,0.176258
4110001,1,2.27235
4115001,1,0.173408
4120001,2,1.16373
4125001,1,0.31809
4130001,4,4.92794
4135001,0,0.577775
4140001,2,0.386716
4145001,0,0.129147
4150001,2,0.677984
4155001,1,1.47394
4160001,0,0.13473
4165001,4,2.80063
4170001,0,1.48809
4175001,1,2.28109
4180001,2,1.9822
4185001,0,0.0218619
4190001,3,0.753228
4195001,0,0.705069
4200001,5,0.35277
4205001,0,1.24986
4210001,0,0.0676126
4215001,0,0.124326
4220001,1,0.666253
4225001,0,0.0940329
4230001,0,0.482525
4235001,3,0.313511
4240001,0,0.131884
4245001,1,0.148224
4250001,3,5.27659
4255001,3,1.86574
4260001,0,0.141074
4265001,0,0.272007
4270001,0,0.127218
4275001,0,0.0352313
4280001,0,0.060703
4285001,0,0.359481
4290001,3,1.6485
4295001,2,0.961193
4300001,0,0.301222
4305001,1,1.37274
4310001,2,1.73166
4315001,1,0.51942
4320001,0,0.48925
4325001,0,0.335808
4330001,0,1.5175
4335001,0,0.583489
4340001,1,0.225004
4345001,0,0.22164
4350001,1,3.22442
4355001,1,0.506375
4360001,1,0.664691
4365001,0,0.0842101
4370001,1,0.746993
4375001,1,1.43456
4380001,1,3.1274
4385001,4,2.41845
4390001,3,1.56289
4395001,1,0.0412059
4400001,0,0.18022
4405001,1,1.7889
4410001,1,0.705861
4415001,1,1.40314
4420001,1,1.98195
4425001,1,0.49781
4430001,3,0.985084
4435001,3,0.798476
4440001,3,0.616586
4445001,1,0.275221
4450001,0,0.166834
4455001,1,0.755732
4460001,0,0.993214
4465001,1,0.50578
4470001,2,3.27585
4475001,0,0.354463
4480001,0,0.668547
4485001,2,0.63859
4490001,1,0.836733
4495001,2,2.04497
4500001,0,3.1743
4505001,0,0.157737
4510001,2,0.345834
4515001,0,0.57812
4520001,0,0.409659
4525001,0,0.717855
4530001,1,2.17473
4535001,0,0.12513
4540001,1,1.13519
4545001,0,0.303113
4550001,0,0.598834
4555001,0,1.74879
4560001,0,0.911077
4565001,1,0.466455
4570001,1,0.369752
4575001,1,1.60875
4580001,6,1.03212
4585001,0,0.0506168
4590001,0,0.499203
4595001,0,2.4246
4600001,1,1.04804
4605001,3,0.271234
4610001,1,2.04953
4615001,0,0.057949
4620001,0,0.032292
4625001,0,0.079073
4630001,1,1.27228
4635001,0,0.00615039
4640001,2,0.268882
4645001,2,0.500774
4650001,0,0.350333
4655001,0,0.236729
4660001,0,0.176715
4665001,1,0.388419
4670001,0,0.0846029
4675001,1,1.65034
4680001,0,0.73944
4685001,2,2.15983
4690001,3,1.51468
4695001,0,0.215824
4700001,0,0.560202
4705001,2,3.19782
4710001,1,1.74054
4715001,1,1.29123
4720001,2,8.57356
4725001,2,0.388145
4730001,0,0.0513026
4735001,2,2.40578
4740001,0,0.60926
4745001,3,2.03442
4750001,1,1.56214
4755001,1,0.751701
4760001,0,0.30043
4765001,1,1.01277
4770001,1,0.174503
4775001,2,1.13313
4780001,1,0.624808
4785001,0,1.35165
4790001,0,0.551371
4795001,0,0.482957
4800001,0,0.0736939
4805001,1,0.416018
4810001,0,0.0268394
4815001,1,5.75302
4820001,0,0.318433
4825001,0,0.00575183
4830001,0,1.55491
4835001,1,2.11951
4840001,3,1.71386
4845001,2,1.34369
4850001,0,0.387717
4855001,0,0.0650445
4860001,0,0.288147
4865001,1,1.84862
4870001,0,0.335015
4875001,0,0.0777327
4880001,2,2.131
4885001,2,0.655758
4890001,3,0.161608
4895001,2,4.59638
4900001,0,0.345878
4905001,0,1.09689
4910001,3,2.74892
4915001,0,0.147217
4920001,2,2.45531
4925001,1,1.08117
4930001,2,1.17723
4935001,2,0.715805
4940001,1,0.969272
4945001,0,1.63969
4950001,0,0.417411
4955001,0,0.217741
4960001,0,0.0255428
4965001,0,0.483749
4970001,0,0.014367
4975001,0,0.586334
4980001,1,2.53826
4985001,2,3.31622
4990001,3,1.78091
4995001,0,0.956244
5000001,1,0.223801
5005001,3,1.05274
5010001,2,2.15778
5015001,1,0.0876462
5020001,0,0.258951
5025001,1,1.23974
5030001,2,1.02659
5035001,3,0.323596
5040001,4,6.30177
5045001,1,0.0628382
5050001,3,4.66489
5055001,2,1.37447
5060001,1,1.78001
5065001,2,3.28096
5070001,2,0.327633
5075001,0,0.275095
5080001,0,0.164058
5085001,1,1.07972
5090001,0,0.0445038
5095001,2,0.337724
5100001,1,0.536339
5105001,1,2.56262
5110001,1,2.05937
5115001,0,0.946288
5120001,1,1.35791
5125001,3,0.934823
5130001,3,2.8116
5135001,2,1.19693
5140001,3,3.14214
5145001,1,1.31648
5150001,0,0.0431586
5155001,1,0.794522
5160001,0,0.253491
5165001,1,0.779709
5170001,1,1.51872
5175001,0,0.374243
5180001,1,0.640726
5185001,0,0.323557
5190001,0,0.00177551
5195001,0,0.154947
5200001,1,2.59259
5205001,1,3.67454
5210001,0,0.229526
5215001,2,0.617303
5220001,0,0.596777
5225001,1,0.164001
5230001,0,1.14834
5235001,0,0.107468
5240001,0,0.104146
5245001,1,0.243773
5250001,3,5.03143
5255001,0,0.305108
5260001,0,0.405575
5265001,2,0.358903
5270001,1,0.585636
5275001,1,1.18864
5280001,0,0.980296
5285001,3,5.26255
5290001,2,2.33621
5295001,0,0.0895988
5300001,1,3.38532
5305001,2,1.33239
5310001,0,0.336677
5315001,1,3.3455
5320001,0,0.314938
5325001,2,0.591813
5330001,2,0.165815
5335001,1,1.12218
5340001,0,0.383461
5345001,0,0.31653
5350001,1,1.19044
5355001,0,0.512697
5360001,0,0.356037
5365001,3,1.09041
5370001,0,0.257576
5375001,1,0.884805
5380001,1,2.60116
5385001,1,1.84441
5390001,1,0.353056
5395001,1,0.129765
5400001,6,3.80618
5405001,0,0.641218
5410001,1,0.99861
5415001,0,1.21537
5420001,0,0.294489
5425001,0,0.226873
5430001,2,1.87189
5435001,0,0.302344
5440001,1,2.37883
5445001,2,1.16549
5450001,1,3.63447
5455001,2,0.753902
5460001,1,0.395367
5465001,0,0.709969
5470001,1,0.129967
5475001,2,0.522359
5480001,0,0.0784387
5485001,1,1.7017
5490001,3,0.493312
5495001,0,1.15794
5500001,0,0.283423
5505001,0,0.053072
5510001,5,0.626768
5515001,1,0.413733
5520001,0,2.77033
5525001,1,3.05002
5530001,1,1.21586
5535001,0,0.255543
5540001,1,1.23939
5545001,4,2.0517
5550001,0,1.88724
5555001,0,0.0594092
5560001,1,0.40611
5565001,0,0.386273
5570001,1,1.39662
5575001,0,0.344833
5580001,1,0.149837
5585001,0,0.0927163
5590001,1,0.249015
5595001,2,0.286749
5600001,0,0.306258
5605001,0,0.129137
5610001,5,2.38964
5615001,0,0.162348
5620001,2,0.56052
5625001,1,0.256482
5630001,1,0.990587
5635001,2,0.917319
5640001,0,0.389183
5645001,0,1.17558
5650001,2,5.93555
5655001,1,2.04813
5660001,0,0.00257227
5665001,1,0.80727
5670001,1,0.77371
5675001,1,0.113788
5680001,2,2.86458
5685001,0,1.32085
5690001,1,1.84675
5695001,0,0.205904
5700001,1,0.340348
5705001,1,0.0352779
5710001,1,0.596077
5715001,0,1.17084
5720001,0,0.297748
5725001,1,0.614419
5730001,0,1.62948
5735001,1,0.0964894
5740001,4,0.0366931
5745001,0,0.248209
5750001,0,0.44373
5755001,0,0.0472432
5760001,1,0.775064
5765001,0,4.22254
5770001,1,0.576548
5775001,0,0.594438
5780001,4,2.91547
5785001,1,0.123976
5790001,0,2.52149
5795001,2,0.218877
5800001,2,1.58398
5805001,0,0.752614
5810001,1,0.944056
5815001,0,0.234551
5820001,2,0.938172
5825001,1,3.07754
5830001,0,0.0131613
5835001,0,0.266572
5840001,0,0.763428
5845001,0,0.0268658
5850001,0,0.981557
5855001,0,0.778868
5860001,1,2.46549
5865001,1,1.01029
5870001,3,0.665647
5875001,0,0.45332
5880001,4,0.700874
5885001,0,1.42188
5890001,2,1.36823
5895001,1,2.77395
5900001,0,0.672544
5905001,0,2.37865
5910001,1,1.87228
5915001,2,1.20518
5920001,1,1.02324
5925001,0,0.0356279
5930001,0,1.11391
5935001,1,0.507502
5940001,2,0.899885
5945001,1,4.19362
5950001,0,0.736638
5955001,2,1.89084
5960001,1,1.4033
5965001,3,2.66648
5970001,0,5.16918e-05
5975001,0,0.0469217
5980001,1,1.18905
5985001,0,0.068089
5990001,2,1.73962
5995001,2,0.990344
6000001,0,0.0261567
6005001,0,0.0489288
6010001,2,2.62774
6015001,0,0.405825
6020001,0,0.229373
6025001,1,0.299895
6030001,5,1.35574
6035001,1,2.03466
6040001,0,0.0606421
6045001,1,0.516293
6050001,1,0.279986
6055001,0,1.62548
6060001,0,0.347218
6065001,0,0.76024
6070001,0,0.0537253
6075001,1,1.54071
6080001,1,0.37455
6085001,0,0.216151
6090001,0,0.00687315
6095001,2,2.31217
6100001,1,0.635571
6105001,3,1.61955
6110001,3,1.77601
6115001,2,0.675007
6120001,2,1.23325
6125001,1,0.152744
6130001,3,0.188354
6135001,2,1.27624
6140001,0,0.302286
6145001,1,0.879176
6150001,0,0.846081
6155001,2,1.38173
6160001,2,1.64236
6165001,0,0.142554
6170001,2,3.09489
6175001,1,0.385293
6180001,1,0.48481
6185001,2,0.147236
6190001,1,0.735404
6195001,0,0.134477
6200001,0,2.19895
6205001,2,1.04535
6210001,1,0.529842
6215001,0,1.42393
6220001,2,1.92423
6225001,3,3.15974
6230001,2,1.77335
6235001,0,0.0453889
6240001,0,1.30344
6245001,0,0.235864
6250001,1,1.57892
6255001,0,0.280829
6260001,3,0.342946
6265001,0,0.591918
6270001,3,4.13077
6275001,1,1.01805
6280001,2,0.612126
6285001,0,0.516871
6290001,0,0.119716
6295001,0,0.363897
6300001,1,0.692079
6305001,0,0.189075
6310001,1,0.423197
6315001,0,1.11524
6320001,1,0.780851
6325001,2,1.52731
6330001,0,0.552421
6335001,0,0.475036
6340001,3,0.715396
6345001,1,0.260139
6350001,0,0.163449
6355001,0,0.130921
6360001,0,0.324548
6365001,1,0.801199
6370001,2,1.34312
6375001,1,2.19179
6380001,1,3.30216
6385001,0,0.436957
6390001,0,0.12827
6395001,2,1.24966
6400001,2,2.36931
6405001,0,0.231315
6410001,4,1.33426
6415001,0,2.18693
6420001,0,1.25013
6425001,0,1.05983
6430001,0,0.0208146
6435001,1,1.55085
6440001,1,4.03375
6445001,1,5.34792
6450001,0,0.535372
6455001,0,0.433772
6460001,3,1.09688
6465001,0,0.613559
6470001,0,0.328192
6475001,1,0.437081
6480001,0,0.446488
6485001,2,1.86672
6490001,1,3.44957
6495001,0,0.485845
6500001,0,1.08595
6505001,0,0.251119
6510001,2,1.01152
6515001,0,0.0946311
6520001,1,3.18468
6525001,1,1.54353
6530001,1,0.216786
6535001,1,0.282824
6540001,0,0.327777
6545001,2,0.494478
6550001,0,0.731167
6555001,1,0.731424
6560001,0,2.45158
6565001,2,1.24706
6570001,1,2.01607
6575001,0,0.0887465
6580001,0,2.36119
6585001,0,1.14336
6590001,0,0.66991
6595001,2,0.487245
6600001,0,0.00333668
6605001,1,0.121396
6610001,1,0.334082
6615001,0,1.38933
6620001,0,0.659499
6625001,2,1.02837
6630001,1,0.490839
6635001,1,0.493902
6640001,1,2.15551
6645001,0,0.0787411
6650001,0,2.22275
6655001,0,0.0653595
6660001,1,3.50114
6665001,0,0.281909
6670001,0,0.246747
6675001,1,1.7134
6680001,0,2.01219
6685001,0,0.191964
6690001,1,0.747831
6695001,1,0.778908
6700001,0,0.294854
6705001,0,0.0239322
6710001,0,0.0113493
6715001,1,0.171251
6720001,2,3.58705
6725001,1,0.312131
6730001,0,0.542682
6735001,0,0.676997
6740001,3,0.340327
6745001,1,1.71269
6750001,0,0.619177
6755001,2,4.06591
6760001,0,0.422498
6765001,1,0.704597
6770001,0,0.652495
6775001,1,1.33302
6780001,0,4.02868
6785001,1,1.04946
6790001,0,1.23092
6795001,3,2.7116
6800001,0,0.916788
6805001,0,0.0764662
6810001,0,0.133968
6815001,0,0.274146
6820001,1,0.575927
6825001,0,0.253819
6830001,0,0.689365
6835001,0,0.621371
6840001,0,0.257496
6845001,2,0.805315
6850001,0,1.48111
6855001,0,0.497524
6860001,0,0.646921
6865001,1,1.97909
6870001,1,0.308152
6875001,1,0.0315674
6880001,0,0.298155
6885001,2,1.0962
6890001,0,0.993734
6895001,1,0.114532
6900001,1,0.720571
6905001,0,0.308878
6910001,2,2.15235
6915001,1,0.71232
6920001,1,2.03024
6925001,1,1.09087
6930001,0,0.47169
6935001,0,0.526256
6940001,1,0.487548
6945001,3,1.63439
6950001,0,0.250285
6955001,3,2.19002
6960001,1,0.692795
6965001,1,0.415994
6970001,2,3.37936
6975001,0,4.0099
6980001,0,0.839267
6985001,2,1.51233
6990001,1,1.42518
6995001,0,0.996667
7000001,0,0.162315
7005001,1,1.33802
7010001,2,1.02941
7015001,0,0.137651
7020001,0,0.861444
7025001,0,0.963231
7030001,2,1.05138
7035001,0,0.491916
7040001,1,1.69854
7045001,0,0.644899
7050001,0,0.787549
7055001,2,0.716225
7060001,0,0.377863
7065001,1,0.0767417
7070001,0,0.165731
7075001,0,0.0847551
7080001,1,0.612166
7085001,0,1.80156
7090001,1,2.2905
7095001,1,1.54995
7100001,1,1.26255
7105001,5,0.795683
7110001,1,0.192339
7115001,4,3.45668
7120001,2,1.22231
7125001,0,0.240513
7130001,1,2.39637
7135001,1,0.189536
7140001,2,2.98303
7145001,0,1.05552
7150001,3,0.936503
7155001,1,0.0661881
7160001,5,0.35191
7165001,3,1.53335
7170001,1,1.87805
7175001,0,4.27292
7180001,0,0.0800635
7185001,1,1.19528
7190001,3,2.63503
7195001,1,2.2021
7200001,1,2.68578
7205001,0,0.663725
7210001,4,2.80862
7215001,0,1.68541
7220001,1,2.10277
7225001,1,0.101923
7230001,0,0.328242
7235001,3,3.13232
7240001,1,2.29661
7245001,0,0.0300819
7250001,2,1.14405
7255001,3,0.291602
7260001,0,0.0767223
7265001,1,1.22676
7270001,0,0.422846
7275001,1,0.416105
7280001,0,0.783747
7285001,0,0.0476637
7290001,1,1.31292
7295001,0,0.0698282
7300001,0,0.428836
7305001,2,1.42255
7310001,1,4.20437
7315001,4,1.14138
7320001,0,1.79119
7325001,2,4.05023
7330001,1,0.779993
7335001,2,1.57424
7340001,2,0.155209
7345001,0,0.299055
7350001,0,0.176802
7355001,1,0.051313
7360001,2,4.09455
7365001,0,0.00801974
7370001,1,1.48427
7375001,0,0.0761585
7380001,0,1.2739
7385001,1,1.5136
7390001,0,0.802447
7395001,0,0.684562
7400001,1,1.85198
7405001,1,0.12258
7410001,1,1.12798
7415001,3,1.16658
7420001,1,1.77447
7425001,0,0.240564
7430001,3,0.237175
7435001,0,0.250721
7440001,2,1.78992
7445001,2,2.30076
7450001,2,0.48276
7455001,0,0.315462
7460001,1,2.28463
7465001,0,0.258641
7470001,0,0.0879756
7475001,0,0.0282102
7480001,1,2.24573
7485001,2,2.1865
7490001,2,1.43521
7495001,2,0.678784
7500001,3,2.14476
7505001,0,0.154868
7510001,2,1.93986
7515001,0,0.146939
7520001,0,0.503445
7525001,0,0.11167
7530001,0,0.569222
7535001,4,0.847296
7540001,1,0.764578
7545001,2,0.2408
7550001,0,0.704589
7555001,3,2.89233
7560001,0,0.0489371
7565001,0,5.11078
7570001,2,1.01364
7575001,0,0.750583
7580001,1,3.38598
7585001,5,3.4922
7590001,4,2.85046
7595001,2,0.806688
7600001,0,1.6989
7605001,0,0.862598
7610001,0,0.273413
7615001,0,1.51856
7620001,1,2.21921
7625001,0,0.123507
7630001,2,0.428166
7635001,2,1.10945
7640001,2,2.18407
7645001,0,1.32783
7650001,2,1.98109
7655001,0,0.0394248
7660001,0,0.146999
7665001,0,2.35827
7670001,2,0.413492
7675001,1,0.13582
7680001,2,2.78979
7685001,0,1.60817
7690001,2,0.88196
7695001,3,1.01968
7700001,0,0.481038
7705001,0,0.139298
7710001,2,2.43566
7715001,2,0.291082
7720001,0,0.456964
7725001,0,0.181068
7730001,3,1.24813
7735001,2,0.959708
7740001,2,2.90421
7745001,0,0.385079
7750001,0,0.844476
7755001,0,0.431618
7760001,1,0.90721
7765001,0,0.855218
7770001,4,2.40879
7775001,1,0.257715
7780001,0,0.171577
7785001,1,1.50782
7790001,1,1.17251
7795001,0,0.192605
7800001,2,3.10631
7805001,0,0.169412
7810001,0,0.258622
7815001,0,0.078046
7820001,1,0.259642
7825001,0,1.13493
7830001,0,0.804431
7835001,1,0.113297
7840001,0,0.219407
7845001,0,0.381097
7850001,1,0.580737
7855001,0,0.793904
7860001,1,1.27374
7865001,0,0.376322
7870001,0,1.57505
7875001,2,2.30068
7880001,1,0.754584
7885001,0,0.0698214
7890001,0,1.03862
7895001,0,0.135726
7900001,0,0.0732491
7905001,1,0.0496963
7910001,1,1.85786
7915001,0,0.333489
7920001,0,3.88872
7925001,1,0.0337547
7930001,4,2.10118
7935001,0,1.35552
7940001,2,1.85608
7945001,1,1.9624
7950001,1,0.774452
7955001,1,1.77134
7960001,2,2.90015
7965001,0,0.301369
7970001,1,0.938475
7975001,0,0.439445
7980001,0,0.34449
7985001,3,3.06598
7990001,0,0.465717
7995001,0,0.231235
8000001,1,0.170547
8005001,2,1.21053
8010001,2,0.282076
8015001,0,1.73861
8020001,0,0.074174
8025001,2,3.69467
8030001,1,0.877683
8035001,1,1.75934
8040001,1,2.44436
8045001,1,1.34282
8050001,1,1.18538
8055001,0,0.0073214
8060001,3,3.01292
8065001,0,0.680021
8070001,0,0.464379
8075001,2,0.386168
8080001,5,3.34675
8085001,1,2.27184
8090001,0,0.0311175
8095001,0,2.23726
8100001,2,0.809391
8105001,0,0.5215
8110001,2,0.599785
8115001,0,0.0671097
8120001,0,0.120598
8125001,1,0.678332
8130001,1,1.93584
8135001,1,0.696038
8140001,3,1.50777
8145001,0,1.08219
8150001,2,1.20375
8155001,2,1.2387
8160001,0,0.380724
8165001,3,2.67
8170001,1,2.21806
8175001,3,0.844422
8180001,1,1.19981
8185001,5,0.571784
8190001,1,0.795568
8195001,0,0.12416
8200001,2,1.35742
8205001,2,0.746452
8210001,1,0.36469
8215001,1,1.09441
8220001,0,0.497294
8225001,1,0.344959
8230001,1,0.900957
8235001,0,0.0861148
8240001,1,1.06796
8245001,0,0.889137
8250001,0,0.0507541
8255001,2,0.519168
8260001,1,0.600607
8265001,2,2.30558
8270001,3,0.81214
8275001,0,0.351705
8280001,0,0.0771039
8285001,0,0.222734
8290001,0,0.304487
8295001,0,0.244704
8300001,2,1.54475
8305001,2,0.179237
8310001,1,2.63292
8315001,2,1.98007
8320001,0,0.177583
8325001,1,3.17734
8330001,2,0.20109
8335001,2,2.14258
8340001,3,0.633128
8345001,1,0.540821
8350001,6,0.805207
8355001,0,0.20344
8360001,1,0.472876
8365001,0,0.0262473
8370001,0,0.629029
8375001,0,0.0528834
8380001,1,0.336887
8385001,1,0.492679
8390001,3,2.26006
8395001,2,1.7088
8400001,0,0.442284
8405001,0,2.82643
8410001,2,1.09011
8415001,2,0.398031
8420001,0,0.333328
8425001,2,0.232528
8430001,0,0.0970163
8435001,0,0.269757
8440001,2,0.913234
8445001,0,0.240179
8450001,0,0.187962
8455001,0,0.551188
8460001,0,0.208551
8465001,2,0.0962536
8470001,2,1.44485
8475001,0,0.128375
8480001,2,0.451504
8485001,2,0.640601
8490001,0,0.27435
8495001,4,4.40549
8500001,3,0.519346
8505001,2,0.70746
8510001,2,0.744815
8515001,0,0.52021
8520001,1,0.849158
8525001,2,0.245346
8530001,1,0.313755
8535001,1,0.53084
8540001,0,1.48135
8545001,1,0.662833
8550001,1,1.35176
8555001,0,1.15308
8560001,1,1.95946
8565001,4,0.299177
8570001,0,0.0354428
8575001,0,0.41496
8580001,0,1.63538
8585001,2,1.16191
8590001,2,0.1974
8595001,0,0.0200745
8600001,0,3.38173
8605001,0,0.323329
8610001,0,0.828551
8615001,4,1.80156
8620001,2,2.06899
8625001,2,0.837347
8630001,2,1.22107
8635001,1,1.81978
8640001,3,2.56143
8645001,0,0.571016
8650001,1,0.945648
8655001,0,0.289292
8660001,0,0.249124
8665001,1,0.886571
8670001,0,0.524544
8675001,0,0.784271
8680001,2,1.04249
8685001,2,2.93115
8690001,3,2.2745
8695001,2,3.63412
8700001,0,1.84034
8705001,1,0.337914
8710001,0,0.0488582
8715001,2,3.50247
8720001,0,0.857178
8725001,2,1.35777
8730001,0,0.346055
8735001,6,2.4613
8740001,0,1.02178
8745001,0,0.114891
8750001,1,0.0239834
8755001,1,1.30343
8760001,0,1.22301
8765001,2,1.11554
8770001,0,0.0700115
8775001,4,3.54877
8780001,3,3.06955
8785001,0,0.0966996
8790001,0,1.00601
8795001,0,1.60646
8800001,0,0.757756
8805001,1,2.45813
8810001,0,0.242115
8815001,1,2.78685
8820001,0,0.185228
8825001,1,1.31112
8830001,1,0.370846
8835001,1,3.39765
8840001,0,0.0808027
8845001,0,0.273757
8850001,0,1.2386
8855001,0,0.31457
8860001,0,0.466624
8865001,0,0.0901697
8870001,2,0.323662
8875001,0,0.412883
8880001,5,5.47642
8885001,0,0.0305853
8890001,0,0.08288
8895001,2,1.06612
8900001,2,0.129425
8905001,1,0.850221
8910001,1,1.90164
8915001,3,1.28542
8920001,0,0.672324
8925001,0,2.46734
8930001,2,3.83593
8935001,0,0.316057
8940001,0,0.838662
8945001,0,0.948095
8950001,3,0.461106
8955001,0,0.109794
8960001,0,0.683601
8965001,0,0.356417
8970001,1,0.457097
8975001,1,0.278842
8980001,2,2.21178
8985001,1,0.158197
8990001,0,2.42373
8995001,2,0.504099
9000001,3,0.280657
9005001,1,0.433925
9010001,0,0.536836
9015001,1,0.473592
9020001,0,0.448411
9025001,0,0.039343
9030001,0,1.40232
9035001,1,3.85887
9040001,0,0.271388
9045001,0,0.00841061
9050001,2,1.26506
9055001,3,1.16237
9060001,1,1.42675
9065001,4,0.851131
9070001,0,0.00169633
9075001,0,0.745983
9080001,0,0.714006
9085001,0,0.171045
9090001,2,0.643036
9095001,0,1.04457
9100001,0,0.35061
9105001,0,0.0939288
9110001,3,1.69099
9115001,0,0.479439
9120001,1,1.65778
9125001,0,0.0127919
9130001,1,0.845922
9135001,3,0.718976
9140001,0,0.888005
9145001,3,0.943721
9150001,1,0.767887
9155001,0,0.168965
9160001,0,0.778062
9165001,0,0.948822
9170001,0,0.280306
9175001,2,0.566439
9180001,0,1.99212
9185001,0,0.363006
9190001,0,0.139149
9195001,1,0.321161
9200001,1,0.414265
9205001,3,0.596478
9210001,3,1.60029
9215001,1,1.93422
9220001,0,0.562278
9225001,0,0.361537
9230001,0,0.383992
9235001,2,0.43264
9240001,1,0.779489
9245001,1,0.688399
9250001,1,0.157046
9255001,2,3.05162
9260001,2,1.03838
9265001,0,1.95206
9270001,0,0.907364
9275001,3,2.53692
9280001,0,0.294442
9285001,1,2.59979
9290001,0,0.935984
9295001,1,1.54081
9300001,3,1.26932
9305001,0,0.606927
9310001,0,0.763276
9315001,0,1.12269
9320001,0,0.161652
9325001,1,0.193662
9330001,0,0.604624
9335001,0,1.3485
9340001,1,0.846316
9345001,1,0.208832
9350001,0,0.230184
9355001,2,1.26368
9360001,1,0.06023
9365001,2,1.45973
9370001,3,2.06335
9375001,0,0.163159
9380001,0,0.287603
9385001,1,1.53359
9390001,1,0.535245
9395001,0,0.541262
9400001,2,0.771288
9405001,2,1.93099
9410001,1,1.45029
9415001,1,2.25214
9420001,1,2.05297
9425001,0,0.320602
9430001,1,0.549922
9435001,2,2.2624
9440001,0,0.529532
9445001,1,1.78374
9450001,4,0.814214
9455001,1,0.396561
9460001,0,0.0332529
9465001,1,0.131639
9470001,0,1.83011
9475001,0,0.654702
9480001,2,0.129172
9485001,4,0.899892
9490001,2,0.272735
9495001,0,0.0886368
9500001,0,1.23129
9505001,0,0.040991
9510001,0,0.284115
9515001,2,1.87355
9520001,1,0.971609
9525001,0,0.0532286
9530001,1,0.688481
9535001,4,1.85184
9540001,2,0.553637
9545001,0,0.464832
9550001,2,2.24428
9555001,1,0.608382
9560001,1,1.9415
9565001,0,1.50831
9570001,0,0.140802
9575001,0,0.439712
9580001,1,0.852138
9585001,1,1.3186
9590001,0,0.159289
9595001,0,1.70931
9600001,0,0.0503297
9605001,0,0.347725
9610001,1,0.301857
9615001,1,1.56229
9620001,3,0.870714
9625001,0,0.0270983
9630001,0,0.238705
9635001,2,0.334388
9640001,1,0.336678
9645001,0,0.203303
9650001,2,0.757966
9655001,0,0.0392112
9660001,0,1.16674
9665001,1,1.47038
9670001,0,0.844548
9675001,0,1.35367
9680001,0,0.0769296
9685001,0,1.04989
9690001,0,1.00643
9695001,3,1.29157
9700001,2,2.32392
9705001,2,1.28391
9710001,1,0.97561
9715001,1,0.707551
9720001,0,0.0920862
9725001,0,2.20161
9730001,1,0.342169
9735001,2,1.80969
9740001,0,0.0920711
9745001,1,0.388533
9750001,1,0.340039
9755001,2,1.03206
9760001,0,1.12709
9765001,0,0.528134
9770001,1,0.997046
9775001,0,1.36724
9780001,0,0.33436
9785001,0,0.310082
9790001,0,0.912252
9795001,2,0.208907
9800001,1,1.04833
9805001,0,0.178728
9810001,0,0.0219851
9815001,0,0.117073
9820001,2,3.34062
9825001,1,0.13484
9830001,3,1.0401
9835001,0,0.564947
9840001,0,0.00362462
9845001,2,0.364051
9850001,2,1.81064
9855001,1,1.25006
9860001,1,0.628961
9865001,1,0.229836
9870001,1,0.420033
9875001,0,0.53748
9880001,3,0.324393
9885001,0,0.0652105
9890001,1,0.80656
9895001,1,1.57961
9900001,2,0.77079
9905001,1,1.2118
9910001,0,0.714321
9915001,0,0.101018
9920001,1,0.58198
9925001,2,2.00803
9930001,0,0.752062
9935001,2,0.499576
9940001,0,1.39444
9945001,3,0.210713
9950001,2,1.54292
9955001,2,1.55698
9960001,1,1.30399
9965001,2,1.61602
9970001,0,0.174946
9975001,1,0.643181
9980001,1,1.06635
9985001,1,0.71871
9990001,0,1.90252
9995001,3,0.539132
