generation,N_shifts,logPrior,logLik,eventRate,acceptRate
1,0,-620.341,-305478,1,0
5001,11,-839.91,-7984.37,0.209365,0.445
10001,7,-915.667,-7655.17,0.9816,0.406
15001,4,-969.274,-7588.87,1.14241,0.293
20001,5,86.571,-7559.59,1.06146,0.369
25001,4,80.1122,-7551.84,0.179104,0.399
30001,4,79.0849,-7551.84,0.826137,0.389
35001,4,77.1727,-7553.96,0.486794,0.351
40001,6,111.48,-7551.22,0.195327,0.351
45001,6,110.99,-7548.88,0.0313802,0.362
50001,4,79.6051,-7550.88,1.93593,0.387
55001,3,59.6382,-7555.89,2.13554,0.399
60001,3,60.9043,-7555.26,0.512625,0.393
65001,4,80.0216,-7558.92,0.222867,0.38
70001,4,82.1407,-7557.1,0.515739,0.38
75001,3,61.4233,-7557.04,0.182307,0.415
80001,3,56.7002,-7554.6,1.8463,0.366
85001,3,59.0553,-7553.21,0.397737,0.333
90001,3,57.5876,-7553.79,1.28918,0.403
95001,3,58.5281,-7558.58,0.105149,0.325
100001,4,77.1837,-7556.98,2.85822,0.381
105001,3,56.4955,-7558.32,3.73112,0.333
110001,3,59.9041,-7557.22,0.146292,0.411
115001,5,92.3641,-7543.56,0.748895,0.339
120001,4,79.3212,-7555.7,0.65319,0.388
125001,4,78.0451,-7553.64,1.19467,0.369
130001,4,74.3265,-7551.68,0.523073,0.351
135001,3,60.0144,-7555.51,0.128916,0.349
140001,3,59.6459,-7551.53,0.0210436,0.397
145001,3,55.0526,-7552.83,0.822515,0.32
150001,3,59.9071,-7555.86,0.929667,0.353
155001,3,52.7083,-7550.75,1.87212,0.385
160001,3,60.3737,-7555.44,0.466361,0.427
165001,3,57.5436,-7554.99,5.07156,0.373
170001,4,79.9623,-7553.39,0.342105,0.388
175001,3,60.0306,-7553.49,1.11662,0.369
180001,3,60.2585,-7557.27,2.3163,0.35
185001,4,79.992,-7553.2,1.34756,0.382
190001,3,57.9586,-7557.61,3.95767,0.367
195001,3,60.8732,-7554.41,0.0383918,0.38
200001,3,61.3775,-7560.27,0.575849,0.393
205001,6,115.041,-7550.52,0.785688,0.37
210001,4,76.5181,-7545.38,1.0773,0.391
215001,4,77.6645,-7547.12,0.917259,0.386
220001,5,88.6572,-7559.05,1.17403,0.357
225001,6,117.13,-7548.37,0.905226,0.435
230001,6,114.073,-7546.75,0.0172292,0.396
235001,4,80.3811,-7549.92,0.874426,0.387
240001,5,97.3255,-7548.94,0.0485106,0.34
245001,5,97.0265,-7544.47,0.246626,0.369
250001,4,77.3657,-7553.02,0.805158,0.341
255001,4,78.8238,-7553.42,0.014198,0.421
260001,3,61.7861,-7555.48,0.000124345,0.329
265001,4,74.5098,-7543.78,0.962439,0.366
270001,5,92.7106,-7551.16,2.62153,0.415
275001,3,58.5024,-7552.59,1.12665,0.353
280001,5,98.5246,-7552.96,1.04501,0.432
285001,4,71.6854,-7557.37,0.28799,0.374
290001,3,56.1978,-7552.03,0.247654,0.34
295001,4,79.6567,-7549.77,0.180077,0.352
300001,6,115.38,-7553.52,0.0278045,0.404
305001,5,96.2296,-7551.11,1.00127,0.426
310001,3,59.9881,-7561.79,1.87904,0.343
315001,4,77.4956,-7552.23,0.693297,0.387
320001,5,95.9739,-7553.49,0.0926814,0.366
325001,5,95.7944,-7544.72,0.574275,0.397
330001,3,57.4635,-7554.74,1.73106,0.371
335001,3,60.9881,-7554.82,1.10857,0.4
340001,4,80.5483,-7555.19,0.212113,0.355
345001,3,61.8679,-7558.64,0.867588,0.35
350001,4,77.5421,-7551.35,0.0879866,0.39
355001,4,80.6217,-7557.71,0.700085,0.349
360001,3,62.2919,-7553.97,0.0620392,0.354
365001,5,98.7343,-7553.02,0.0610027,0.398
370001,4,74.4556,-7549.19,1.13126,0.365
375001,3,58.9216,-7553.44,1.40494,0.364
380001,3,59.9074,-7554.6,1.35462,0.358
385001,4,76.7062,-7553.55,0.45095,0.367
390001,3,60.1089,-7556.18,1.97985,0.351
395001,3,57.1424,-7555.94,1.34766,0.337
400001,3,55.8061,-7554.58,3.53009,0.36
405001,4,77.8797,-7554.48,2.89428,0.371
410001,3,60.0389,-7554.86,1.06778,0.365
415001,4,77.3631,-7555.41,2.99828,0.412
420001,3,59.3679,-7554.37,0.967492,0.34
425001,4,79.6801,-7554.24,0.171276,0.392
430001,3,62.7048,-7557.45,0.959309,0.37
435001,5,98.3414,-7548.69,0.175117,0.378
440001,3,53.3207,-7555.38,3.65385,0.387
445001,3,61.3637,-7555.17,0.592072,0.377
450001,4,78.8323,-7555.23,1.03962,0.372
455001,3,62.1309,-7555.69,1.0216,0.368
460001,5,101.306,-7551.66,0.481598,0.397
465001,4,80.9491,-7555.23,0.0293447,0.415
470001,4,75.8471,-7549.23,1.057,0.378
475001,4,81.1723,-7553.81,0.231204,0.418
480001,4,77.7452,-7552.66,0.884182,0.389
485001,4,79.405,-7550.92,0.408115,0.373
490001,4,76.0749,-7551.35,0.75808,0.383
495001,4,78.5597,-7550,1.00138,0.381
500001,3,60.5668,-7554.99,0.155056,0.367
505001,3,63.101,-7554.9,0.253408,0.384
510001,3,61.152,-7554.06,0.387294,0.379
515001,4,78.2871,-7547.28,0.342917,0.371
520001,5,93.6268,-7546.74,0.162352,0.4
525001,3,62.3455,-7555.26,0.3385,0.36
530001,4,81.7517,-7557.45,0.836338,0.392
535001,3,61.2589,-7556.82,0.309164,0.396
540001,3,62.0636,-7555.05,1.07386,0.381
545001,3,61.6915,-7557.21,1.07237,0.339
550001,3,60.4742,-7555.12,0.766673,0.38
555001,3,59.0837,-7557.22,0.0262614,0.406
560001,6,116.026,-7556.67,1.19503,0.398
565001,3,57.8202,-7556.04,1.80205,0.356
570001,3,62.18,-7561.23,0.793142,0.346
575001,4,76.6801,-7556.13,1.72509,0.389
580001,4,81.1132,-7551.39,0.44289,0.409
585001,5,98.6659,-7545.84,0.966514,0.385
590001,5,97.5785,-7548.98,0.512782,0.392
595001,4,75.2533,-7548.71,1.22683,0.401
600001,4,77.2898,-7550.33,0.171072,0.378
605001,6,116.547,-7547.08,2.23561,0.43
610001,3,62.0567,-7556.22,0.337298,0.337
615001,4,76.8401,-7551.68,0.439539,0.388
620001,4,79.9724,-7557.56,1.58982,0.334
625001,4,72.7838,-7555.84,0.21388,0.36
630001,4,72.5201,-7555.6,3.59124,0.391
635001,4,75.0855,-7554.79,2.02079,0.386
640001,3,57.0278,-7551.92,2.33776,0.379
645001,3,55.7227,-7552.11,0.107407,0.416
650001,4,80.8019,-7551.86,0.0338186,0.37
655001,3,58.5789,-7556.34,3.05939,0.393
660001,5,93.3874,-7545.93,3.17845,0.394
665001,3,62.3382,-7558.09,0.609674,0.343
670001,3,59.7542,-7553.54,0.297751,0.409
675001,3,59.8309,-7557.29,1.00122,0.364
680001,4,78.4923,-7555.56,1.85642,0.384
685001,3,57.405,-7557.35,0.557509,0.363
690001,5,99.7137,-7556.19,1.50468,0.411
695001,5,96.7693,-7554.53,1.9896,0.421
700001,3,61.1494,-7554.04,1.10397,0.389
705001,3,59.9291,-7556.97,2.1655,0.404
710001,4,78.078,-7549.22,2.69071,0.36
715001,3,59.0204,-7556.1,0.764765,0.363
720001,3,58.8199,-7557.56,1.69493,0.353
725001,3,62.0136,-7558.72,0.14227,0.342
730001,3,59.1809,-7559.07,2.83864,0.429
735001,3,53.8316,-7562.16,6.55011,0.338
740001,3,57.8202,-7553.37,0.0348928,0.346
745001,3,59.7557,-7559.48,0.529274,0.353
750001,4,74.8862,-7548.17,1.05507,0.36
755001,4,77.7407,-7552.52,0.50573,0.418
760001,3,60.7551,-7554.1,0.293774,0.375
765001,3,57.9423,-7552.1,1.30469,0.372
770001,4,77.4477,-7549.89,0.495942,0.346
775001,3,60.5807,-7555.25,0.31209,0.385
780001,3,59.1602,-7553.14,0.571791,0.353
785001,3,62.0799,-7556.66,0.0328547,0.397
790001,3,59.7317,-7554.89,0.250496,0.359
795001,3,61.1372,-7559.68,0.973201,0.349
800001,3,58.8135,-7551.96,0.218383,0.376
805001,4,78.6397,-7554.18,0.28156,0.375
810001,3,58.1135,-7551.98,0.0397062,0.331
815001,4,74.3738,-7550.45,1.21294,0.417
820001,4,73.9016,-7555.18,3.69692,0.347
825001,4,74.4005,-7551.49,1.15376,0.398
830001,5,96.4101,-7555.66,1.00874,0.378
835001,4,75.7889,-7556.54,5.63785,0.326
840001,3,53.6679,-7553.93,3.70743,0.361
845001,3,57.9115,-7552.17,1.12341,0.354
850001,3,59.9786,-7553.89,1.49437,0.377
855001,3,56.6725,-7559.4,1.02857,0.338
860001,4,76.5913,-7551.61,0.202185,0.349
865001,3,57.815,-7553.44,1.09879,0.368
870001,3,55.8607,-7557.03,0.253417,0.337
875001,4,78.7105,-7553.27,0.506913,0.426
880001,3,59.6823,-7556.28,0.535301,0.412
885001,4,75.4412,-7557.93,1.03352,0.407
890001,4,77.2958,-7559.82,1.43784,0.37
895001,3,60.903,-7556.68,0.263537,0.389
900001,4,80.4401,-7555.54,0.361191,0.381
905001,3,59.0947,-7557.05,0.856807,0.413
910001,5,94.0865,-7553.41,0.808422,0.419
915001,4,76.9128,-7551.22,1.65684,0.342
920001,4,79.2144,-7549.64,0.718568,0.369
925001,4,75.9472,-7556.32,2.26934,0.335
930001,3,58.3116,-7558.67,0.243951,0.346
935001,4,78.7389,-7552.74,0.254291,0.431
940001,3,60.2322,-7554.84,0.10424,0.354
945001,3,58.8227,-7556.52,0.790594,0.328
950001,4,80.961,-7557.2,0.736616,0.372
955001,4,78.7283,-7553.66,0.223831,0.431
960001,3,54.8817,-7558.7,3.2409,0.323
965001,3,58.0411,-7556.62,0.0186213,0.364
970001,3,61.1033,-7559.18,0.641085,0.419
975001,5,95.8907,-7560.48,1.99832,0.414
980001,3,58.9186,-7560.14,1.07827,0.349
985001,3,61.8382,-7555.82,1.20287,0.362
990001,3,62.2215,-7559.26,0.443202,0.38
995001,3,59.1167,-7554.65,0.513024,0.379
1000001,3,63.385,-7559.91,0.038084,0.361
1005001,4,80.096,-7556.82,0.03042,0.358
1010001,3,58.3284,-7560.63,0.207171,0.361
1015001,4,75.8317,-7555.72,0.219195,0.367
1020001,4,79.6525,-7554.42,0.222362,0.354
1025001,4,79.0859,-7557.05,0.922355,0.369
1030001,4,75.079,-7552.81,0.90156,0.397
1035001,3,57.8791,-7554.91,2.07638,0.382
1040001,4,77.6012,-7554.32,2.89252,0.447
1045001,3,60.3896,-7554.51,1.50523,0.384
1050001,3,58.2241,-7557.48,2.03681,0.357
1055001,4,77.5771,-7552.14,2.50754,0.368
1060001,4,76.682,-7547.74,0.787188,0.362
1065001,4,75.2831,-7550.99,1.36236,0.381
1070001,4,76.6959,-7547.31,0.0560235,0.361
1075001,4,77.1345,-7548.69,1.34407,0.396
1080001,4,78.2835,-7551.15,0.000364271,0.417
1085001,5,94.7755,-7555.39,0.499572,0.46
1090001,5,100.799,-7557.66,1.57059,0.457
1095001,3,58.5239,-7555.44,0.586124,0.349
1100001,5,94.2452,-7554.42,2.19191,0.418
1105001,4,78.4748,-7554.92,1.3878,0.44
1110001,3,60.4831,-7556.31,0.00181267,0.387
1115001,4,78.4094,-7553.92,1.18716,0.396
1120001,4,81.2779,-7557.24,0.12993,0.393
1125001,4,78.9517,-7557.04,0.674429,0.441
1130001,3,58.9141,-7554.42,0.880312,0.37
1135001,3,62.331,-7555.42,0.363114,0.405
1140001,3,60.9925,-7554.11,0.403776,0.385
1145001,4,79.9548,-7551.88,2.20269,0.395
1150001,3,62.6131,-7559.05,0.232923,0.375
1155001,3,59.1983,-7554.09,0.0702778,0.352
1160001,4,77.3961,-7554.45,0.0990354,0.393
1165001,5,94.3182,-7547.26,2.12958,0.41
1170001,3,59.8045,-7555.27,0.84003,0.344
1175001,4,74.5131,-7558.85,1.42854,0.375
1180001,3,55.9916,-7556.2,3.03705,0.368
1185001,3,59.4631,-7557.56,0.4469,0.372
1190001,4,76.3645,-7557.56,0.411562,0.417
1195001,3,58.0557,-7558.12,2.13565,0.366
1200001,3,55.8735,-7556.81,3.49234,0.346
1205001,5,94.5042,-7549.5,0.586557,0.419
1210001,3,59.6104,-7555.5,0.168636,0.346
1215001,4,78.9795,-7555.77,0.354161,0.4
1220001,3,57.9269,-7552.99,0.178805,0.354
1225001,4,78.4093,-7547.67,0.115639,0.386
1230001,5,91.6515,-7544.03,0.863158,0.408
1235001,3,60.6874,-7554.53,1.80414,0.358
1240001,3,56.8659,-7557.38,0.764901,0.329
1245001,3,57.6455,-7550.68,0.0701035,0.367
1250001,3,56.5527,-7550.41,0.651195,0.355
1255001,4,78.5952,-7556.25,1.58083,0.434
1260001,3,47.9159,-7555.99,1.59452,0.358
1265001,5,96.949,-7557.83,0.856788,0.413
1270001,3,60.5941,-7554.53,1.26417,0.346
1275001,3,59.5122,-7554.16,0.42437,0.395
1280001,3,59.809,-7553.37,2.64916,0.338
1285001,3,60.6601,-7556.98,0.56468,0.439
1290001,3,61.7837,-7555.95,0.195013,0.33
1295001,5,97.8416,-7559.6,0.0896296,0.462
1300001,3,60.3111,-7554.22,0.30185,0.35
1305001,3,62.8027,-7554.27,0.192467,0.394
1310001,6,110.158,-7552.1,0.433812,0.452
1315001,7,133.706,-7543.96,0.546508,0.41
1320001,5,90.967,-7548.54,4.88815,0.397
1325001,4,77.3777,-7549.26,0.0384333,0.414
1330001,5,92.4661,-7555.25,1.9268,0.388
1335001,4,76.8324,-7550.81,1.08844,0.377
1340001,5,89.7317,-7551.02,0.977012,0.431
1345001,4,80.923,-7552.02,0.927797,0.359
1350001,3,60.5551,-7556.93,0.753348,0.356
1355001,3,60.7924,-7555.16,1.68532,0.376
1360001,4,79.9804,-7552.56,0.421451,0.386
1365001,3,57.4639,-7552.78,3.08745,0.371
1370001,4,78.5661,-7548.31,0.666937,0.404
1375001,3,57.0736,-7555.44,4.25633,0.361
1380001,3,59.898,-7552.45,0.222149,0.338
1385001,3,61.3823,-7554.52,0.611939,0.4
1390001,3,61.0852,-7553.8,0.842415,0.368
1395001,4,75.0161,-7550.61,0.585015,0.404
1400001,3,59.792,-7554.62,1.37397,0.372
1405001,4,77.2818,-7552.77,3.80275,0.425
1410001,4,81.4767,-7555.34,0.0138447,0.413
1415001,3,61.9341,-7554.02,0.865846,0.39
1420001,4,79.6904,-7556.11,2.70716,0.367
1425001,3,61.4418,-7555.2,0.738032,0.341
1430001,3,61.9471,-7553.19,0.675708,0.368
1435001,4,78.0159,-7555.61,4.11569,0.402
1440001,3,61.3548,-7557.94,0.823409,0.402
1445001,3,59.7853,-7553.32,0.571562,0.342
1450001,3,61.095,-7558.63,0.919524,0.375
1455001,3,55.4824,-7550.83,2.21416,0.402
1460001,4,77.5862,-7555.89,0.786427,0.378
1465001,3,59.5838,-7555.43,0.703176,0.364
1470001,5,97.3165,-7554.06,0.786062,0.394
1475001,3,61.3494,-7552.68,0.396891,0.345
1480001,3,56.6969,-7556.02,2.04559,0.402
1485001,3,60.6028,-7557.7,0.0867019,0.402
1490001,3,58.3634,-7556.42,4.35752,0.393
1495001,3,59.4445,-7554.3,0.338173,0.329
1500001,3,61.3946,-7555.07,0.192641,0.382
1505001,4,73.201,-7549.98,2.3626,0.375
1510001,3,59.3038,-7559.76,0.26093,0.335
1515001,4,76.5962,-7554.45,0.76442,0.341
1520001,3,60.7573,-7553.02,0.00266919,0.375
1525001,4,77.1383,-7556.65,1.99316,0.406
1530001,3,58.2274,-7554.69,0.808926,0.372
1535001,4,78.04,-7555.88,0.663088,0.382
1540001,3,60.1773,-7556.45,0.0369328,0.386
1545001,3,63.0709,-7555.58,0.155943,0.333
1550001,3,61.1699,-7554.83,0.00129882,0.371
1555001,3,62.6104,-7557.6,0.445306,0.383
1560001,3,63.4586,-7555.36,0.320441,0.388
1565001,3,60.4045,-7557.01,0.277248,0.377
1570001,3,62.4439,-7557.76,0.0426876,0.32
1575001,4,75.9918,-7549.01,3.87964,0.4
1580001,4,82.1642,-7557.76,0.122321,0.428
1585001,3,60.0977,-7556.72,0.515722,0.397
1590001,3,59.9843,-7561.31,0.371542,0.367
1595001,4,77.5741,-7559.14,0.537839,0.36
1600001,3,59.7105,-7556.46,1.89644,0.409
1605001,3,58.3583,-7554.53,0.205527,0.348
1610001,4,75.8497,-7555.71,5.38315,0.327
1615001,3,58.096,-7555.78,0.696413,0.38
1620001,3,56.966,-7554.31,0.304362,0.357
1625001,3,57.5592,-7555.33,1.51157,0.364
1630001,3,60.4621,-7557.57,1.5509,0.434
1635001,3,62.7716,-7554,0.18816,0.361
1640001,3,57.7693,-7554.49,1.49802,0.329
1645001,3,59.4072,-7553.1,0.371984,0.341
1650001,4,80.2219,-7556.65,0.370145,0.433
1655001,4,75.5576,-7552.16,0.389962,0.383
1660001,3,60.3236,-7554.98,0.104584,0.385
1665001,3,61.6834,-7555.45,0.0419252,0.379
1670001,4,76.5526,-7558.38,0.171627,0.349
1675001,5,89.6846,-7549.08,0.791266,0.383
1680001,3,62.6467,-7555.16,0.3757,0.406
1685001,4,78.4238,-7552.57,0.39179,0.422
1690001,3,60.8787,-7562.34,0.027469,0.358
1695001,4,79.69,-7559.26,0.24772,0.413
1700001,4,82.0865,-7549.96,0.0459854,0.379
1705001,6,111.585,-7549.16,0.286029,0.402
1710001,3,59.6736,-7554.16,0.875297,0.363
1715001,4,77.7949,-7550.29,1.97937,0.378
1720001,3,60.2469,-7556.93,0.951254,0.339
1725001,4,76.4775,-7547.16,0.0856087,0.374
1730001,3,54.7532,-7554.36,1.14593,0.331
1735001,3,58.8332,-7558.97,2.58769,0.33
1740001,5,94.9257,-7552.54,1.17087,0.373
1745001,3,56.4086,-7552.59,0.24559,0.368
1750001,4,81.1156,-7555.7,0.372189,0.384
1755001,4,80.2855,-7559.39,0.450023,0.363
1760001,4,79.3671,-7555.21,0.143983,0.408
1765001,4,76.9054,-7553.7,0.40108,0.365
1770001,4,75.2505,-7550.42,1.40743,0.417
1775001,3,59.2059,-7557.79,0.978578,0.34
1780001,3,62.0558,-7552.71,0.0385289,0.348
1785001,3,62.3273,-7556.07,0.0418506,0.373
1790001,3,62.6498,-7555.29,1.29956,0.373
1795001,4,79.1063,-7555.48,2.32702,0.368
1800001,3,57.4663,-7555.32,0.157399,0.315
1805001,3,59.6159,-7553.76,1.19357,0.373
1810001,4,81.6504,-7554.36,0.0304936,0.395
1815001,3,58.7965,-7555.96,1.43377,0.413
1820001,5,101.709,-7556.58,0.444818,0.455
1825001,3,59.9896,-7554.4,0.634823,0.394
1830001,3,60.4425,-7554.37,0.337477,0.399
1835001,6,108.527,-7545.87,1.8132,0.433
1840001,5,99.8905,-7552.33,0.0381885,0.349
1845001,2,39.854,-7552.27,0.750057,0.333
1850001,2,38.4221,-7557.18,2.59224,0.336
1855001,2,38.9833,-7561.63,2.81434,0.285
1860001,1,22.5566,-7561.54,1.01517,0.184
1865001,2,38.1488,-7557.2,2.51929,0.34
1870001,2,40.5556,-7552.37,0.861778,0.294
1875001,3,59.5788,-7558.34,1.36972,0.286
1880001,1,22.052,-7561.42,1.07111,0.268
1885001,1,21.626,-7557.64,1.00196,0.211
1890001,2,39.4865,-7559.12,0.0130771,0.207
1895001,1,20.7247,-7558.31,1.45758,0.206
1900001,2,41.0455,-7555.2,0.308318,0.16
1905001,2,41.0387,-7555.44,0.185266,0.237
1910001,1,21.2077,-7559.12,1.36475,0.148
1915001,2,39.8489,-7549.72,1.43428,0.294
1920001,3,57.3388,-7550.44,0.297434,0.285
1925001,2,39.266,-7556,0.4563,0.299
1930001,2,40.4503,-7558.78,0.538844,0.217
1935001,1,22.5256,-7560.88,0.381414,0.245
1940001,1,22.5262,-7559.09,0.684364,0.172
1945001,1,21.7276,-7558.1,0.199198,0.267
1950001,1,21.7486,-7558.09,0.373555,0.207
1955001,2,42.4594,-7556.54,0.474634,0.306
1960001,3,58.9082,-7551.47,1.94122,0.357
1965001,2,42.6866,-7558.25,0.202367,0.199
1970001,2,41.7343,-7555.8,0.260287,0.274
1975001,1,22.1671,-7557.33,0.139596,0.209
1980001,1,18.8046,-7559.26,4.80769,0.233
1985001,2,41.8868,-7559.42,0.807786,0.27
1990001,2,43.3648,-7563.69,0.0219257,0.257
1995001,1,19.3273,-7558.27,3.04093,0.169
2000001,2,39.0151,-7558.61,3.17086,0.327
2005001,2,40.6408,-7553.36,0.0792211,0.283
2010001,2,36.8151,-7550.48,1.74558,0.326
2015001,1,19.2944,-7559.55,3.13596,0.306
2020001,1,21.689,-7560.56,1.09272,0.246
2025001,1,22.718,-7564.46,1.45346,0.211
2030001,1,22.6616,-7557.85,0.677801,0.242
2035001,3,58.6657,-7552.75,0.2808,0.364
2040001,2,39.4065,-7557.96,0.652717,0.342
2045001,1,20.3378,-7557.91,2.61816,0.218
2050001,1,22.7813,-7559.63,0.739816,0.172
2055001,3,58.1249,-7550.71,0.214028,0.283
2060001,2,39.1764,-7552.18,0.780864,0.238
2065001,1,22.6995,-7558.14,0.291728,0.276
2070001,1,20.7286,-7558.1,1.2543,0.152
2075001,1,20.8357,-7557.72,1.69731,0.223
2080001,1,21.5745,-7557.33,1.30771,0.314
2085001,3,53.7112,-7554.52,0.427271,0.34
2090001,3,55.7957,-7550.46,0.817969,0.272
2095001,2,34.5829,-7547.74,4.56479,0.307
2100001,3,59.4193,-7548.39,0.494989,0.273
2105001,3,59.6868,-7550.94,1.20512,0.358
2110001,2,41.7644,-7556.69,0.554053,0.256
2115001,1,22.7153,-7559.89,0.108656,0.243
2120001,2,39.893,-7549.5,0.0381422,0.275
2125001,3,59.5028,-7553.78,0.393825,0.24
2130001,2,41.2666,-7557.64,0.601024,0.328
2135001,5,93.3585,-7553.53,2.53215,0.232
2140001,1,18.3665,-7556.68,3.52636,0.209
2145001,1,18.2106,-7555.85,4.54239,0.161
2150001,1,22.2107,-7558.06,0.781025,0.267
2155001,2,37.3963,-7550.06,1.0243,0.285
2160001,2,39.479,-7552.47,0.457182,0.283
2165001,2,37.7722,-7552.45,1.44443,0.31
2170001,1,21.6048,-7558.39,0.7609,0.28
2175001,1,21.1992,-7555.16,1.42281,0.199
2180001,1,21.3743,-7557.61,1.10774,0.223
2185001,2,41.1154,-7551.94,1.13697,0.294
2190001,1,23.9382,-7561.73,0.0300432,0.185
2195001,2,40.4784,-7556,0.570359,0.215
2200001,2,39.6402,-7551.06,0.0622762,0.34
2205001,3,59.3293,-7553,1.44022,0.329
2210001,2,41.0521,-7556.5,0.00485289,0.252
2215001,2,42.5409,-7563.97,0.444097,0.237
2220001,2,37.1575,-7558.93,2.94823,0.206
2225001,2,41.2367,-7558.99,0.456746,0.341
2230001,2,41.6188,-7558.3,0.394393,0.205
2235001,2,41.6999,-7559.56,0.804568,0.265
2240001,1,23.1795,-7557.69,0.190717,0.184
2245001,2,39.0491,-7559.1,1.06455,0.257
2250001,2,39.2873,-7558.37,0.114316,0.201
2255001,1,21.298,-7558.26,0.958508,0.203
2260001,2,38.4355,-7553.3,1.71482,0.245
2265001,1,20.9199,-7555.95,1.14076,0.233
2270001,2,39.9687,-7554.03,1.58827,0.256
2275001,2,40.8924,-7555.52,1.17526,0.266
2280001,2,38.661,-7558.26,0.322042,0.226
2285001,1,21.7942,-7557.24,0.0533957,0.222
2290001,1,22.0202,-7558.37,0.588766,0.205
2295001,1,22.6157,-7557.75,0.00999022,0.165
2300001,1,23.3009,-7561.65,0.184386,0.215
2305001,1,21.3141,-7559.04,1.62882,0.18
2310001,1,22.9898,-7559.98,0.457651,0.256
2315001,1,22.1251,-7561.21,1.15691,0.195
2320001,1,22.1952,-7558.28,0.322862,0.178
2325001,2,40.0598,-7556.25,1.06657,0.318
2330001,1,23.3792,-7559.37,0.333407,0.231
2335001,1,21.6472,-7557.59,0.55646,0.149
2340001,2,38.6397,-7558.8,1.1577,0.196
2345001,1,22.657,-7557.3,0.391734,0.209
2350001,1,21.0825,-7558.38,2.02253,0.194
2355001,1,23.2647,-7557.76,0.0484783,0.177
2360001,3,56.0314,-7546.62,0.977024,0.318
2365001,1,21.9042,-7558.85,1.53081,0.266
2370001,1,19.3288,-7556.06,3.05282,0.18
2375001,1,21.6646,-7558.36,0.788905,0.227
2380001,1,22.5364,-7560.94,1.50208,0.251
2385001,2,36.8116,-7560.26,1.77377,0.318
2390001,2,41.9508,-7559.37,0.119514,0.238
2395001,2,38.8555,-7560.31,2.86425,0.238
2400001,1,21.3713,-7555.19,0.686733,0.202
2405001,2,40.5319,-7559.5,1.35209,0.195
2410001,2,38.2328,-7557.49,2.11317,0.223
2415001,1,22.8701,-7558.46,0.617923,0.203
2420001,1,22.5253,-7559.82,1.35574,0.223
2425001,1,24.0153,-7562.48,0.128353,0.238
2430001,1,21.862,-7561.25,1.56558,0.207
2435001,1,22.619,-7557.85,0.27519,0.201
2440001,1,19.2101,-7560.42,2.15345,0.176
2445001,1,20.6726,-7558.57,0.606799,0.204
2450001,3,59.6245,-7555.89,0.217747,0.323
2455001,1,22.4724,-7558.53,0.560441,0.286
2460001,1,22.1999,-7555.94,0.527242,0.169
2465001,1,22.1768,-7557.27,0.534861,0.183
2470001,1,22.1885,-7558.89,0.537837,0.172
2475001,1,16.45,-7558.16,6.51084,0.185
2480001,2,41.8513,-7562.5,0.0417602,0.381
2485001,1,21.9312,-7558.3,0.0781333,0.265
2490001,3,57.3474,-7557.1,0.741517,0.239
2495001,1,23.2391,-7559.9,0.0979594,0.254
2500001,1,21.2706,-7555.15,0.824013,0.245
2505001,1,21.4758,-7555.11,0.939664,0.184
2510001,2,41.2511,-7558.24,0.955064,0.216
2515001,2,37.5411,-7556.16,0.273631,0.267
2520001,2,40.2496,-7549.66,0.472265,0.202
2525001,2,36.1801,-7554.13,3.23519,0.277
2530001,2,40.7,-7561.35,0.215781,0.189
2535001,1,23.2235,-7557.68,0.131198,0.217
2540001,1,22.8769,-7558.41,0.239859,0.158
2545001,1,22.7543,-7558.75,0.204202,0.336
2550001,1,22.6108,-7560.37,0.233903,0.187
2555001,1,22.3364,-7555.42,0.167935,0.224
2560001,2,41.6567,-7553.66,0.265149,0.227
2565001,1,21.8763,-7557.61,1.09359,0.292
2570001,1,22.4705,-7558.85,0.339787,0.208
2575001,1,21.9069,-7555.67,0.573392,0.156
2580001,1,20.3717,-7557.47,2.66275,0.278
2585001,2,39.8087,-7554.49,0.67067,0.411
2590001,3,59.1002,-7558.76,1.27807,0.257
2595001,1,23.1171,-7559.89,0.182093,0.208
2600001,1,19.8076,-7555.59,2.05976,0.181
2605001,2,42.7039,-7559.28,0.124686,0.291
2610001,1,23.0775,-7560.37,0.255192,0.225
2615001,1,23.1209,-7560.13,0.010502,0.234
2620001,1,20.0349,-7557.06,2.13577,0.19
2625001,3,53.4838,-7554.6,0.242212,0.275
2630001,1,21.5337,-7559.59,1.16871,0.18
2635001,1,23.1108,-7560.95,0.968676,0.304
2640001,1,21.654,-7561.18,1.8705,0.307
2645001,1,22.6732,-7560.72,0.747634,0.242
2650001,1,22.9488,-7558.95,0.681373,0.163
2655001,2,38.9869,-7558.2,1.34864,0.333
2660001,1,20.4127,-7559.29,2.9604,0.244
2665001,3,55.6157,-7553.08,0.453548,0.247
2670001,4,77.3887,-7555,3.54427,0.324
2675001,1,20.9137,-7554.13,1.23475,0.183
2680001,2,41.5305,-7556.52,0.630228,0.175
2685001,3,55.7025,-7549.24,0.322307,0.329
2690001,3,54.7665,-7550.28,0.0357815,0.33
2695001,3,56.9777,-7550.66,0.355748,0.39
2700001,3,58.2156,-7549.1,0.173577,0.409
2705001,3,60.8296,-7554.79,0.669699,0.242
2710001,1,21.909,-7557.71,0.054614,0.157
2715001,2,38.602,-7553.36,4.34752,0.258
2720001,2,40.5897,-7550.5,0.503612,0.352
2725001,1,20.7866,-7558.27,1.19062,0.177
2730001,2,38.9414,-7551.71,1.18631,0.308
2735001,1,21.8041,-7555.42,0.0368296,0.199
2740001,3,57.9488,-7558.25,0.753698,0.297
2745001,1,20.7362,-7555.62,1.62136,0.194
2750001,1,21.5808,-7555.21,0.532859,0.164
2755001,1,20.8481,-7557.96,0.139322,0.236
2760001,2,40.5167,-7557.22,0.154482,0.235
2765001,2,41.1773,-7555.16,0.408201,0.233
2770001,2,37.6391,-7550.56,3.47465,0.265
2775001,2,38.5522,-7554.09,1.79385,0.253
2780001,1,21.3087,-7557.63,0.34302,0.165
2785001,1,21.6503,-7558.84,1.31394,0.199
2790001,3,57.5493,-7553.88,0.121028,0.26
2795001,1,19.9613,-7557.52,1.57354,0.206
2800001,1,21.6981,-7553.37,0.347187,0.293
2805001,2,37.6059,-7556.54,3.77344,0.255
2810001,1,18.1433,-7557.52,4.5442,0.232
2815001,2,40.7535,-7555.06,1.042,0.268
2820001,1,21.8136,-7557.38,0.349303,0.21
2825001,1,20.8147,-7556.42,1.22803,0.154
2830001,1,21.8909,-7555.3,0.0715836,0.209
2835001,1,21.0935,-7558.43,0.276557,0.145
2840001,2,36.4886,-7554.8,2.06066,0.295
2845001,3,55.2702,-7550.34,2.56333,0.291
2850001,2,35.162,-7553.83,4.19295,0.19
2855001,1,21.6164,-7553.75,0.24631,0.182
2860001,1,20.8667,-7555.02,0.678507,0.166
2865001,1,20.7701,-7556.11,1.87202,0.164
2870001,1,21.3275,-7554.4,0.425888,0.211
2875001,1,18.8382,-7554.95,2.92774,0.18
2880001,3,58.8036,-7556.34,1.28869,0.231
2885001,1,21.3204,-7559.56,0.551438,0.185
2890001,2,38.2557,-7559.94,1.98625,0.199
2895001,1,21.0973,-7556.36,0.416565,0.198
2900001,1,20.8127,-7554.49,0.465393,0.198
2905001,1,20.1541,-7557.02,0.722313,0.142
2910001,1,21.9303,-7556.4,0.000465874,0.162
2915001,3,57.3501,-7549.92,2.13474,0.266
2920001,5,94.6505,-7549.46,0.351879,0.321
2925001,4,74.8528,-7554.89,0.980403,0.27
2930001,1,22.0345,-7556.21,0.251389,0.159
2935001,2,38.6035,-7553.63,1.02342,0.219
2940001,1,19.7458,-7553.96,1.10383,0.173
2945001,3,54.1682,-7544.51,0.831898,0.292
2950001,1,20.9092,-7555.02,0.939119,0.222
2955001,1,19.4885,-7552.77,2.02968,0.138
2960001,1,20.361,-7552.55,0.981689,0.198
2965001,2,36.0956,-7553.61,1.51574,0.172
2970001,1,21.7016,-7553.92,0.264497,0.266
2975001,1,21.6141,-7556.8,0.513981,0.138
2980001,1,21.2833,-7558.15,0.621435,0.189
2985001,2,39.6759,-7551.72,0.0184267,0.19
2990001,1,20.551,-7553.2,0.721888,0.26
2995001,2,41.6458,-7555.51,0.211122,0.295
3000001,1,18.7581,-7553,1.90605,0.22
3005001,2,36.5078,-7549.63,1.41728,0.263
3010001,2,40.4685,-7552.81,0.572069,0.197
3015001,1,20.8307,-7553.09,0.476921,0.207
3020001,2,37.0855,-7556.71,1.07593,0.184
3025001,4,76.2284,-7555.21,0.999534,0.398
3030001,1,21.3319,-7553.92,0.430927,0.191
3035001,1,21.1515,-7551.87,0.0508738,0.167
3040001,2,34.4726,-7553.47,2.62939,0.191
3045001,1,21.1313,-7557.03,0.881864,0.132
3050001,1,21.0606,-7559.6,1.52971,0.265
3055001,1,21.1309,-7556.75,0.706147,0.182
3060001,2,38.2336,-7555.15,0.989074,0.347
3065001,2,41.4758,-7558.09,0.709346,0.179
3070001,1,21.4341,-7554.84,0.454192,0.177
3075001,1,20.855,-7552.76,0.240875,0.152
3080001,2,36.308,-7554.37,2.96238,0.312
3085001,1,21.5131,-7553.09,0.602355,0.266
3090001,1,20.979,-7553.81,0.501504,0.191
3095001,1,20.7526,-7555.8,0.519175,0.169
3100001,2,39.7429,-7554.43,1.33844,0.184
3105001,2,37.883,-7551.48,0.102493,0.277
3110001,2,38.8189,-7549.96,1.94541,0.17
3115001,1,21.4394,-7561.79,1.16192,0.181
3120001,1,19.9789,-7552.53,1.25256,0.173
3125001,1,20.4169,-7555.4,1.17579,0.155
3130001,1,21.6398,-7558.83,0.776177,0.237
3135001,2,35.677,-7552.14,1.32279,0.249
3140001,1,21.0376,-7557.94,0.00149428,0.149
3145001,1,22.6347,-7559.43,0.848857,0.196
3150001,2,40.665,-7552.89,0.106008,0.276
3155001,3,58.3909,-7551.33,0.137378,0.272
3160001,2,39.2056,-7552.98,1.58158,0.253
3165001,2,37.6297,-7548.84,1.23235,0.224
3170001,1,19.7229,-7558.01,1.74794,0.192
3175001,1,21.4046,-7552.16,0.273809,0.349
3180001,3,57.7209,-7547.62,0.610815,0.295
3185001,3,58.2658,-7552.52,0.417301,0.288
3190001,2,38.9244,-7551.47,1.25739,0.266
3195001,2,38.6402,-7554.47,1.94536,0.368
3200001,1,21.2078,-7556.72,1.73966,0.211
3205001,1,22.2215,-7554.93,0.0989313,0.177
3210001,2,39.3913,-7557.04,0.411487,0.283
3215001,2,41.0189,-7551.04,0.334663,0.24
3220001,1,21.6284,-7555.94,0.429704,0.285
3225001,2,38.6576,-7551.77,1.37101,0.284
3230001,1,21.0375,-7555.8,0.346556,0.307
3235001,1,18.1068,-7556.38,2.93229,0.185
3240001,2,40.2857,-7540.76,0.314333,0.186
3245001,3,56.6966,-7533.13,0.555834,0.298
3250001,2,37.073,-7531.15,0.923791,0.214
3255001,1,19.6149,-7530.19,2.36325,0.197
3260001,3,57.5858,-7528.16,0.271371,0.358
3265001,1,16.6312,-7526.88,3.64739,0.222
3270001,2,38.3113,-7527.61,1.32993,0.307
3275001,2,39.0491,-7529.09,0.615783,0.344
3280001,4,74.9569,-7524.82,1.30451,0.278
3285001,1,19.7451,-7527.09,0.500069,0.178
3290001,2,39.2464,-7527.12,0.525342,0.257
3295001,1,20.3238,-7527.26,0.346522,0.152
3300001,1,20.0435,-7526.82,0.388605,0.177
3305001,1,19.7955,-7525.37,0.408856,0.172
3310001,1,18.9849,-7525.64,0.167282,0.199
3315001,1,17.6642,-7525.15,2.37331,0.165
3320001,2,34.1274,-7525.77,1.85249,0.311
3325001,3,54.4882,-7526.21,0.56112,0.188
3330001,3,55.2962,-7520.67,0.687772,0.324
3335001,2,38.7389,-7527.71,0.243091,0.159
3340001,3,59.2646,-7526.43,0.143646,0.22
3345001,2,37.7293,-7532.08,0.353025,0.273
3350001,1,19.5982,-7527.28,0.250302,0.209
3355001,3,57.8261,-7526.75,0.926315,0.236
3360001,2,37.5623,-7527.11,0.323569,0.316
3365001,3,57.4275,-7526.22,0.915577,0.242
3370001,2,39.3804,-7524.62,0.397832,0.268
3375001,1,19.0846,-7524.65,1.11167,0.18
3380001,2,38.7236,-7527.09,0.475154,0.249
3385001,1,18.6863,-7524.28,1.41162,0.169
3390001,1,20.2641,-7526.03,0.274236,0.309
3395001,2,38.3078,-7527.92,1.79086,0.212
3400001,1,19.6673,-7526.47,0.0109624,0.326
3405001,1,18.738,-7528.07,1.52535,0.272
3410001,1,18.5209,-7524.26,1.45766,0.133
3415001,1,17.8481,-7528.26,1.99304,0.178
3420001,1,18.1693,-7524.33,0.895518,0.174
3425001,1,20.0594,-7525.78,0.59143,0.21
3430001,1,19.5509,-7528.91,0.753094,0.214
3435001,1,17.3003,-7524.16,1.45469,0.238
3440001,1,16.1421,-7526.45,1.50798,0.238
3445001,1,17.1991,-7528.3,0.105962,0.195
3450001,1,12.7811,-7528.66,4.30354,0.145
3455001,2,33.5393,-7524.85,1.40865,0.245
3460001,1,17.9898,-7524.78,1.8238,0.191
3465001,1,17.7559,-7524.13,1.88991,0.279
3470001,1,19.8982,-7525.56,0.0911854,0.159
3475001,2,37.7207,-7526.24,2.32339,0.241
3480001,1,19.2822,-7525.02,0.679853,0.189
3485001,1,16.6529,-7524.14,3.80772,0.263
3490001,3,53.1765,-7523.6,2.1878,0.26
3495001,1,19.896,-7523.53,0.0988117,0.19
3500001,2,36.1377,-7523.81,0.843835,0.173
3505001,2,37.7666,-7523.98,1.90915,0.147
3510001,1,19.4656,-7523.9,0.110564,0.237
3515001,1,18.0992,-7523.91,1.63387,0.155
3520001,1,19.2395,-7523.98,0.456937,0.165
3525001,2,35.0506,-7525.79,0.681483,0.282
3530001,2,34.5595,-7523.1,0.486048,0.269
3535001,1,16.6615,-7525.3,1.03223,0.244
3540001,1,17.2618,-7527.9,0.302612,0.193
3545001,1,15.3683,-7526.83,1.2572,0.267
3550001,3,53.3931,-7527.19,1.31831,0.318
3555001,1,17.7292,-7525.65,0.855884,0.32
3560001,1,17.5284,-7525.48,2.42523,0.133
3565001,1,18.638,-7525.82,0.981361,0.183
3570001,1,19.8805,-7527,0.407221,0.194
3575001,1,19.2895,-7526.18,0.137013,0.148
3580001,1,19.0643,-7529.05,0.602019,0.198
3585001,1,17.9307,-7528.96,0.786809,0.26
3590001,2,28.518,-7523.85,4.49832,0.223
3595001,1,18.1472,-7526.18,0.682313,0.166
3600001,1,20.7318,-7527.66,0.724646,0.152
3605001,1,18.441,-7524.73,1.13382,0.154
3610001,1,19.9226,-7525.63,0.242502,0.138
3615001,1,19.7987,-7525.16,0.052911,0.313
3620001,2,39.4246,-7523.85,0.158096,0.212
3625001,1,18.9764,-7525.32,1.61478,0.171
3630001,1,18.0378,-7524.56,2.25913,0.152
3635001,2,37.1604,-7524.59,0.183225,0.208
3640001,2,40.679,-7529.52,0.0816806,0.292
3645001,1,18.5425,-7524.87,1.92691,0.24
3650001,3,56.4257,-7525.64,0.417555,0.263
3655001,3,56.4621,-7521.53,1.97021,0.402
3660001,1,20.0755,-7526.92,0.541307,0.187
3665001,3,59.62,-7527.28,0.356561,0.347
3670001,1,19.5462,-7525.01,1.1901,0.352
3675001,1,18.9494,-7524.69,1.30466,0.261
3680001,1,18.2089,-7524.97,2.52567,0.155
3685001,1,19.796,-7527.18,1.37608,0.209
3690001,1,15.7922,-7523.99,4.05267,0.178
3695001,2,34.9789,-7526.99,2.50398,0.244
3700001,1,19.4354,-7524.51,1.05414,0.155
3705001,1,19.1267,-7524.26,0.331494,0.155
3710001,1,14.753,-7525.62,4.77044,0.346
3715001,1,17.7538,-7524.76,0.813467,0.173
3720001,1,17.4303,-7525.84,0.769452,0.186
3725001,1,17.5878,-7524.39,1.77565,0.247
3730001,1,19.0878,-7524.03,0.485416,0.312
3735001,2,35.453,-7522.67,0.85194,0.146
3740001,1,18.3628,-7524.48,0.406698,0.156
3745001,1,18.9378,-7524.75,0.944822,0.166
3750001,2,39.8557,-7526.05,0.0869811,0.243
3755001,1,20.0178,-7526.61,1.18812,0.198
3760001,1,20.018,-7524.8,0.000709752,0.161
3765001,1,18.7554,-7523.75,1.11418,0.144
3770001,2,39.0626,-7524.89,0.324989,0.159
3775001,2,39.2971,-7525.88,0.133583,0.279
3780001,1,19.2444,-7529.65,0.876174,0.148
3785001,2,35.3735,-7521.75,1.64849,0.297
3790001,1,19.6835,-7525,1.14292,0.338
3795001,1,17.8341,-7529.77,2.13862,0.329
3800001,1,13.1494,-7525.01,5.89149,0.249
3805001,1,17.0012,-7523.74,2.17185,0.154
3810001,1,18.8852,-7525.4,0.239611,0.247
3815001,2,37.4059,-7524.49,0.117075,0.18
3820001,3,55.1471,-7526.24,1.37517,0.279
3825001,1,19.4515,-7529.05,0.879102,0.241
3830001,2,39.2605,-7525.09,0.214036,0.294
3835001,1,18.7082,-7526.25,0.231774,0.198
3840001,1,19.0906,-7526.82,0.0176919,0.311
3845001,1,18.8675,-7525.84,0.743626,0.294
3850001,1,18.4503,-7525.59,0.0435853,0.179
3855001,1,17.2808,-7525.29,0.411862,0.223
3860001,2,35.6219,-7527.46,0.512794,0.346
3865001,2,35.5403,-7525.08,0.853396,0.232
3870001,1,17.5053,-7524.54,0.04039,0.213
3875001,1,16.8487,-7527.95,0.331874,0.161
3880001,2,34.3482,-7525.16,0.857715,0.175
3885001,1,16.7239,-7527.27,0.0610039,0.189
3890001,1,16.354,-7527.25,0.311219,0.162
3895001,1,16.2002,-7525.17,1.91586,0.251
3900001,1,17.7173,-7525.47,0.18158,0.278
3905001,1,17.7527,-7523.94,1.12556,0.244
3910001,2,36.1297,-7526,0.785733,0.255
3915001,2,37.398,-7523.85,0.738842,0.173
3920001,1,19.6065,-7524.63,0.222836,0.161
3925001,1,17.9959,-7526.18,1.72312,0.135
3930001,1,20.3813,-7524.83,0.505005,0.15
3935001,2,37.5265,-7525.2,1.11348,0.261
3940001,2,38.6478,-7524.29,0.156919,0.268
3945001,1,18.757,-7523.77,0.159345,0.172
3950001,1,18.5512,-7525.01,0.364675,0.138
3955001,1,18.5199,-7524.57,0.550405,0.152
3960001,2,35.2926,-7523.14,2.22266,0.302
3965001,1,19.0205,-7525.44,0.945475,0.31
3970001,1,17.882,-7526.6,1.17907,0.145
3975001,1,17.6591,-7525.14,1.45074,0.148
3980001,2,38.1528,-7525.54,0.77862,0.307
3985001,2,39.9885,-7526.53,0.480354,0.166
3990001,1,19.8004,-7525.7,0.132208,0.234
3995001,2,40.1213,-7525.55,0.559933,0.159
4000001,1,20.4553,-7529.38,0.956783,0.142
4005001,2,39.1389,-7527.54,0.622044,0.182
4010001,2,36.2429,-7528.06,3.02949,0.259
4015001,2,36.2386,-7523.85,3.72617,0.213
4020001,1,19.8309,-7528.22,1.2005,0.212
4025001,1,19.6995,-7525.49,0.419217,0.197
4030001,3,57.2986,-7528.61,0.99045,0.181
4035001,1,20.382,-7525.54,0.258617,0.24
4040001,1,19.6941,-7526.97,0.330294,0.188
4045001,1,19.41,-7527.4,1.05198,0.153
4050001,1,18.4974,-7530.83,2.41801,0.233
4055001,2,39.0516,-7529.06,0.653399,0.243
4060001,1,19.8943,-7525.42,0.0997975,0.196
4065001,1,17.6713,-7526.47,2.11518,0.189
4070001,1,18.6656,-7526.89,0.343706,0.216
4075001,1,14.7679,-7525.56,4.69938,0.157
4080001,2,36.9903,-7525.98,2.9672,0.278
4085001,1,20.814,-7525.76,0.0209349,0.156
4090001,2,38.2176,-7526.19,2.36187,0.161
4095001,3,52.3464,-7522.46,1.18024,0.332
4100001,1,20.7164,-7528.55,0.49433,0.2
4105001,1,20.5423,-7526.26,0.0067289,0.192
4110001,1,15.6848,-7524.34,3.69992,0.278
4115001,1,20.3739,-7525.92,0.164652,0.199
4120001,2,38.0276,-7525.25,1.14816,0.165
4125001,2,38.7446,-7524.66,0.779301,0.372
4130001,1,17.5541,-7526.42,2.34386,0.186
4135001,1,19.5071,-7524.19,0.707004,0.266
4140001,1,19.4794,-7525.89,1.52051,0.145
4145001,1,18.7861,-7526.56,2.16939,0.2
4150001,1,20.2927,-7525.2,0.10191,0.15
4155001,1,19.0903,-7524.89,0.36428,0.231
4160001,5,92.8684,-7523.29,0.207597,0.38
4165001,1,20.7763,-7525.44,0.0144214,0.16
4170001,1,21.2334,-7535.57,0.721524,0.197
4175001,1,18.2014,-7525.2,1.6304,0.166
4180001,2,38.0131,-7527.98,1.10357,0.266
4185001,2,35.0868,-7524.45,1.98413,0.298
4190001,1,19.5142,-7524.11,0.206898,0.331
4195001,1,18.5354,-7524.79,1.75306,0.206
4200001,2,39.0368,-7525,1.43309,0.302
4205001,1,19.7671,-7526.54,1.23663,0.182
4210001,1,20.0426,-7524.58,0.0450691,0.166
4215001,1,17.2704,-7525.62,3.36669,0.178
4220001,1,19.3763,-7523.89,0.615568,0.281
4225001,1,17.8479,-7523.58,1.45406,0.163
4230001,2,38.8716,-7525.86,0.669488,0.177
4235001,2,38.417,-7525.17,1.33448,0.251
4240001,1,21.304,-7527.67,0.208001,0.366
4245001,1,21.2814,-7528.2,0.431497,0.178
4250001,1,20.2595,-7532.59,0.611841,0.211
4255001,3,55.5684,-7526.98,0.305952,0.274
4260001,1,20.553,-7530.04,0.132962,0.188
4265001,1,21.2511,-7532.95,0.617856,0.265
4270001,2,38.5114,-7535.79,1.57369,0.289
4275001,1,17.5706,-7534.4,4.53552,0.321
4280001,1,20.156,-7526.68,0.488142,0.225
4285001,2,39.0583,-7529.1,1.9989,0.217
4290001,1,20.4839,-7528.37,0.108822,0.26
4295001,2,37.2653,-7526.03,0.150916,0.37
4300001,2,39.5989,-7530.4,1.18743,0.226
4305001,3,57.4315,-7528.1,1.08116,0.261
4310001,2,35.7922,-7527.12,3.11452,0.29
4315001,2,33.5186,-7522.3,1.47026,0.259
4320001,2,36.4459,-7525.58,3.08671,0.264
4325001,1,20.6278,-7525.82,0.334698,0.18
4330001,1,20.3251,-7526.11,0.132633,0.179
4335001,1,20.4451,-7524.98,0.226267,0.221
4340001,1,20.2003,-7526.12,0.640309,0.238
4345001,1,20.2984,-7527.14,0.286758,0.225
4350001,1,20.2874,-7525.61,0.665607,0.128
4355001,2,34.5549,-7524.14,1.74074,0.273
4360001,1,20.6099,-7526.48,0.0777323,0.227
4365001,1,18.1823,-7524.27,1.16275,0.185
4370001,1,19.5248,-7525.15,0.565747,0.19
4375001,1,19.553,-7526.37,1.85385,0.206
4380001,2,40.9364,-7526.91,0.507617,0.304
4385001,2,40.5488,-7524.02,0.0541848,0.278
4390001,2,35.1819,-7523.34,2.7942,0.287
4395001,1,21.1494,-7527.24,0.00175882,0.342
4400001,2,40.3261,-7530.44,0.433528,0.205
4405001,1,17.591,-7527.52,2.51715,0.294
4410001,1,19.7602,-7526.2,0.0269693,0.2
4415001,1,19.2019,-7524.75,1.22866,0.17
4420001,1,16.8767,-7525.95,2.61398,0.189
4425001,2,39.2732,-7524.05,0.752966,0.225
4430001,3,56.8474,-7526.58,0.442559,0.295
4435001,1,16.6943,-7525.2,3.02437,0.367
4440001,1,17.7551,-7526.08,1.71872,0.185
4445001,1,18.6199,-7525.1,1.50649,0.323
4450001,1,18.7705,-7526.29,1.57692,0.198
4455001,2,36.7784,-7526.36,0.880988,0.247
4460001,3,55.6077,-7525.77,1.10227,0.295
4465001,1,20.4386,-7525.13,0.324151,0.18
4470001,2,37.6874,-7529.8,1.01323,0.23
4475001,1,19.6266,-7524.12,0.110978,0.278
4480001,2,33.194,-7524.54,0.677997,0.223
4485001,2,38.4347,-7522.81,0.31932,0.186
4490001,1,20.1626,-7526.71,0.871009,0.312
4495001,1,18.3126,-7525.87,1.97012,0.273
4500001,2,37.8817,-7523.73,0.291729,0.196
4505001,1,19.2258,-7524.72,1.16599,0.174
4510001,2,36.9015,-7526.94,0.422646,0.204
4515001,1,19.3045,-7523.99,0.520818,0.21
4520001,2,36.5864,-7526.67,0.682622,0.166
4525001,2,37.8754,-7526.36,0.355687,0.153
4530001,1,18.7146,-7528.21,0.105222,0.148
4535001,2,36.6378,-7528.8,0.204254,0.282
4540001,1,17.2168,-7524.73,1.87021,0.195
4545001,2,38.2328,-7523.77,0.336393,0.184
4550001,1,19.492,-7526.66,0.025656,0.167
4555001,1,21.4479,-7530.19,0.527161,0.231
4560001,2,39.7535,-7528.03,0.264492,0.293
4565001,1,19.6105,-7524.72,0.69884,0.172
4570001,1,20.183,-7525.65,0.607045,0.206
4575001,1,20.5373,-7531.9,0.610115,0.2
4580001,2,36.3482,-7525.23,2.70725,0.283
4585001,1,18.9344,-7527.09,0.459504,0.212
4590001,1,18.9243,-7524.38,1.32423,0.174
4595001,1,19.7866,-7527.43,0.318506,0.15
4600001,1,19.1643,-7524.9,0.382412,0.158
4605001,2,34.3582,-7526.17,1.98034,0.236
4610001,1,15.8717,-7527.46,1.16645,0.137
4615001,1,17.3231,-7524.52,1.38196,0.274
4620001,2,34.9878,-7524.22,1.16301,0.335
4625001,1,20.1074,-7524.36,0.062051,0.149
4630001,1,20.1759,-7530.56,0.289317,0.26
4635001,1,19.2666,-7526.45,0.302592,0.246
4640001,3,52.7129,-7523.7,1.12031,0.318
4645001,1,15.7528,-7524.84,3.32804,0.27
4650001,3,55.718,-7522.28,1.49459,0.365
4655001,3,49.9949,-7524.69,3.68912,0.273
4660001,1,18.7634,-7525.44,1.40361,0.177
4665001,1,18.1228,-7524.28,1.28781,0.229
4670001,3,54.5888,-7522.23,0.372238,0.315
4675001,3,56.6409,-7525.63,1.89131,0.248
4680001,1,19.1243,-7525.94,1.57458,0.176
4685001,1,20.3714,-7530.77,0.217945,0.152
4690001,1,18.6208,-7524.88,0.454731,0.243
4695001,1,16.9585,-7527.06,1.79102,0.163
4700001,2,36.3093,-7526.11,0.128657,0.237
4705001,1,16.4594,-7527.04,1.26792,0.247
4710001,1,17.6577,-7524.59,1.85771,0.24
4715001,1,20.3719,-7528.26,1.04808,0.216
4720001,1,17.633,-7527.93,1.72217,0.173
4725001,1,20.0611,-7527.59,0.0958887,0.197
4730001,1,19.2685,-7526.42,0.0787623,0.194
4735001,2,38.3015,-7527.7,0.0858373,0.33
4740001,2,35.1525,-7525.47,3.06217,0.252
4745001,2,38.043,-7526.87,0.0237445,0.231
4750001,2,36.6632,-7525.54,0.077106,0.365
4755001,1,19.0239,-7527.08,1.93063,0.186
4760001,2,37.8891,-7526.26,0.142599,0.257
4765001,3,56.2376,-7525.49,0.224628,0.315
4770001,2,38.0757,-7522.27,0.497878,0.294
4775001,1,18.0432,-7526.26,3.00069,0.179
4780001,1,18.4159,-7524.26,1.66463,0.162
4785001,2,36.9861,-7524.31,1.60989,0.204
4790001,2,37.104,-7523.26,0.611396,0.302
4795001,1,18.6037,-7524.81,0.133442,0.146
4800001,2,38.5971,-7523.3,0.10279,0.186
4805001,1,18.4396,-7524.55,1.06769,0.144
4810001,1,19.4399,-7524.71,1.26457,0.185
4815001,1,20.0407,-7524.42,0.0583533,0.17
4820001,1,19.1027,-7524.14,0.63256,0.253
4825001,2,36.236,-7524.89,1.5903,0.249
4830001,2,38.136,-7525.67,1.02295,0.231
4835001,3,54.5691,-7524.52,1.52753,0.3
4840001,1,16.7482,-7524.83,2.49322,0.161
4845001,2,38.4581,-7527.7,0.672436,0.234
4850001,1,19.7703,-7524.73,0.281787,0.183
4855001,1,18.833,-7525.72,0.228566,0.174
4860001,1,18.466,-7524.33,0.371097,0.158
4865001,1,18.5139,-7524.4,1.31301,0.233
4870001,2,38.1148,-7526.08,0.254055,0.238
4875001,1,19.8743,-7528.28,0.0325545,0.146
4880001,3,57.585,-7526.25,0.307723,0.272
4885001,2,33.0201,-7525.97,1.05141,0.156
4890001,2,34.8651,-7526.84,0.896279,0.297
4895001,1,13.6181,-7524.88,6.81746,0.328
4900001,1,18.088,-7525.3,1.4292,0.237
4905001,1,19.1619,-7523.97,0.309235,0.318
4910001,1,19.3205,-7526.33,0.680224,0.203
4915001,1,19.5984,-7526.78,1.14719,0.177
4920001,2,35.6209,-7522.75,1.007,0.338
4925001,1,18.5101,-7525.58,1.12529,0.161
4930001,2,38.2794,-7523.12,1.67324,0.318
4935001,1,20.56,-7529.63,0.811854,0.163
4940001,1,19.7212,-7524.04,0.348538,0.173
4945001,2,37.809,-7527.12,0.711495,0.267
4950001,1,18.1963,-7525.78,0.72186,0.161
4955001,1,18.2915,-7525.8,0.252685,0.195
4960001,2,33.9499,-7525.53,2.3984,0.172
4965001,1,19.1974,-7526.06,0.218479,0.209
4970001,1,17.1862,-7526.24,2.47828,0.176
4975001,1,17.5759,-7527.29,1.49731,0.177
4980001,3,57.877,-7526.14,0.492368,0.291
4985001,3,57.5955,-7531.75,1.73876,0.202
4990001,1,19.3111,-7526.87,1.16889,0.322
4995001,2,37.397,-7525.64,1.46377,0.248
5000001,1,12.7466,-7526.66,5.58321,0.183
5005001,1,16.6868,-7527.05,0.539476,0.171
5010001,1,16.3952,-7526.62,1.28876,0.187
5015001,1,16.3253,-7528.06,1.79114,0.188
5020001,2,34.2951,-7525.53,1.39742,0.279
5025001,1,16.4173,-7528.32,0.808299,0.289
5030001,2,37.2365,-7522.91,0.594342,0.213
5035001,1,16.6797,-7526.31,3.59347,0.264
5040001,2,36.0825,-7524.69,1.50618,0.171
5045001,1,17.4501,-7524.34,1.45577,0.18
5050001,1,18.6101,-7524.84,0.529912,0.269
5055001,2,38.7203,-7528.76,0.200845,0.433
5060001,1,18.9524,-7526.36,0.192763,0.249
5065001,2,38.4764,-7527.15,1.29408,0.239
5070001,3,57.7994,-7523.77,0.89277,0.303
5075001,2,39.6269,-7527.71,0.539506,0.236
5080001,1,17.9188,-7527.23,0.748074,0.168
5085001,2,36.511,-7526.5,1.2898,0.174
5090001,2,36.9114,-7526.89,0.317288,0.195
5095001,1,17.8496,-7526.87,0.559966,0.221
5100001,4,75.6836,-7527.74,0.732272,0.295
5105001,1,17.6075,-7526.01,0.0761722,0.16
5110001,3,53.3567,-7524.3,1.41547,0.258
5115001,1,14.9133,-7528.17,3.10357,0.184
5120001,1,16.2747,-7527.14,1.49847,0.167
5125001,1,17.8447,-7524.63,0.873762,0.206
5130001,2,38.8641,-7521.78,0.584373,0.277
5135001,1,18.6206,-7524.72,1.73477,0.25
5140001,4,75.1811,-7522.21,1.34836,0.398
5145001,2,36.8588,-7524.98,2.22471,0.254
5150001,1,17.699,-7524.25,2.15174,0.158
5155001,2,37.9799,-7525.69,2.20817,0.201
5160001,1,16.8232,-7523.71,2.39481,0.283
5165001,1,18.5562,-7525.99,1.28621,0.151
5170001,1,19.4375,-7526.01,0.81622,0.164
5175001,1,17.7177,-7524.21,2.46327,0.195
5180001,2,38.2531,-7525.21,0.0430938,0.249
5185001,1,16.7363,-7526.02,1.61886,0.191
5190001,1,18.9868,-7528.2,1.60759,0.284
5195001,2,36.0651,-7523.85,0.380115,0.313
5200001,1,20.5796,-7526.28,0.545825,0.165
5205001,3,56.5134,-7525.06,0.147827,0.195
5210001,2,38.7472,-7523.84,0.966807,0.188
5215001,1,17.5158,-7526.42,3.27612,0.195
5220001,2,36.9709,-7523.97,2.14624,0.282
5225001,3,59.4835,-7525.28,0.0926609,0.315
5230001,3,58.952,-7525.35,1.12345,0.209
5235001,2,38.51,-7522.84,0.617634,0.221
5240001,1,19.7512,-7526.6,0.428302,0.201
5245001,1,19.0202,-7524.9,1.4561,0.297
5250001,1,15.894,-7524.23,3.62658,0.306
5255001,2,39.5639,-7525.33,0.00667962,0.223
5260001,1,18.7637,-7525.81,0.703144,0.183
5265001,1,18.2488,-7526.21,1.33082,0.295
5270001,1,18.8439,-7526.81,1.62515,0.187
5275001,1,20.952,-7528.9,0.239556,0.147
5280001,1,20.3822,-7527.74,0.368266,0.206
5285001,1,17.9057,-7524.27,1.6852,0.188
5290001,2,35.169,-7525.41,3.79778,0.227
5295001,1,18.5395,-7527.31,2.17671,0.155
5300001,1,19.8412,-7525.07,0.691721,0.263
5305001,1,20.1422,-7525.53,0.23288,0.257
5310001,1,18.0411,-7527,2.36957,0.183
5315001,1,17.9737,-7525.91,1.43217,0.227
5320001,4,74.476,-7520.7,0.465304,0.386
5325001,2,36.9464,-7525.32,1.32647,0.237
5330001,1,17.0619,-7526.64,3.04345,0.189
5335001,2,37.7935,-7523.36,0.224926,0.274
5340001,1,18.868,-7525.72,2.10601,0.217
5345001,1,16.3564,-7526.28,4.79144,0.217
5350001,2,40.3997,-7525.31,0.17763,0.241
5355001,2,39.3477,-7525.43,0.286548,0.192
5360001,1,19.1563,-7524.11,0.236667,0.178
5365001,1,19.6455,-7525.33,0.466065,0.167
5370001,1,19.877,-7526.71,0.178136,0.405
5375001,3,56.1195,-7523.74,0.399914,0.284
5380001,2,37.7245,-7526.02,0.821289,0.275
5385001,2,36.3053,-7526.77,2.37169,0.192
5390001,2,37.2436,-7527.49,0.969354,0.311
5395001,1,18.5562,-7524.67,1.47703,0.18
5400001,1,18.98,-7524.71,0.825443,0.18
5405001,1,19.8885,-7526.03,0.0787322,0.217
5410001,1,19.7117,-7526.29,0.35569,0.174
5415001,1,17.1852,-7524.77,2.11463,0.242
5420001,3,55.4239,-7519.11,0.753659,0.327
5425001,2,38.6337,-7525.66,0.127849,0.311
5430001,1,20.0422,-7525.31,0.235714,0.22
5435001,2,37.3161,-7526.74,0.227701,0.231
5440001,1,18.6374,-7527.18,1.16602,0.163
5445001,2,37.2705,-7527.21,0.389359,0.208
5450001,2,34.9632,-7524.28,1.6974,0.208
5455001,2,39.7752,-7525.69,0.0146632,0.224
5460001,2,38.5224,-7526.11,0.0481814,0.27
5465001,1,19.9385,-7528.78,0.420854,0.183
5470001,1,18.535,-7527.84,1.54721,0.225
5475001,1,19.9631,-7529.19,0.0641633,0.162
5480001,1,19.5625,-7526.28,0.753725,0.292
5485001,2,38.9721,-7530.06,0.482758,0.224
5490001,1,19.6424,-7526.28,0.648932,0.185
5495001,1,19.9953,-7526.07,0.402451,0.159
5500001,2,35.7613,-7524.96,0.1186,0.301
5505001,3,58.9929,-7526.76,0.071423,0.155
5510001,1,17.8002,-7524.11,1.46369,0.142
5515001,2,38.7076,-7522.93,0.290857,0.198
5520001,2,37.6445,-7524.78,1.31728,0.201
5525001,4,77.6591,-7525.93,0.239071,0.432
5530001,1,19.8701,-7525.65,0.933753,0.139
5535001,1,16.7503,-7526.47,3.43863,0.164
5540001,1,16.758,-7524.39,2.74046,0.144
5545001,1,18.9596,-7525.29,0.324143,0.276
5550001,1,18.863,-7525.64,0.19392,0.167
5555001,1,20.0207,-7526.3,0.127638,0.202
5560001,2,39.0906,-7529.51,0.282962,0.179
5565001,3,57.1142,-7527.7,1.59929,0.338
5570001,3,58.8332,-7525.15,0.343134,0.275
5575001,1,19.2985,-7525.05,0.464048,0.277
5580001,2,37.1147,-7524.91,0.550801,0.21
5585001,2,37.5524,-7522.89,1.46645,0.329
5590001,1,20.3891,-7526.66,0.823907,0.157
5595001,1,19.5655,-7526.74,1.66547,0.247
5600001,3,57.9687,-7527.8,0.00452463,0.151
5605001,1,17.0303,-7524.4,2.9036,0.174
5610001,2,37.6752,-7524.53,1.13227,0.213
5615001,1,19.7477,-7525.18,0.78419,0.239
5620001,1,15.5744,-7525.67,3.89964,0.199
5625001,1,17.65,-7525.77,2.23393,0.176
5630001,1,19.0942,-7525.18,0.48374,0.175
5635001,1,19.4871,-7524.89,0.721417,0.224
5640001,2,37.3686,-7529.47,0.232283,0.199
5645001,1,21.3656,-7530.32,0.099883,0.143
5650001,3,59.105,-7523.69,0.129354,0.215
5655001,1,15.1723,-7524.89,5.1008,0.378
5660001,1,20.8466,-7529.09,0.0132298,0.156
5665001,1,19.0892,-7523.6,0.2062,0.275
5670001,1,19.0783,-7525.81,1.69489,0.204
5675001,2,37.1364,-7528.35,0.178626,0.315
5680001,2,36.5986,-7525.03,1.2567,0.203
5685001,1,15.6298,-7524.7,2.7441,0.194
5690001,1,18.5349,-7524.51,0.465078,0.196
5695001,2,33.4068,-7523.6,0.649982,0.303
5700001,1,18.0076,-7525.31,0.653355,0.171
5705001,1,17.1161,-7524.81,1.14837,0.159
5710001,3,55.3529,-7527.66,0.118363,0.214
5715001,1,20.1801,-7525.31,0.279438,0.263
5720001,1,20.3073,-7528.94,0.638492,0.307
5725001,4,78.3138,-7530.89,0.306775,0.322
5730001,3,55.9374,-7527.83,0.372199,0.3
5735001,1,16.8859,-7525.66,0.936556,0.148
5740001,2,34.6542,-7524.55,2.60601,0.202
5745001,2,37.1159,-7525.44,0.265577,0.156
5750001,1,17.9086,-7526.44,2.20453,0.194
5755001,2,38.3109,-7525.41,0.379436,0.265
5760001,3,55.6676,-7525.66,1.5922,0.235
5765001,3,57.2722,-7527.86,0.347709,0.262
5770001,2,36.641,-7524.16,1.09754,0.196
5775001,1,19.4803,-7523.67,0.0608408,0.161
5780001,3,54.2678,-7520.92,0.427169,0.275
5785001,1,19.4995,-7525.66,0.079452,0.202
5790001,2,36.9611,-7525.45,1.88468,0.187
5795001,1,15.5191,-7525.4,2.90301,0.168
5800001,1,17.2848,-7526.16,0.750872,0.176
5805001,1,17.4001,-7525.48,0.325926,0.185
5810001,1,15.5137,-7525.33,1.58157,0.194
5815001,3,55.4325,-7523.7,0.0500587,0.244
5820001,1,18.1489,-7528.2,1.4737,0.19
5825001,5,94.2807,-7524.49,0.631947,0.361
5830001,2,38.9518,-7527.01,0.350115,0.218
5835001,1,17.853,-7525.12,1.65242,0.144
5840001,1,20.9481,-7527.54,0.500773,0.262
5845001,3,57.5617,-7528.02,0.874825,0.159
5850001,2,36.8622,-7525.64,2.76639,0.252
5855001,1,19.8137,-7525.53,0.806643,0.18
5860001,2,37.7945,-7524.68,0.42924,0.279
5865001,2,35.7242,-7524.31,1.20292,0.171
5870001,1,20.1065,-7526.25,0.3816,0.21
5875001,2,37.3604,-7523.91,1.37786,0.192
5880001,2,34.5076,-7523.95,2.54254,0.231
5885001,2,37.8141,-7522.73,0.784459,0.212
5890001,2,34.2477,-7526.88,4.94462,0.251
5895001,1,19.9244,-7524.74,0.0452673,0.148
5900001,3,58.111,-7523.28,0.677496,0.216
5905001,1,20.7504,-7526.21,0.0474681,0.157
5910001,1,20.5244,-7525.46,0.203915,0.159
5915001,2,36.8277,-7524.54,1.9632,0.205
5920001,1,17.4316,-7525.41,2.28269,0.191
5925001,1,18.8902,-7524.12,1.34182,0.149
5930001,3,53.565,-7526.21,1.14791,0.3
5935001,2,38.843,-7527.61,0.127236,0.294
5940001,1,20.9129,-7526.84,0.00749541,0.185
5945001,1,19.642,-7524.52,0.593175,0.151
5950001,1,19.6574,-7525.72,0.36634,0.195
5955001,3,56.7725,-7526.54,0.882384,0.237
5960001,1,19.2776,-7525.27,0.43879,0.246
5965001,1,19.3196,-7526.03,0.480382,0.306
5970001,3,60.5324,-7527.56,0.0195867,0.401
5975001,1,20.3027,-7528.9,0.0134929,0.19
5980001,1,19.1831,-7527.58,1.17291,0.304
5985001,1,20.1015,-7524.05,0.0937587,0.338
5990001,1,19.103,-7526.11,0.00617456,0.173
5995001,2,38.0761,-7525.45,0.717513,0.338
6000001,1,18.5914,-7524.77,1.20317,0.179
6005001,2,38.4129,-7524.45,0.568966,0.247
6010001,2,39.0048,-7525,0.106981,0.283
6015001,1,18.595,-7524.2,0.734435,0.181
6020001,1,19.373,-7529.21,2.21414,0.173
6025001,2,39.2057,-7525.86,1.88432,0.148
6030001,1,19.3675,-7527.51,0.685031,0.194
6035001,1,16.9329,-7526.02,1.71839,0.283
6040001,1,19.0841,-7525.67,0.662975,0.2
6045001,1,19.175,-7526.2,0.310108,0.192
6050001,1,19.0219,-7526.36,0.231699,0.167
6055001,2,39.4183,-7526.7,0.508332,0.189
6060001,1,19.5942,-7526.95,0.398385,0.154
6065001,1,16.185,-7524.33,3.36362,0.289
6070001,3,52.7634,-7521.54,2.45012,0.406
6075001,1,16.9155,-7523.89,2.25529,0.175
6080001,1,19.546,-7528.19,0.392174,0.169
6085001,1,15.2245,-7525.67,3.44811,0.197
6090001,1,17.0402,-7525.25,1.14262,0.219
6095001,2,34.0732,-7525.3,2.43953,0.188
6100001,2,37.417,-7523.15,0.167519,0.326
6105001,3,56.1284,-7524.61,1.18081,0.351
6110001,1,17.6156,-7529.47,0.514534,0.28
6115001,3,52.0632,-7525.69,0.353541,0.253
6120001,2,36.9051,-7524.84,0.560509,0.387
6125001,1,17.4556,-7529,0.055309,0.199
6130001,1,17.2939,-7525.94,0.600028,0.163
6135001,3,52.6152,-7527.26,0.136378,0.291
6140001,2,36.2937,-7525.63,0.931526,0.265
6145001,1,17.5007,-7525.55,0.022697,0.301
6150001,2,32.4409,-7520.26,0.559906,0.298
6155001,1,17.0533,-7525.38,0.555704,0.166
6160001,1,15.3567,-7525.51,1.36559,0.168
6165001,1,15.5836,-7526.84,0.452656,0.238
6170001,1,15.8715,-7526.63,0.875158,0.18
6175001,1,16.5742,-7525.33,0.252289,0.216
6180001,1,16.7952,-7524.98,0.340723,0.368
6185001,1,16.4365,-7524.25,1.90276,0.158
6190001,3,56.8623,-7524.85,0.0403539,0.242
6195001,1,17.765,-7526.82,0.520228,0.283
6200001,1,18.3643,-7524.47,0.263977,0.189
6205001,1,19.3694,-7524.81,1.11368,0.268
6210001,2,38.8961,-7531.67,1.91065,0.278
6215001,2,40.0378,-7523.83,0.0173481,0.388
6220001,1,19.0579,-7524.58,1.03388,0.161
6225001,1,18.7299,-7523.84,0.219091,0.197
6230001,1,13.3441,-7524.96,5.54941,0.217
6235001,1,20.0324,-7525.24,0.0199063,0.154
6240001,1,19.3222,-7523.58,0.271746,0.234
6245001,2,38.8536,-7527.28,0.343225,0.161
6250001,2,34.3668,-7524.96,2.10554,0.158
6255001,1,18.5701,-7524.14,1.24296,0.31
6260001,1,18.3062,-7524.75,1.9301,0.207
6265001,1,19.9777,-7526.04,0.130165,0.153
6270001,2,37.324,-7524.1,2.08646,0.174
6275001,3,55.9665,-7524.84,0.905101,0.342
6280001,1,20.1268,-7531.26,0.480576,0.188
6285001,1,18.6244,-7524.03,1.29416,0.205
6290001,2,38.428,-7524.55,0.41773,0.281
6295001,2,38.3742,-7528.71,0.0867792,0.196
6300001,1,20.4202,-7528.13,0.802006,0.179
6305001,1,20.341,-7524.6,0.387596,0.126
6310001,2,37.1092,-7527.93,3.01962,0.203
6315001,1,19.8341,-7525.51,0.101558,0.205
6320001,1,19.8354,-7524.8,0.283226,0.214
6325001,2,39.0159,-7527.31,1.56357,0.208
6330001,1,21.2366,-7526.85,0.155696,0.148
6335001,1,21.1166,-7532.66,0.0670688,0.167
6340001,1,20.3672,-7527.07,0.36696,0.154
6345001,1,18.0936,-7528.24,1.78383,0.345
6350001,1,17.1089,-7525.53,3.30504,0.16
6355001,1,18.2443,-7527.35,1.7864,0.299
6360001,1,19.0302,-7526.54,0.713025,0.223
6365001,1,18.382,-7527.65,1.58559,0.27
6370001,2,36.3095,-7524.52,1.26701,0.287
6375001,2,35.6147,-7525.87,1.65677,0.284
6380001,1,16.2227,-7531,1.25579,0.16
6385001,1,17.7502,-7527.48,0.467223,0.186
6390001,1,20.5089,-7526.46,0.461545,0.216
6395001,1,18.5122,-7525.64,1.72281,0.173
6400001,3,58.3778,-7529.02,0.977903,0.212
6405001,2,37.4367,-7526.98,1.45103,0.282
6410001,1,17.9903,-7527.06,2.57916,0.273
6415001,2,39.1324,-7533.04,0.128027,0.186
6420001,1,20.1797,-7531.1,0.218619,0.159
6425001,1,20.2585,-7530.44,0.402324,0.18
6430001,1,20.2465,-7527.19,0.113927,0.157
6435001,5,93.5,-7530.73,3.04177,0.275
6440001,1,20.1472,-7528.37,0.999081,0.142
6445001,2,37.6098,-7525.99,2.01159,0.272
6450001,1,20.0172,-7526.33,0.793109,0.214
6455001,2,35.0745,-7526.74,1.06489,0.163
6460001,1,19.8642,-7525.78,0.700407,0.27
6465001,1,20.369,-7525.56,0.258897,0.233
6470001,2,32.3493,-7527.26,2.38838,0.163
6475001,2,39.0948,-7525.87,0.145374,0.288
6480001,1,18.1132,-7526.7,2.08101,0.269
6485001,1,19.5939,-7525.86,0.370297,0.172
6490001,1,20.2752,-7525.21,0.639507,0.173
6495001,1,19.6046,-7525.16,0.637329,0.129
6500001,2,37.3565,-7524.82,0.60958,0.229
6505001,1,16.9037,-7525.06,1.97915,0.223
6510001,1,15.8765,-7525.23,2.52811,0.159
6515001,1,18.5582,-7525.95,0.702412,0.293
6520001,1,18.3769,-7526.34,0.224848,0.213
6525001,1,19.9098,-7526.99,0.988093,0.197
6530001,1,17.8331,-7525.87,1.85187,0.231
6535001,1,19.4913,-7531.27,0.0752752,0.204
6540001,1,15.1277,-7532.23,3.5071,0.178
6545001,2,37.0685,-7527.83,0.991494,0.185
6550001,1,16.6239,-7530.42,2.15181,0.187
6555001,1,19.7585,-7529.39,0.10246,0.16
6560001,2,39.0269,-7530.38,0.377659,0.198
6565001,1,20.9574,-7528.56,0.194756,0.162
6570001,1,20.3334,-7527.88,0.534951,0.235
6575001,1,19.7006,-7525.86,0.38118,0.15
6580001,1,19.8152,-7526.01,0.903696,0.302
6585001,1,19.7656,-7524.36,0.449947,0.17
6590001,1,21.0209,-7528.67,0.432419,0.31
6595001,1,20.6171,-7525.86,0.288544,0.166
6600001,1,19.391,-7527.98,2.08101,0.176
6605001,1,20.6457,-7524.86,0.141114,0.142
6610001,2,38.7297,-7523.95,0.829159,0.305
6615001,1,18.749,-7524.41,0.903926,0.137
6620001,1,18.3655,-7525.85,0.578801,0.263
6625001,1,19.3133,-7524.32,0.159089,0.336
6630001,1,18.3512,-7525.84,0.988789,0.203
6635001,2,39.0185,-7522.35,0.437562,0.209
6640001,2,37.4833,-7523.55,0.533403,0.254
6645001,1,17.4077,-7525.99,1.52051,0.282
6650001,2,36.9611,-7524.45,1.04099,0.185
6655001,1,18.4561,-7527.44,0.134052,0.26
6660001,1,17.3102,-7525.46,1.2675,0.255
6665001,2,35.6797,-7528.31,0.33143,0.191
6670001,1,17.0123,-7524.39,1.61397,0.161
6675001,3,54.6358,-7523.17,0.841579,0.242
6680001,1,18.9403,-7523.94,0.93339,0.33
6685001,1,17.6361,-7523.77,1.92798,0.226
6690001,1,15.3523,-7524.4,3.68092,0.149
6695001,1,18.6393,-7525.73,1.22775,0.16
6700001,1,19.014,-7527.14,1.10309,0.29
6705001,2,37.6678,-7525.93,0.884938,0.169
6710001,1,18.569,-7526.37,0.433267,0.258
6715001,3,55.1702,-7525.34,0.486453,0.25
6720001,1,18.904,-7524.22,0.189048,0.182
6725001,1,18.7235,-7524.68,0.743242,0.165
6730001,1,18.1961,-7525.57,0.268622,0.213
6735001,1,18.1816,-7524.92,0.830794,0.189
6740001,2,33.1953,-7529.91,0.329813,0.251
6745001,1,18.6051,-7529.35,0.20297,0.189
6750001,1,17.4904,-7524.84,0.264903,0.16
6755001,1,18.8907,-7524.88,0.162967,0.165
6760001,3,53.0803,-7523.67,0.943958,0.337
6765001,1,19.3274,-7524.08,0.264894,0.199
6770001,2,37.4237,-7525.73,0.881446,0.23
6775001,1,20.8341,-7526.91,0.0139485,0.185
6780001,1,19.1087,-7524.14,0.450287,0.334
6785001,2,36.6359,-7525.59,0.814195,0.196
6790001,2,37.7914,-7523.72,0.124411,0.266
6795001,1,18.9902,-7526.39,0.141071,0.201
6800001,1,18.7727,-7524.67,1.50557,0.282
6805001,3,52.0604,-7523.06,1.54501,0.278
6810001,1,19.474,-7525.32,1.25792,0.249
6815001,1,19.6938,-7525.14,0.0417464,0.34
6820001,2,35.6943,-7525.53,1.2665,0.212
6825001,1,17.9568,-7526.98,0.0073744,0.161
6830001,1,15.8404,-7526.03,1.79952,0.159
6835001,1,17.733,-7524.3,0.775241,0.196
6840001,1,18.9613,-7529.22,0.253582,0.38
6845001,1,19.8938,-7524.38,0.125241,0.189
6850001,1,19.8235,-7524.77,0.758258,0.144
6855001,1,16.9938,-7528.46,4.24564,0.177
6860001,1,19.1323,-7525.08,1.2904,0.202
6865001,1,18.1093,-7524.75,1.40522,0.248
6870001,2,33.5971,-7523.88,1.53273,0.312
6875001,2,38.4461,-7524.53,0.157427,0.217
6880001,1,14.9109,-7526.01,4.16052,0.159
6885001,1,18.2921,-7525.17,0.430679,0.225
6890001,1,17.0707,-7525.55,2.56282,0.185
6895001,1,18.6057,-7525.5,0.828439,0.145
6900001,1,17.755,-7524.89,1.37252,0.151
6905001,1,18.5883,-7524.84,1.72564,0.156
6910001,2,37.7851,-7524.57,1.96704,0.268
6915001,1,19.2201,-7525.63,0.486488,0.279
6920001,1,19.2112,-7524.14,0.295251,0.135
6925001,2,37.926,-7526.11,0.392402,0.192
6930001,1,17.548,-7526.1,1.6616,0.225
6935001,1,19.6204,-7525.92,0.68876,0.205
6940001,1,15.0376,-7526.2,3.18969,0.225
6945001,2,38.5115,-7525.39,0.220772,0.196
6950001,1,18.5328,-7524.66,0.212895,0.183
6955001,2,34.9176,-7523.84,0.138584,0.194
6960001,2,36.0289,-7526.15,1.09975,0.202
6965001,2,34.3217,-7523.35,4.12797,0.235
6970001,1,16.8406,-7525.79,3.19684,0.142
6975001,1,19.7386,-7525.74,0.96431,0.167
6980001,4,74.9867,-7519.73,0.498699,0.298
6985001,1,16.0535,-7525.34,2.00451,0.175
6990001,2,35.7566,-7522.75,1.87634,0.247
6995001,1,16.9972,-7524.17,2.02845,0.166
7000001,1,20.1139,-7525.19,0.29984,0.204
7005001,1,18.1936,-7524.34,1.00544,0.167
7010001,2,35.635,-7524.11,1.72709,0.176
7015001,2,39.3713,-7525.88,0.698025,0.194
7020001,1,19.9923,-7526.3,0.924011,0.274
7025001,1,18.826,-7523.95,0.168402,0.166
7030001,2,36.5986,-7524.76,0.233142,0.263
7035001,3,55.231,-7522.59,0.837436,0.268
7040001,1,16.8406,-7524.42,3.10983,0.269
7045001,2,39.9731,-7524,0.107241,0.223
7050001,2,35.7167,-7524.97,0.423066,0.23
7055001,1,20.4934,-7526.54,0.483177,0.247
7060001,1,20.1237,-7528.58,0.176712,0.143
7065001,1,18.7522,-7525.9,0.845817,0.218
7070001,1,18.3305,-7525.57,0.782855,0.266
7075001,2,35.7788,-7523.42,3.17225,0.282
7080001,2,38.0797,-7521.18,1.3263,0.357
7085001,2,36.1252,-7530.85,2.57423,0.242
7090001,2,39.7149,-7526.54,0.70349,0.335
7095001,1,19.1468,-7525.12,0.604138,0.166
7100001,1,18.7313,-7524.85,0.659982,0.173
7105001,2,38.8513,-7525.63,0.016394,0.176
7110001,3,56.2224,-7524.25,0.109385,0.198
7115001,3,55.5108,-7519.83,1.03295,0.341
7120001,1,19.1617,-7524.25,0.778425,0.18
7125001,1,19.2885,-7524.09,0.690832,0.272
7130001,1,19.0666,-7524.16,0.434733,0.264
7135001,1,18.595,-7526.25,0.223835,0.154
7140001,2,39.555,-7525.39,0.137151,0.227
7145001,1,18.9525,-7525.38,0.209447,0.22
7150001,1,17.7894,-7523.58,1.7599,0.178
7155001,3,52.9598,-7524.24,2.7786,0.287
7160001,1,18.863,-7525.51,0.782572,0.258
7165001,2,38.7554,-7524.61,0.768716,0.296
7170001,1,18.9001,-7524.94,1.33607,0.248
7175001,2,36.454,-7528.1,1.01989,0.172
7180001,1,17.8329,-7524.35,1.52297,0.181
7185001,1,18.6755,-7523.7,0.872653,0.217
7190001,2,34.7546,-7526.13,2.04983,0.333
7195001,2,34.5509,-7528.95,2.98545,0.247
7200001,1,19.3447,-7527.2,0.366527,0.175
7205001,1,18.959,-7524.33,1.60136,0.154
7210001,1,15.5439,-7524.36,4.59492,0.26
7215001,1,19.5317,-7524.48,0.693876,0.333
7220001,2,38.4845,-7525.87,0.391561,0.272
7225001,1,20.8876,-7526.81,0.400528,0.226
7230001,1,18.602,-7527.83,2.73391,0.242
7235001,1,19.8807,-7524.51,0.137122,0.196
7240001,1,19.344,-7525.22,0.296452,0.245
7245001,1,19.0232,-7526.89,0.347985,0.169
7250001,1,20.1248,-7527.63,0.59792,0.23
7255001,2,40.0153,-7527.71,0.173443,0.179
7260001,1,16.0853,-7525.82,3.3451,0.214
7265001,1,17.8425,-7525.62,1.2485,0.141
7270001,1,19.4457,-7526.57,0.0193531,0.216
7275001,2,35.3153,-7529.9,2.64114,0.307
7280001,1,19.8639,-7533.89,0.496913,0.216
7285001,1,20.3255,-7527.42,0.337917,0.17
7290001,1,17.8831,-7525.93,2.17474,0.168
7295001,2,34.2602,-7523.52,2.38146,0.299
7300001,3,56.1146,-7524.08,0.0941522,0.286
7305001,2,35.8985,-7523.94,0.277782,0.309
7310001,1,19.8855,-7526.03,0.729355,0.17
7315001,2,38.7583,-7524.24,0.49547,0.262
7320001,1,20.0445,-7525.49,0.415557,0.222
7325001,2,38.5601,-7526.53,1.10126,0.214
7330001,1,20.1826,-7526.06,0.251678,0.16
7335001,1,20.2635,-7525.08,0.107261,0.163
7340001,1,18.4435,-7526.42,1.86782,0.186
7345001,1,18.5002,-7525.09,1.67035,0.231
7350001,3,57.3924,-7524.33,1.5271,0.299
7355001,1,19.8004,-7523.9,0.0662651,0.198
7360001,1,19.4613,-7524.91,0.907555,0.232
7365001,1,19.5133,-7524.47,0.550099,0.193
7370001,2,37.7417,-7524.73,0.886548,0.216
7375001,3,54.9407,-7525.24,0.193976,0.219
7380001,2,38.7227,-7528.1,0.685584,0.235
7385001,2,38.6789,-7521.8,1.16073,0.182
7390001,2,38.7537,-7524.3,0.113787,0.237
7395001,1,17.1054,-7524.66,1.07025,0.174
7400001,1,18.0577,-7524.94,0.174541,0.17
7405001,1,18.9457,-7525.12,0.151459,0.156
7410001,2,37.9774,-7527.06,0.00620445,0.347
7415001,1,18.2272,-7524.53,0.595856,0.246
7420001,1,17.0611,-7524.11,1.78084,0.181
7425001,1,18.4803,-7526.54,0.83875,0.159
7430001,1,18.7008,-7525.08,1.59534,0.161
7435001,1,20.7178,-7529.4,0.105993,0.151
7440001,2,37.4634,-7529.14,2.6821,0.217
7445001,1,14.105,-7527.44,7.30935,0.346
7450001,1,20.6746,-7525.86,0.118129,0.17
7455001,3,54.4859,-7524.62,3.67205,0.295
7460001,1,18.71,-7525.21,1.52131,0.155
7465001,1,18.373,-7526.89,1.54114,0.207
7470001,2,34.8715,-7523.43,2.69367,0.221
7475001,1,19.3103,-7523.98,0.260634,0.145
7480001,1,19.5317,-7525.61,0.678066,0.143
7485001,1,19.2122,-7524.79,0.695467,0.222
7490001,2,38.0875,-7525.41,0.0712711,0.163
7495001,1,19.4927,-7525.18,0.622928,0.199
7500001,1,17.5244,-7527.37,1.74764,0.142
7505001,1,15.3827,-7525.86,5.09972,0.202
7510001,1,19.9116,-7525.69,0.0640072,0.136
7515001,1,19.6195,-7524.96,1.10086,0.158
7520001,2,38.55,-7522.76,0.488437,0.244
7525001,2,36.0433,-7523.09,1.14915,0.214
7530001,3,57.7082,-7527.13,0.830918,0.375
7535001,1,16.4755,-7525.71,4.07496,0.301
7540001,1,17.9523,-7525.25,2.89067,0.154
7545001,2,34.1509,-7524.28,4.09022,0.205
7550001,2,38.6281,-7524.99,0.0752749,0.285
7555001,2,36.4847,-7521.92,0.247504,0.231
7560001,1,19.4932,-7524.47,0.0567025,0.154
7565001,1,20.35,-7527.57,0.384577,0.246
7570001,2,37.2523,-7526.83,2.84613,0.18
7575001,1,20.8631,-7529.25,0.195002,0.284
7580001,1,20.0838,-7525.09,0.233615,0.169
7585001,1,19.1829,-7524.72,0.251493,0.16
7590001,1,14.1313,-7527.13,4.75962,0.208
7595001,1,16.8371,-7526.43,2.01419,0.186
7600001,1,18.6887,-7526.45,0.280052,0.256
7605001,1,19.9904,-7526.63,0.306652,0.239
7610001,3,53.9484,-7523.58,3.14735,0.283
7615001,1,20.1527,-7525.06,0.11855,0.248
7620001,2,39.1216,-7526.61,0.726298,0.202
7625001,1,18.6408,-7525.69,0.221086,0.224
7630001,1,16.4914,-7525.98,1.80219,0.244
7635001,1,18.9327,-7525.17,0.777123,0.213
7640001,1,18.0753,-7525.32,0.286937,0.162
7645001,1,17.7907,-7526.09,0.429411,0.182
7650001,1,19.2752,-7526.08,0.174766,0.272
7655001,1,14.5634,-7526.67,5.30391,0.237
7660001,2,34.8332,-7524.84,2.12502,0.257
7665001,1,19.6234,-7525.4,0.257695,0.15
7670001,1,20.6589,-7526.41,0.172354,0.208
7675001,2,38.9321,-7524.52,0.482983,0.199
7680001,2,36.2547,-7526.02,0.0905135,0.258
7685001,1,20.0082,-7526.9,0.0102702,0.177
7690001,1,19.4511,-7526.87,0.666084,0.178
7695001,2,38.93,-7524.87,0.256183,0.217
7700001,2,36.4128,-7525.24,1.30133,0.15
7705001,2,35.5561,-7523.25,1.6289,0.26
7710001,2,36.3914,-7522.42,0.864359,0.35
7715001,1,20.3203,-7526.6,0.279934,0.146
7720001,2,38.3368,-7524.72,1.11882,0.315
7725001,1,19.7437,-7525.42,0.805884,0.154
7730001,1,18.9068,-7525.5,0.639808,0.156
7735001,1,18.6283,-7526.52,0.141645,0.169
7740001,2,34.892,-7522.26,1.49598,0.258
7745001,1,17.6054,-7526.16,0.0757911,0.255
7750001,1,17.2842,-7527.38,1.12147,0.22
7755001,2,31.221,-7524.77,5.07387,0.185
7760001,1,20.8098,-7526.22,0.0943938,0.253
7765001,1,18.2187,-7525.16,1.29235,0.156
7770001,1,17.6462,-7526.69,1.10963,0.2
7775001,1,17.6952,-7526.81,2.11505,0.204
7780001,2,39.3342,-7525.05,0.437102,0.223
7785001,2,34.6921,-7525.55,1.89153,0.345
7790001,2,38.2511,-7523.22,0.788613,0.187
7795001,2,36.2072,-7521.45,0.292718,0.236
7800001,2,40.0278,-7530.07,0.873402,0.31
7805001,1,19.178,-7525.51,0.526204,0.223
7810001,2,33.0482,-7526.85,5.16459,0.16
7815001,2,37.4294,-7525.28,0.686488,0.247
7820001,1,19.0952,-7525.01,0.825553,0.165
7825001,1,19.2778,-7524.57,0.623984,0.181
7830001,2,38.8637,-7525.78,0.13054,0.296
7835001,1,17.223,-7524.49,1.88061,0.164
7840001,1,18.3405,-7528.35,0.835353,0.218
7845001,1,17.6904,-7526.57,0.449024,0.204
7850001,1,18.7838,-7525.71,0.447449,0.184
7855001,2,34.5979,-7525.54,3.64733,0.209
7860001,1,19.1355,-7529.57,1.49563,0.151
7865001,2,37.575,-7525.05,1.72388,0.309
7870001,1,19.9063,-7526.41,0.00169747,0.18
7875001,1,20.5482,-7529,0.783279,0.187
7880001,2,37.4691,-7525.43,0.0498888,0.297
7885001,1,17.2999,-7527.94,2.12411,0.169
7890001,1,14.8882,-7525.61,3.98309,0.184
7895001,1,17.3213,-7527.55,0.687453,0.237
7900001,1,15.6185,-7527.03,2.77626,0.321
7905001,1,18.6138,-7526.25,0.0444204,0.23
7910001,1,15.1583,-7525.74,4.69279,0.219
7915001,1,20.4654,-7525.54,0.241992,0.16
7920001,2,37.995,-7526.92,1.83832,0.27
7925001,2,37.9459,-7525.56,0.0382379,0.242
7930001,1,18.8869,-7526.29,0.873768,0.213
7935001,1,19.1954,-7525.77,1.60919,0.181
7940001,2,39.4943,-7525.22,0.304506,0.295
7945001,2,36.5276,-7523.15,2.807,0.194
7950001,1,18.523,-7525.25,0.837817,0.173
7955001,1,18.483,-7526.77,0.46024,0.168
7960001,1,19.9415,-7524.98,0.152124,0.248
7965001,1,17.7197,-7525.44,3.13149,0.148
7970001,1,21.049,-7527.72,0.41268,0.23
7975001,1,20.3817,-7527.35,0.71663,0.181
7980001,1,19.7037,-7525.79,0.618985,0.146
7985001,2,33.9068,-7525.45,4.31935,0.243
7990001,1,21.356,-7528.84,0.38227,0.197
7995001,4,76.0219,-7524.97,0.622147,0.439
8000001,1,19.5321,-7528.24,0.420575,0.224
8005001,1,18.2888,-7527.44,1.81682,0.142
8010001,1,18.75,-7525.58,2.28269,0.143
8015001,2,39.6095,-7528.1,0.797492,0.278
8020001,1,19.4857,-7525.12,0.752308,0.262
8025001,1,20.2447,-7525.56,0.00603674,0.212
8030001,4,71.194,-7525.6,3.33169,0.339
8035001,1,19.3506,-7526.87,0.606607,0.199
8040001,1,16.0282,-7524.83,3.51663,0.187
8045001,1,19.7072,-7528.33,0.877724,0.162
8050001,1,19.465,-7525.25,0.38432,0.166
8055001,1,14.6063,-7525.81,5.24943,0.168
8060001,2,35.3534,-7525.88,1.93053,0.178
8065001,2,39.9895,-7527.19,0.319972,0.165
8070001,1,18.9608,-7527.01,0.650485,0.161
8075001,2,39.812,-7530.45,0.453788,0.247
8080001,2,38.2086,-7525.94,1.03035,0.178
8085001,1,16.3541,-7524.9,3.43447,0.184
8090001,1,19.6045,-7536.15,1.10218,0.168
8095001,2,39.2516,-7524.98,0.325856,0.21
8100001,2,37.8651,-7525.37,0.177094,0.309
8105001,2,35.0862,-7524.75,1.27706,0.263
8110001,1,16.914,-7527.22,2.00052,0.251
8115001,1,19.1812,-7525.66,0.324316,0.172
8120001,1,18.045,-7525.54,0.611044,0.167
8125001,2,36.4341,-7526.22,0.16811,0.173
8130001,2,31.3085,-7523.42,2.28249,0.262
8135001,2,39.4825,-7523.71,0.0689984,0.238
8140001,2,38.9524,-7525.39,1.44654,0.281
8145001,2,38.8123,-7524.8,0.579353,0.223
8150001,2,39.7142,-7529.42,0.153635,0.229
8155001,1,20.5485,-7526.75,0.618495,0.184
8160001,3,55.3192,-7528.74,2.39244,0.268
8165001,1,18.1567,-7525.9,2.47992,0.297
8170001,3,55.8552,-7525.55,0.494938,0.382
8175001,1,19.9037,-7527.37,0.185661,0.158
8180001,3,56.0391,-7524.55,0.666362,0.251
8185001,2,34.0057,-7525.93,0.788494,0.281
8190001,2,34.1754,-7528.49,1.56485,0.214
8195001,2,36.8507,-7527.57,0.641426,0.273
8200001,1,17.6663,-7525.09,1.97872,0.154
8205001,1,18.6624,-7526.94,0.243601,0.177
8210001,2,28.8333,-7525.03,0.379146,0.197
8215001,1,20.7607,-7525.94,0.013937,0.149
8220001,2,39.6045,-7524.02,0.527091,0.293
8225001,1,20.7798,-7526.02,0.0675516,0.166
8230001,2,33.8526,-7525.56,1.81007,0.221
8235001,1,18.0534,-7524.82,0.966285,0.163
8240001,1,17.679,-7526.2,2.91451,0.292
8245001,1,20.2786,-7525.93,0.801846,0.129
8250001,1,18.8177,-7525.21,1.91757,0.189
8255001,2,38.582,-7526.17,0.322634,0.311
8260001,1,18.3672,-7526.28,0.910069,0.237
8265001,1,18.7479,-7525.88,0.131471,0.152
8270001,1,17.3669,-7525.98,1.09833,0.363
8275001,1,19.1964,-7525.38,0.492351,0.157
8280001,3,57.1096,-7522.2,1.82955,0.301
8285001,3,57.8036,-7525.9,1.29705,0.237
8290001,1,19.8992,-7527.33,0.922932,0.196
8295001,1,17.7446,-7524.87,2.34602,0.215
8300001,3,59.3468,-7530.43,0.174047,0.306
8305001,2,39.2186,-7528.27,0.206461,0.302
8310001,1,20.2599,-7527.83,0.889272,0.231
8315001,1,19.037,-7526.54,0.982425,0.243
8320001,1,20.3598,-7525.73,0.627295,0.156
8325001,1,20.1875,-7526.69,0.172453,0.177
8330001,3,57.9973,-7523.97,0.592969,0.231
8335001,1,17.5334,-7528.49,2.80916,0.173
8340001,1,19.586,-7524.48,0.0552106,0.168
8345001,1,18.2507,-7525.82,1.96447,0.267
8350001,1,19.8291,-7526.94,0.661424,0.208
8355001,1,20.3125,-7525.67,0.0329266,0.203
8360001,1,20.9851,-7527.01,0.019504,0.177
8365001,2,39.7886,-7525.63,0.276028,0.253
8370001,1,17.1405,-7526.3,3.21968,0.138
8375001,1,19.9836,-7527.25,0.461927,0.211
8380001,1,20.1278,-7524.84,0.00204122,0.148
8385001,1,21.0862,-7525.75,0.0855847,0.13
8390001,2,35.2292,-7524.96,3.10799,0.224
8395001,1,19.0858,-7525.51,0.0711039,0.347
8400001,2,35.9384,-7523.67,1.6496,0.169
8405001,1,19.0713,-7526.91,0.0705243,0.17
8410001,3,57.0927,-7524.59,0.0176772,0.342
8415001,1,18.3337,-7527.45,1.95962,0.227
8420001,2,38.1828,-7526.98,0.967633,0.16
8425001,1,19.5437,-7525.6,0.188714,0.151
8430001,2,38.2143,-7527.78,0.498217,0.174
8435001,1,19.4325,-7524.77,0.594139,0.148
8440001,1,19.9598,-7524.58,0.354266,0.19
8445001,1,17.8982,-7524.23,1.74496,0.17
8450001,2,38.8371,-7524.97,0.114433,0.332
8455001,1,20.7188,-7528.75,0.630963,0.188
8460001,1,19.549,-7525.09,0.557542,0.249
8465001,1,19.9028,-7526.31,0.876949,0.202
8470001,1,19.8415,-7527.71,0.237885,0.255
8475001,1,19.8121,-7525.94,0.0550229,0.234
8480001,2,36.5631,-7528.24,2.98943,0.176
8485001,1,19.6137,-7526.99,0.665005,0.314
8490001,1,20.1133,-7529,0.485597,0.272
8495001,1,17.759,-7527.44,2.64216,0.193
8500001,1,20.2029,-7527.74,0.0288485,0.189
8505001,2,36.7775,-7526.55,1.5466,0.223
8510001,1,18.2505,-7526.85,1.79314,0.15
8515001,3,56.9285,-7527.47,1.82446,0.264
8520001,1,19.4585,-7525.04,0.13301,0.172
8525001,2,37.5762,-7524.41,0.847547,0.174
8530001,1,17.3044,-7524.85,2.6729,0.148
8535001,2,37.0314,-7524.05,0.254781,0.313
8540001,2,37.3064,-7525.23,1.71817,0.274
8545001,3,58.4192,-7524.48,0.746009,0.299
8550001,2,35.6135,-7524.61,1.83004,0.254
8555001,1,19.1008,-7525.72,0.0324654,0.197
8560001,1,19.5961,-7524.13,0.220281,0.223
8565001,1,20.1588,-7525.19,0.252682,0.157
8570001,2,36.9603,-7525.08,2.24196,0.17
8575001,1,21.0509,-7525.92,0.0351487,0.272
8580001,3,56.3252,-7526.09,0.419064,0.305
8585001,1,18.4622,-7525.32,2.10453,0.158
8590001,2,39.4166,-7524.1,0.424785,0.224
8595001,1,16.4564,-7525.77,4.61411,0.221
8600001,1,18.7705,-7528.26,2.54651,0.211
8605001,2,37.7202,-7526.26,0.0560751,0.183
8610001,2,39.8146,-7530.86,0.41348,0.26
8615001,1,18.3962,-7529.22,2.37292,0.149
8620001,1,18.8849,-7525.58,0.726136,0.189
8625001,2,38.5883,-7525.41,0.972518,0.177
8630001,3,56.5389,-7524.78,1.26656,0.283
8635001,1,20.1584,-7526,0.553646,0.19
8640001,1,19.2536,-7525.01,0.601024,0.265
8645001,1,18.1686,-7525.08,1.5898,0.148
8650001,2,34.4718,-7528.43,2.99985,0.274
8655001,1,20.0652,-7524.7,0.155448,0.178
8660001,4,76.5231,-7523.6,0.182651,0.302
8665001,1,19.1236,-7525.92,1.88969,0.178
8670001,1,17.6792,-7527.16,2.43205,0.227
8675001,3,57.1347,-7525.9,1.65896,0.226
8680001,1,20.6916,-7529.79,0.00853566,0.199
8685001,1,20.6534,-7526.86,0.618788,0.196
8690001,1,19.4527,-7525.1,0.655406,0.168
8695001,2,36.3844,-7523.67,0.221147,0.283
8700001,2,38.838,-7527.61,0.0486415,0.252
8705001,1,19.6171,-7524.64,0.214513,0.194
8710001,1,15.4877,-7526.77,3.43589,0.267
8715001,2,39.5866,-7525.8,0.31751,0.188
8720001,1,20.1367,-7525.62,0.56131,0.185
8725001,1,20.2683,-7524.6,0.204183,0.191
8730001,1,17.9875,-7524.58,1.9794,0.181
8735001,1,20.336,-7527.81,0.215093,0.171
8740001,1,19.0794,-7524.95,0.167664,0.164
8745001,1,18.5597,-7524.5,0.155257,0.14
8750001,1,18.5926,-7525.04,0.209446,0.211
8755001,2,37.5462,-7525.95,0.493298,0.389
8760001,2,39.7093,-7524.24,0.409566,0.197
8765001,1,21.8084,-7534.09,0.631728,0.181
8770001,1,17.9868,-7525.38,1.93644,0.152
8775001,1,18.4594,-7525.41,1.60822,0.154
8780001,1,19.0018,-7524.49,0.743795,0.32
8785001,3,51.0642,-7524.73,0.813704,0.283
8790001,2,37.1408,-7525.38,1.01155,0.295
8795001,2,33.4652,-7525.01,3.7621,0.179
8800001,3,53.2538,-7526.77,1.92211,0.243
8805001,1,19.2903,-7526.07,0.276874,0.165
8810001,1,19.6044,-7525.78,0.223471,0.196
8815001,2,35.6596,-7524.91,3.29396,0.231
8820001,2,40.9556,-7527.79,0.212851,0.229
8825001,1,18.1736,-7524.63,1.13207,0.173
8830001,1,19.4668,-7526.04,0.218091,0.244
8835001,2,36.689,-7527.01,0.524903,0.363
8840001,4,73.4768,-7527.01,0.834189,0.247
8845001,1,17.1002,-7528.49,3.45182,0.16
8850001,3,58.4202,-7524.22,0.286678,0.269
8855001,1,20.102,-7529.34,0.499932,0.185
8860001,1,16.4339,-7525.77,3.06829,0.223
8865001,1,19.6249,-7526.19,1.25945,0.204
8870001,1,20.5993,-7529.25,1.28242,0.182
8875001,1,21.9135,-7534.42,0.107567,0.226
8880001,1,20.1328,-7526.5,0.346411,0.21
8885001,1,20.664,-7527.43,0.116961,0.164
8890001,1,21.7728,-7529.96,0.0997918,0.178
8895001,2,40.0896,-7528.5,0.11869,0.249
8900001,1,20.145,-7526.22,0.548831,0.335
8905001,1,19.104,-7527.18,1.331,0.188
8910001,1,18.6621,-7527.71,1.13545,0.181
8915001,1,17.8,-7526.37,2.75096,0.204
8920001,1,18.8152,-7527.65,0.679021,0.175
8925001,2,36.5728,-7525.31,1.79878,0.179
8930001,1,15.9285,-7527.86,2.49526,0.228
8935001,1,19.1722,-7525.05,0.462201,0.241
8940001,2,34.1295,-7525.35,0.279745,0.257
8945001,1,16.4374,-7526.6,3.58474,0.197
8950001,1,19.5106,-7527.54,1.69821,0.172
8955001,2,37.6863,-7528.09,0.447586,0.236
8960001,2,38.823,-7526.32,0.215024,0.165
8965001,1,18.8568,-7527.02,1.41675,0.223
8970001,1,18.0582,-7527.53,1.65618,0.308
8975001,1,18.1869,-7526.36,1.85474,0.188
8980001,2,35.5342,-7523.25,4.21158,0.292
8985001,1,19.0778,-7525.51,0.300282,0.239
8990001,1,18.4198,-7525.03,1.94959,0.167
8995001,1,20.5251,-7527.81,0.978542,0.149
9000001,1,18.2673,-7527.57,2.32439,0.173
9005001,3,57.901,-7524.61,1.31069,0.351
9010001,1,20.6627,-7525.85,0.00917103,0.247
9015001,1,18.7279,-7524.95,0.522498,0.246
9020001,1,17.4104,-7525.34,1.32897,0.26
9025001,1,18.4282,-7524.79,0.832825,0.156
9030001,1,20.8072,-7528.14,0.270336,0.2
9035001,1,20.648,-7526.77,0.213766,0.217
9040001,2,38.5673,-7525.8,0.104977,0.233
9045001,2,37.651,-7525.58,1.09951,0.199
9050001,1,19.1085,-7524.74,1.64088,0.168
9055001,1,19.0863,-7525.17,1.44554,0.189
9060001,2,38.2631,-7524.82,0.320749,0.165
9065001,1,17.6182,-7527.31,2.47706,0.214
9070001,1,19.7435,-7527.39,1.30402,0.172
9075001,2,35.4014,-7524.83,3.99156,0.255
9080001,1,18.7195,-7525.52,0.0377784,0.229
9085001,3,56.2933,-7523.22,1.27202,0.222
9090001,3,56.5417,-7528.46,0.431078,0.371
9095001,1,19.6833,-7531.19,0.282219,0.165
9100001,2,39.6901,-7524.73,0.0171547,0.364
9105001,1,20.482,-7525.21,0.384908,0.189
9110001,3,54.2257,-7526.1,1.76228,0.25
9115001,1,19.537,-7526.49,1.23987,0.264
9120001,3,50.6361,-7525.35,1.25515,0.21
9125001,1,17.7866,-7524.95,0.923993,0.211
9130001,1,19.6399,-7525.22,0.00824828,0.312
9135001,2,36.1867,-7525.56,0.281118,0.221
9140001,1,18.3922,-7525.97,1.10354,0.149
9145001,2,38.1517,-7527.6,1.19835,0.272
9150001,1,19.2664,-7526.49,0.0170036,0.347
9155001,1,18.4856,-7527.69,0.471304,0.175
9160001,1,19.4954,-7525.36,0.34883,0.153
9165001,1,18.5102,-7531.33,0.160005,0.278
9170001,2,38.3644,-7529.87,0.955579,0.322
9175001,3,53.905,-7532.46,0.0544839,0.316
9180001,1,19.0928,-7530.18,1.58872,0.192
9185001,1,20.2123,-7527.54,0.460329,0.157
9190001,1,18.3449,-7525.98,1.02817,0.307
9195001,1,19.0717,-7526.01,1.10999,0.154
9200001,1,20.4715,-7527.56,0.248877,0.192
9205001,1,19.3392,-7525.3,0.501529,0.164
9210001,1,18.2493,-7528.04,1.77903,0.155
9215001,1,17.9289,-7528.51,2.67909,0.135
9220001,1,19.6182,-7526.7,0.273952,0.258
9225001,1,16.6032,-7526.74,2.51888,0.243
9230001,1,18.5375,-7526.88,0.0631651,0.141
9235001,3,57.7549,-7521.11,0.298924,0.303
9240001,1,19.0941,-7528.37,1.22631,0.153
9245001,3,52.6222,-7523.38,3.01845,0.291
9250001,1,20.6944,-7526.75,0.0735369,0.319
9255001,1,19.5059,-7525.15,0.11244,0.184
9260001,2,34.1997,-7523.95,4.49047,0.219
9265001,2,37.2532,-7526.2,0.505069,0.214
9270001,3,55.0485,-7528.43,1.04315,0.369
9275001,2,38.0162,-7525.39,0.626608,0.302
9280001,1,18.1854,-7525.86,1.68796,0.21
9285001,1,18.1766,-7526.35,1.34099,0.269
9290001,1,19.2136,-7525.95,0.0871179,0.19
9295001,1,15.7247,-7524.83,3.60676,0.18
9300001,2,39.7435,-7525.38,0.171082,0.197
9305001,1,16.891,-7524.48,1.24652,0.187
9310001,1,17.1648,-7524.14,1.75719,0.172
9315001,2,36.4257,-7525.9,1.22245,0.236
9320001,3,56.9169,-7524.67,0.473006,0.193
9325001,2,35.9287,-7522.35,0.932011,0.228
9330001,1,19.7585,-7523.84,0.0433608,0.35
9335001,2,35.0701,-7523.94,0.7905,0.232
9340001,1,18.4076,-7524.17,0.836542,0.216
9345001,1,19.253,-7523.79,0.0857064,0.229
9350001,2,39.3398,-7525.48,0.289553,0.233
9355001,1,18.0348,-7524.7,2.11851,0.14
9360001,1,20.5984,-7525.6,0.0390117,0.166
9365001,1,18.437,-7525.09,1.30636,0.252
9370001,1,18.9618,-7524.33,1.25452,0.154
9375001,2,33.3982,-7526.74,5.0399,0.176
9380001,1,17.7198,-7526.36,3.45488,0.177
9385001,1,16.8838,-7527.58,4.03068,0.173
9390001,1,19.9836,-7524.02,0.22383,0.196
9395001,1,17.7258,-7524.07,0.866676,0.187
9400001,1,19.3653,-7525.32,0.217387,0.191
9405001,1,19.4382,-7524.07,0.996551,0.145
9410001,1,17.9583,-7524.38,0.329109,0.249
9415001,1,20.1676,-7524.78,0.110835,0.161
9420001,1,17.7012,-7524.72,3.01605,0.127
9425001,1,17.4909,-7524.04,2.61383,0.134
9430001,1,15.7521,-7524.6,3.99735,0.159
9435001,1,18.7019,-7524.75,1.85382,0.159
9440001,2,36.7146,-7524.94,2.56821,0.304
9445001,2,37.0294,-7521.9,0.663163,0.247
9450001,2,38.7464,-7521.8,0.247651,0.187
9455001,1,17.5778,-7524.23,2.66525,0.318
9460001,3,59.1869,-7523.68,0.0295615,0.316
9465001,2,37.421,-7523.59,1.36632,0.312
9470001,2,37.1208,-7524.46,0.316407,0.409
9475001,2,39.1937,-7524.91,0.499239,0.261
9480001,1,19.9027,-7525.66,0.551584,0.213
9485001,1,19.2604,-7526.05,1.31451,0.249
9490001,1,19.5353,-7525.58,0.061306,0.216
9495001,1,19.6791,-7526.42,0.166276,0.223
9500001,1,18.6573,-7527.73,1.21062,0.156
9505001,2,37.0569,-7528.6,1.59162,0.404
9510001,1,16.3053,-7524.37,2.39279,0.176
9515001,1,18.1524,-7523.97,0.19418,0.134
9520001,1,17.2872,-7527.67,0.543622,0.275
9525001,1,17.4272,-7526.02,0.614478,0.172
9530001,1,16.8774,-7526.78,0.0628754,0.17
9535001,1,17.841,-7523.95,0.168913,0.232
9540001,2,35.7832,-7525.49,0.0705346,0.273
9545001,2,36.1474,-7526.95,0.636064,0.201
9550001,1,20.0626,-7525.36,0.024378,0.153
9555001,2,36.7033,-7524.41,0.60592,0.219
9560001,1,15.1087,-7523.95,3.57167,0.175
9565001,2,34.02,-7522.55,1.21011,0.148
9570001,4,75.1025,-7522.16,0.273775,0.327
9575001,1,16.5925,-7524.07,2.42069,0.173
9580001,2,37.2148,-7524,0.619161,0.258
9585001,2,37.8542,-7523.29,0.451615,0.231
9590001,3,52.4107,-7523.54,0.840264,0.291
9595001,2,37.4686,-7523.29,0.446075,0.205
9600001,1,17.4979,-7525.73,0.173999,0.274
9605001,1,17.3928,-7522.96,0.946263,0.161
9610001,1,17.6834,-7527.64,2.60056,0.21
9615001,2,38.0184,-7525.51,1.72787,0.212
9620001,2,37.7508,-7523.86,0.106881,0.333
9625001,1,17.7532,-7524.24,0.915186,0.184
9630001,2,36.6775,-7521.74,1.64464,0.23
9635001,1,15.3386,-7525.21,3.64677,0.149
9640001,1,21.3517,-7527.04,0.082057,0.154
9645001,1,20.6914,-7525.38,0.0346801,0.133
9650001,1,17.1488,-7523.69,1.66535,0.149
9655001,1,18.6987,-7522.92,0.421529,0.204
9660001,1,18.2115,-7523.06,1.11707,0.284
9665001,2,37.4432,-7526.75,0.787486,0.196
9670001,1,19.1056,-7525.56,0.186704,0.143
9675001,1,16.6447,-7523.57,2.78546,0.301
9680001,2,38.3204,-7524.13,0.0759573,0.215
9685001,1,19.1744,-7525.79,0.116047,0.203
9690001,1,18.3492,-7526.45,2.21864,0.248
9695001,1,19.1504,-7524.82,0.379193,0.17
9700001,2,36.998,-7523.85,1.77282,0.198
9705001,2,37.7051,-7525.29,0.0978985,0.214
9710001,2,37.7557,-7526.56,0.838182,0.158
9715001,1,19.8488,-7524.33,0.0261255,0.178
9720001,3,50.2516,-7524.91,5.41503,0.269
9725001,1,18.5863,-7524.77,0.748609,0.165
9730001,1,16.9953,-7525.91,2.08715,0.186
9735001,1,17.0272,-7524.08,0.772637,0.161
9740001,2,31.936,-7527.25,0.171462,0.192
9745001,1,15.0074,-7523.66,1.79736,0.206
9750001,1,16.1393,-7523.9,0.932398,0.182
9755001,2,36.1125,-7525.38,0.215116,0.264
9760001,1,17.5449,-7525,0.595348,0.169
9765001,2,35.0028,-7524.09,0.876062,0.177
9770001,1,17.7491,-7525.4,0.0756929,0.172
9775001,2,36.6652,-7526.25,2.06539,0.348
9780001,1,18.3058,-7523.68,1.34204,0.225
9785001,1,17.6633,-7524.39,2.52741,0.16
9790001,3,56.8467,-7523.19,0.467332,0.304
9795001,2,38.5978,-7523.7,0.113823,0.261
9800001,2,37.7077,-7524.52,0.0903942,0.169
9805001,1,17.5522,-7524.36,0.313027,0.317
9810001,2,36.4039,-7524.42,0.636715,0.166
9815001,1,17.5812,-7526.18,0.892852,0.135
9820001,2,37.5234,-7524.5,0.96874,0.181
9825001,1,18.5833,-7527.45,1.39589,0.17
9830001,2,37.7182,-7523.86,0.0347061,0.219
9835001,3,58.2535,-7523.42,0.200308,0.209
9840001,2,34.4251,-7522.47,0.970357,0.175
9845001,1,17.3947,-7525.09,0.32,0.171
9850001,1,17.2822,-7521.34,0.783965,0.212
9855001,1,18.2035,-7522.87,1.48032,0.181
9860001,2,36.0504,-7524,0.655084,0.282
9865001,1,17.4525,-7521.46,1.57318,0.285
9870001,1,18.2818,-7521.7,0.374853,0.259
9875001,1,19.6194,-7524.72,0.617816,0.199
9880001,1,18.1315,-7523.29,0.855996,0.153
9885001,1,18.7275,-7522.66,0.893149,0.237
9890001,1,18.2718,-7521.97,0.840454,0.219
9895001,1,18.2234,-7521.73,0.946498,0.155
9900001,1,18.752,-7521.93,0.403054,0.292
9905001,1,17.8848,-7524.59,1.02915,0.32
9910001,1,17.7301,-7523.36,1.65237,0.156
9915001,1,19.7671,-7525.44,0.164962,0.236
9920001,1,20.6327,-7528.43,0.499474,0.231
9925001,1,20.0572,-7527.23,1.05578,0.263
9930001,1,20.5852,-7525.92,0.0815572,0.218
9935001,2,34.2912,-7520.69,1.02663,0.294
9940001,1,17.4681,-7522.59,0.996268,0.212
9945001,2,34.8791,-7523.37,0.53806,0.214
9950001,2,33.4211,-7521.26,0.993458,0.287
9955001,1,17.0105,-7521.92,1.54183,0.195
9960001,1,18.8323,-7522.88,0.00739275,0.155
9965001,1,16.5448,-7523.79,3.34111,0.214
9970001,3,51.7329,-7520.54,1.08769,0.331
9975001,1,15.8324,-7521.92,1.98134,0.158
9980001,1,16.3557,-7524.62,3.52705,0.171
9985001,2,38.2082,-7523.58,1.61688,0.21
9990001,2,40.2569,-7526.53,0.27254,0.213
9995001,1,20.0978,-7525.2,0.105186,0.183
