generation,rank_1,rank_2,swapAccepted
1000,3,4,1
2000,2,3,1
3000,1,3,1
4000,1,3,1
5000,1,3,1
6000,3,4,0
7000,3,4,1
8000,3,4,1
9000,1,2,1
10000,1,2,1
11000,1,3,1
12000,1,2,1
13000,1,2,1
14000,3,4,1
15000,1,2,1
16000,3,4,1
17000,2,3,1
18000,1,3,1
19000,3,4,1
20000,2,4,1
21000,2,4,1
22000,2,3,1
23000,2,3,1
24000,1,2,1
25000,2,3,1
26000,2,3,1
27000,1,2,1
28000,3,4,1
29000,2,4,1
30000,3,4,1
31000,1,4,1
32000,1,2,1
33000,1,3,1
34000,3,4,1
35000,3,4,1
36000,2,3,1
37000,1,2,1
38000,3,4,1
39000,2,4,0
40000,3,4,1
41000,1,4,1
42000,2,4,1
43000,1,2,0
44000,2,4,1
45000,2,3,1
46000,1,4,1
47000,1,3,1
48000,1,2,1
49000,1,3,1
50000,2,4,1
51000,1,3,1
52000,2,4,0
53000,1,4,1
54000,3,4,1
55000,1,2,1
56000,2,4,1
57000,1,3,1
58000,1,4,1
59000,2,3,1
60000,2,3,1
61000,1,4,1
62000,2,4,1
63000,3,4,1
64000,2,3,1
65000,3,4,1
66000,2,3,1
67000,1,4,1
68000,1,3,1
69000,2,4,1
70000,3,4,1
71000,1,3,1
72000,3,4,1
73000,1,3,0
74000,3,4,1
75000,1,4,0
76000,2,4,1
77000,2,3,1
78000,2,4,1
79000,2,4,1
80000,1,2,1
81000,1,4,1
82000,1,2,1
83000,1,3,0
84000,2,3,1
85000,2,4,1
86000,1,3,0
87000,1,2,0
88000,2,3,1
89000,2,3,1
90000,1,4,0
91000,1,4,1
92000,1,2,1
93000,1,2,1
94000,1,2,1
95000,1,3,0
96000,1,2,1
97000,2,4,1
98000,1,2,1
99000,2,3,1
100000,1,4,0
101000,2,3,1
102000,1,3,0
103000,1,2,1
104000,2,3,1
105000,3,4,1
106000,2,4,1
107000,3,4,1
108000,1,2,1
109000,2,3,1
110000,1,2,1
111000,1,4,1
112000,1,3,1
113000,1,2,1
114000,2,3,1
115000,3,4,1
116000,3,4,1
117000,2,3,1
118000,1,3,1
119000,1,3,1
120000,1,4,1
121000,2,4,1
122000,2,4,1
123000,3,4,1
124000,1,2,1
125000,3,4,1
126000,2,3,1
127000,3,4,1
128000,1,4,1
129000,3,4,1
130000,1,2,1
131000,1,3,1
132000,2,3,1
133000,1,3,1
134000,2,4,1
135000,2,4,1
136000,1,4,1
137000,1,2,1
138000,1,2,1
139000,1,2,1
140000,2,4,1
141000,2,4,1
142000,1,3,1
143000,1,3,1
144000,2,3,1
145000,2,4,1
146000,3,4,1
147000,3,4,1
148000,2,3,1
149000,2,4,0
150000,1,3,1
151000,3,4,1
152000,1,2,1
153000,2,4,1
154000,3,4,1
155000,3,4,1
156000,1,3,1
157000,1,3,1
158000,1,4,1
159000,1,4,1
160000,2,3,1
161000,1,3,0
162000,2,4,1
163000,2,4,1
164000,2,3,1
165000,3,4,0
166000,1,4,1
167000,2,3,1
168000,1,3,1
169000,1,4,1
170000,3,4,1
171000,2,4,1
172000,3,4,1
173000,1,3,1
174000,2,3,1
175000,1,3,1
176000,1,4,1
177000,2,3,1
178000,3,4,0
179000,1,4,1
180000,1,2,1
181000,3,4,1
182000,3,4,1
183000,1,4,1
184000,2,4,1
185000,3,4,1
186000,3,4,1
187000,1,2,1
188000,3,4,1
189000,1,4,1
190000,3,4,1
191000,1,2,1
192000,1,4,1
193000,1,3,1
194000,1,2,1
195000,1,2,1
196000,2,4,1
197000,2,4,1
198000,1,2,1
199000,2,3,1
200000,1,3,1
201000,1,4,1
202000,3,4,1
203000,1,3,1
204000,3,4,1
205000,1,4,1
206000,1,3,1
207000,1,4,1
208000,1,4,1
209000,2,4,1
210000,2,3,1
211000,2,3,1
212000,3,4,1
213000,3,4,1
214000,2,3,1
215000,2,3,1
216000,2,4,1
217000,1,4,0
218000,1,4,1
219000,2,3,1
220000,1,2,1
221000,2,3,1
222000,2,3,1
223000,1,3,1
224000,2,4,1
225000,3,4,1
226000,1,2,1
227000,1,3,1
228000,3,4,1
229000,3,4,1
230000,2,3,1
231000,2,4,0
232000,2,3,1
233000,3,4,1
234000,3,4,1
235000,1,3,1
236000,1,3,1
237000,1,2,1
238000,1,2,1
239000,1,4,1
240000,3,4,1
241000,2,3,1
242000,1,2,1
243000,1,3,0
244000,3,4,1
245000,2,3,1
246000,1,4,1
247000,1,4,1
248000,2,4,1
249000,1,2,1
250000,2,3,1
251000,2,4,1
252000,1,4,1
253000,2,4,1
254000,2,4,1
255000,2,4,1
256000,3,4,1
257000,1,3,1
258000,3,4,1
259000,1,4,1
260000,1,2,1
261000,1,2,1
262000,1,3,1
263000,2,3,1
264000,1,3,0
265000,1,2,1
266000,1,2,1
267000,2,3,1
268000,3,4,1
269000,2,4,0
270000,1,3,1
271000,1,4,1
272000,2,4,1
273000,2,4,1
274000,2,3,1
275000,1,4,1
276000,1,3,1
277000,2,4,1
278000,1,3,1
279000,2,4,1
280000,1,4,0
281000,1,2,1
282000,1,2,1
283000,2,4,1
284000,1,2,1
285000,1,2,1
286000,3,4,1
287000,2,4,1
288000,1,2,1
289000,1,2,1
290000,1,3,1
291000,3,4,1
292000,1,4,1
293000,1,3,1
294000,1,3,1
295000,2,3,1
296000,1,4,1
297000,1,4,1
298000,1,2,1
299000,2,4,1
300000,2,4,1
301000,1,2,1
302000,1,3,1
303000,3,4,1
304000,2,3,1
305000,1,4,1
306000,2,3,1
307000,3,4,1
308000,1,2,1
309000,1,4,0
310000,1,4,1
311000,2,4,0
312000,1,3,1
313000,1,2,1
314000,2,4,1
315000,2,3,1
316000,2,3,1
317000,3,4,1
318000,3,4,1
319000,3,4,1
320000,3,4,1
321000,3,4,1
322000,1,4,0
323000,2,3,1
324000,3,4,1
325000,2,3,1
326000,2,4,1
327000,1,3,1
328000,1,4,0
329000,2,3,1
330000,3,4,1
331000,1,3,1
332000,1,4,1
333000,2,4,1
334000,1,2,0
335000,1,2,1
336000,2,3,1
337000,1,3,1
338000,2,3,0
339000,1,4,1
340000,1,2,0
341000,2,4,1
342000,2,3,1
343000,2,4,1
344000,1,4,1
345000,1,3,1
346000,1,4,1
347000,3,4,1
348000,3,4,1
349000,1,4,1
350000,3,4,1
351000,1,4,1
352000,3,4,1
353000,1,2,1
354000,3,4,1
355000,2,3,1
356000,3,4,1
357000,2,4,1
358000,3,4,1
359000,2,3,1
360000,2,4,1
361000,1,3,1
362000,2,3,1
363000,1,3,1
364000,2,3,1
365000,1,4,1
366000,3,4,1
367000,1,3,1
368000,1,2,1
369000,1,3,1
370000,2,4,1
371000,1,4,1
372000,3,4,1
373000,1,4,1
374000,2,4,1
375000,1,4,1
376000,3,4,1
377000,2,4,1
378000,1,2,1
379000,1,3,1
380000,3,4,1
381000,1,3,1
382000,1,4,1
383000,2,4,1
384000,2,3,1
385000,1,3,0
386000,3,4,1
387000,1,3,1
388000,2,4,1
389000,1,4,1
390000,3,4,1
391000,1,4,1
392000,1,3,1
393000,1,4,1
394000,3,4,1
395000,1,3,1
396000,1,4,1
397000,3,4,1
398000,1,3,1
399000,3,4,1
400000,1,3,1
401000,1,4,1
402000,2,4,1
403000,3,4,1
404000,1,2,1
405000,1,2,1
406000,1,4,1
407000,1,3,1
408000,1,4,1
409000,1,2,1
410000,3,4,1
411000,2,3,1
412000,2,3,1
413000,1,4,0
414000,1,3,1
415000,2,4,1
416000,2,3,1
417000,2,4,1
418000,2,4,1
419000,1,2,1
420000,2,3,1
421000,1,2,1
422000,1,2,1
423000,2,4,1
424000,1,3,1
425000,1,3,1
426000,1,4,0
427000,2,3,1
428000,1,4,1
429000,3,4,1
430000,2,4,1
431000,2,4,1
432000,1,2,1
433000,1,2,1
434000,1,2,1
435000,1,2,1
436000,1,3,1
437000,1,3,1
438000,2,4,1
439000,2,4,1
440000,1,2,1
441000,2,3,1
442000,2,4,1
443000,2,3,1
444000,1,4,1
445000,1,4,1
446000,2,3,1
447000,1,3,1
448000,2,4,1
449000,3,4,1
450000,2,4,1
451000,2,4,1
452000,2,4,1
453000,2,4,1
454000,1,2,1
455000,1,4,1
456000,3,4,1
457000,1,2,1
458000,3,4,1
459000,1,4,1
460000,3,4,1
461000,1,2,1
462000,1,2,1
463000,1,3,1
464000,1,2,1
465000,3,4,1
466000,2,3,1
467000,1,3,1
468000,3,4,1
469000,2,4,1
470000,3,4,1
471000,1,4,1
472000,1,2,1
473000,1,2,1
474000,1,3,1
475000,1,2,1
476000,1,3,1
477000,1,3,1
478000,2,3,1
479000,2,3,1
480000,1,3,1
481000,2,3,1
482000,1,2,1
483000,3,4,1
484000,1,3,1
485000,2,4,1
486000,1,4,1
487000,2,4,1
488000,1,3,1
489000,2,4,1
490000,1,2,1
491000,1,3,1
492000,2,3,1
493000,3,4,1
494000,1,3,1
495000,1,2,1
496000,2,4,1
497000,2,3,1
498000,2,4,1
499000,1,2,1
500000,3,4,1
501000,2,3,1
502000,3,4,1
503000,1,2,1
504000,3,4,1
505000,1,2,1
506000,1,2,1
507000,2,3,1
508000,1,2,1
509000,2,4,1
510000,2,4,1
511000,1,2,1
512000,3,4,1
513000,1,2,1
514000,1,3,1
515000,2,3,1
516000,1,3,1
517000,1,3,1
518000,1,2,1
519000,1,3,1
520000,1,3,1
521000,3,4,1
522000,3,4,1
523000,1,3,1
524000,1,3,1
525000,1,3,1
526000,1,4,1
527000,1,2,1
528000,3,4,1
529000,1,2,1
530000,3,4,1
531000,1,2,1
532000,1,2,1
533000,1,2,1
534000,2,4,1
535000,1,3,1
536000,1,2,1
537000,1,3,1
538000,2,3,1
539000,2,4,1
540000,1,3,1
541000,1,3,1
542000,1,4,1
543000,2,4,1
544000,1,3,1
545000,2,4,1
546000,3,4,1
547000,3,4,1
548000,2,3,1
549000,1,3,1
550000,1,3,1
551000,1,3,1
552000,1,3,1
553000,3,4,1
554000,3,4,1
555000,1,3,1
556000,1,3,1
557000,1,4,1
558000,2,3,1
559000,2,4,1
560000,3,4,1
561000,1,3,1
562000,2,4,1
563000,1,3,1
564000,3,4,1
565000,1,2,1
566000,2,4,1
567000,3,4,1
568000,2,3,1
569000,1,2,1
570000,2,3,1
571000,2,3,1
572000,2,3,1
573000,2,3,1
574000,1,4,1
575000,1,2,1
576000,1,2,1
577000,2,4,1
578000,3,4,1
579000,2,3,1
580000,1,2,1
581000,1,4,1
582000,2,3,1
583000,1,2,1
584000,1,3,1
585000,3,4,1
586000,1,3,1
587000,2,4,1
588000,2,3,1
589000,1,3,0
590000,1,4,1
591000,2,3,1
592000,3,4,1
593000,1,4,1
594000,3,4,1
595000,2,4,1
596000,1,4,1
597000,2,4,1
598000,2,4,1
599000,2,4,1
600000,3,4,1
601000,3,4,1
602000,1,2,1
603000,2,3,1
604000,1,2,1
605000,1,3,1
606000,3,4,1
607000,1,3,1
608000,1,2,1
609000,1,3,1
610000,2,3,1
611000,2,4,1
612000,1,3,1
613000,1,4,0
614000,1,3,0
615000,1,4,1
616000,3,4,1
617000,2,3,1
618000,1,3,1
619000,1,2,1
620000,1,4,0
621000,1,2,1
622000,1,2,1
623000,2,3,1
624000,1,4,1
625000,2,3,1
626000,3,4,1
627000,1,3,1
628000,1,2,1
629000,2,3,1
630000,1,4,1
631000,1,4,1
632000,1,3,1
633000,2,4,1
634000,1,3,1
635000,1,4,1
636000,3,4,1
637000,2,4,1
638000,2,3,0
639000,2,3,1
640000,1,4,1
641000,2,4,1
642000,1,2,1
643000,1,2,1
644000,1,4,1
645000,1,2,1
646000,1,4,1
647000,1,4,1
648000,1,3,1
649000,1,2,1
650000,1,2,1
651000,2,3,1
652000,1,3,1
653000,1,4,1
654000,2,4,1
655000,1,2,1
656000,2,4,1
657000,1,4,1
658000,3,4,1
659000,2,3,1
660000,2,4,1
661000,1,2,1
662000,1,4,0
663000,2,3,1
664000,3,4,1
665000,3,4,1
666000,1,4,1
667000,2,4,1
668000,3,4,1
669000,1,2,1
670000,1,3,0
671000,2,3,1
672000,3,4,1
673000,1,2,0
674000,3,4,1
675000,1,3,1
676000,1,4,1
677000,2,4,1
678000,1,2,1
679000,2,4,1
680000,1,4,1
681000,1,3,1
682000,3,4,1
683000,1,4,0
684000,3,4,1
685000,2,4,1
686000,1,2,1
687000,1,3,1
688000,1,2,1
689000,1,4,0
690000,1,3,1
691000,3,4,0
692000,3,4,0
693000,3,4,1
694000,1,2,1
695000,1,2,1
696000,1,4,1
697000,1,3,1
698000,1,2,1
699000,2,3,1
700000,3,4,1
701000,1,2,1
702000,2,3,1
703000,3,4,1
704000,1,3,0
705000,2,4,1
706000,1,3,0
707000,1,3,0
708000,3,4,1
709000,3,4,1
710000,1,4,1
711000,1,4,1
712000,1,2,0
713000,1,2,1
714000,1,2,1
715000,2,4,1
716000,1,2,0
717000,1,2,1
718000,2,4,0
719000,1,2,1
720000,3,4,1
721000,3,4,1
722000,2,3,1
723000,1,3,1
724000,3,4,0
725000,1,2,1
726000,3,4,0
727000,1,4,1
728000,2,3,1
729000,3,4,1
730000,2,4,0
731000,1,2,1
732000,1,4,0
733000,1,3,0
734000,1,2,0
735000,1,4,0
736000,1,2,1
737000,2,4,0
738000,3,4,1
739000,1,2,1
740000,1,3,0
741000,2,4,1
742000,1,2,0
743000,1,4,0
744000,1,4,0
745000,2,3,1
746000,1,4,0
747000,3,4,1
748000,2,4,1
749000,1,3,0
750000,1,4,0
751000,1,2,0
752000,3,4,1
753000,3,4,1
754000,2,3,1
755000,1,2,0
756000,2,3,1
757000,1,3,0
758000,3,4,1
759000,1,2,0
760000,1,3,0
761000,2,4,1
762000,2,3,1
763000,1,3,0
764000,2,3,1
765000,1,3,1
766000,2,4,1
767000,2,3,1
768000,1,3,1
769000,1,4,1
770000,2,4,0
771000,2,3,0
772000,2,3,1
773000,2,3,1
774000,3,4,1
775000,1,3,1
776000,2,4,0
777000,1,3,1
778000,1,4,1
779000,3,4,1
780000,1,2,1
781000,1,2,1
782000,1,2,1
783000,1,4,0
784000,3,4,1
785000,2,3,1
786000,2,3,1
787000,1,3,0
788000,3,4,1
789000,3,4,1
790000,2,4,1
791000,1,3,0
792000,2,3,1
793000,1,4,0
794000,3,4,1
795000,2,3,1
796000,1,3,0
797000,2,4,1
798000,2,4,1
799000,3,4,1
800000,2,4,1
801000,1,3,1
802000,1,4,1
803000,3,4,1
804000,1,4,1
805000,2,3,1
806000,1,4,1
807000,1,2,1
808000,2,4,1
809000,3,4,1
810000,1,3,1
811000,2,3,1
812000,3,4,0
813000,1,3,1
814000,2,4,1
815000,2,3,1
816000,3,4,1
817000,1,3,0
818000,1,2,1
819000,2,3,1
820000,2,4,1
821000,1,3,1
822000,1,2,0
823000,1,4,0
824000,1,3,0
825000,3,4,1
826000,1,2,0
827000,1,4,0
828000,2,4,1
829000,2,3,1
830000,1,2,1
831000,1,3,1
832000,1,3,1
833000,1,2,1
834000,2,4,1
835000,1,4,0
836000,1,3,1
837000,1,4,1
838000,2,3,1
839000,1,2,1
840000,3,4,1
841000,2,4,1
842000,1,3,1
843000,3,4,1
844000,1,2,1
845000,2,3,1
846000,1,3,1
847000,1,2,1
848000,1,2,1
849000,2,3,1
850000,1,4,1
851000,3,4,1
852000,1,4,0
853000,1,3,1
854000,1,4,1
855000,1,4,1
856000,3,4,1
857000,2,3,1
858000,1,2,1
859000,1,4,1
860000,2,3,1
861000,1,4,1
862000,1,3,1
863000,1,2,1
864000,1,4,1
865000,1,4,1
866000,1,3,1
867000,1,3,1
868000,1,3,1
869000,2,3,1
870000,2,4,1
871000,1,3,1
872000,2,4,0
873000,1,2,1
874000,1,2,1
875000,1,4,1
876000,3,4,1
877000,2,4,1
878000,3,4,1
879000,1,3,1
880000,3,4,1
881000,1,4,1
882000,1,2,1
883000,2,4,1
884000,2,3,1
885000,1,2,1
886000,2,3,1
887000,1,4,1
888000,3,4,1
889000,1,3,1
890000,1,4,1
891000,3,4,1
892000,1,3,1
893000,3,4,1
894000,2,4,0
895000,1,4,1
896000,1,4,1
897000,2,4,1
898000,2,3,1
899000,1,3,1
900000,2,3,1
901000,1,2,0
902000,1,3,1
903000,2,4,1
904000,2,4,0
905000,2,4,1
906000,3,4,1
907000,1,2,1
908000,2,4,1
909000,1,4,1
910000,2,4,1
911000,3,4,0
912000,3,4,1
913000,1,3,1
914000,2,4,1
915000,1,3,1
916000,1,3,1
917000,1,3,0
918000,2,3,0
919000,3,4,1
920000,1,4,0
921000,3,4,1
922000,3,4,1
923000,1,4,1
924000,2,4,1
925000,3,4,1
926000,3,4,1
927000,1,3,1
928000,1,2,1
929000,1,4,1
930000,2,4,1
931000,2,4,1
932000,2,4,1
933000,2,4,1
934000,3,4,1
935000,3,4,1
936000,3,4,1
937000,2,4,1
938000,3,4,0
939000,2,3,1
940000,1,2,1
941000,2,3,1
942000,2,4,1
943000,3,4,0
944000,1,4,1
945000,1,2,1
946000,1,4,1
947000,1,3,1
948000,1,3,1
949000,3,4,1
950000,1,2,1
951000,1,4,1
952000,3,4,1
953000,1,2,1
954000,1,3,0
955000,1,3,0
956000,1,2,1
957000,1,2,1
958000,1,4,1
959000,2,4,0
960000,2,3,1
961000,1,2,1
962000,2,3,1
963000,1,4,1
964000,1,3,0
965000,3,4,1
966000,1,2,1
967000,2,3,0
968000,2,4,0
969000,1,3,0
970000,3,4,1
971000,1,4,0
972000,1,2,1
973000,1,4,0
974000,1,2,1
975000,1,3,1
976000,1,3,1
977000,1,4,0
978000,3,4,1
979000,3,4,1
980000,2,4,0
981000,2,3,0
982000,1,4,0
983000,2,4,0
984000,1,3,0
985000,1,2,1
986000,2,4,0
987000,2,3,0
988000,1,3,0
989000,1,2,1
990000,1,2,1
991000,2,4,0
992000,3,4,1
993000,2,3,1
994000,1,3,1
995000,3,4,1
996000,2,4,1
997000,1,3,1
998000,2,4,0
999000,1,4,1
1000000,2,3,1
