generation,N_shifts,logPrior,logLik,eventRate,acceptRate
0,0,-1.37701,-10506.6,1,0
5000,1,-4.22194,-10207.4,2.74518,0.3096
10000,2,-6.23725,-10046.3,1.17107,0.344166
15000,1,-1.98088,-10014.1,0.404797,0.362
20000,2,-3.37674,-9999.96,0.553208,0.2988
25000,1,-2.44037,-9940.99,1.16875,0.3367
30000,1,-2.28977,-9916.44,0.939305,0.1684
35000,1,-4.48862,-9899.4,3.09975,0.1816
40000,1,-2.68698,-9891.5,1.27824,0.25295
45000,1,-3.21339,-9944.56,1.60853,0.391302
50000,1,-1.86774,-9885.52,0.481284,0.1794
55000,1,-2.1412,-9883.07,0.723865,0.1642
60000,1,-2.54268,-9883.55,1.1327,0.175
65000,2,-4.88215,-9881.6,1.30746,0.172567
70000,1,-1.59484,-9887.55,0.151126,0.297424
75000,1,-1.88603,-9884.79,0.411027,0.171333
80000,1,-2.73254,-9881.88,1.28059,0.1844
85000,2,-3.03907,-9885.78,0.492325,0.1848
90000,1,-1.86477,-9884.04,0.482743,0.1682
95000,1,-1.89921,-9888.99,0.530394,0.2544
100000,1,-1.71913,-9883.37,0.298155,0.188733
105000,1,-2.82203,-9883.67,1.39381,0.1774
110000,1,-1.58148,-9884.62,0.141805,0.174333
115000,1,-1.59863,-9884.08,0.142648,0.1938
120000,2,-6.35412,-9882.68,0.0056416,0.1798
125000,1,-1.84052,-9884.21,0.395446,0.1738
130000,1,-3.16834,-9887.89,1.70769,0.1792
135000,1,-2.42125,-9884.33,1.00206,0.1835
140000,1,-3.74745,-9884.58,2.31062,0.1842
145000,1,-4.88233,-9887.12,3.4251,0.18722
150000,1,-3.14313,-9881.98,1.70535,0.1766
155000,1,-3.58206,-9887.43,2.17124,0.239
160000,1,-2.36332,-9881.09,0.921043,0.178733
165000,1,-1.41988,-9882.6,0.0136783,0.1991
170000,1,-1.59234,-9885.34,0.190541,0.196
175000,1,-1.47345,-9887.12,0.102927,0.2412
180000,1,-2.23247,-9888.92,0.860718,0.1626
185000,2,-4.74207,-9870.16,2.13483,0.21912
190000,2,-3.08536,-9870.13,0.858748,0.2656
195000,2,-2.26462,-9833.87,0.108821,0.219325
200000,2,-2.54382,-9837.07,0.388176,0.1744
205000,2,-4.69807,-9837.69,2.53841,0.187
210000,2,-2.28112,-9841.55,0.0101268,0.197
215000,2,-2.16737,-9836.81,0.00267835,0.1702
220000,2,-2.98246,-9838.73,0.828116,0.2096
225000,1,-1.677,-9882.14,0.206533,0.181556
230000,1,-2.73133,-9886.9,1.26935,0.1928
235000,3,-6.82053,-9833.69,0.279025,0.196733
240000,1,-4.99447,-9883.46,3.52113,0.1677
245000,1,-2.40332,-9882.28,0.955494,0.1622
250000,2,-5.30468,-9836.62,3.07952,0.180067
255000,1,-4.68512,-9939.42,0.25842,0.380319
260000,2,-3.11942,-9866.55,0.730485,0.2692
265000,2,-2.92512,-9834.62,0.728701,0.1876
270000,2,-2.29036,-9835.69,0.127297,0.1876
275000,2,-2.92879,-9867.09,0.849076,0.279267
280000,2,-2.30257,-9836.17,0.106254,0.1871
285000,2,-2.49141,-9841.91,0.230087,0.2625
290000,2,-3.09162,-9838.12,0.902136,0.1885
295000,1,-2.00847,-9882.51,0.585343,0.18276
300000,4,-6.54237,-9838.19,0.107183,0.187867
305000,3,-6.20137,-9835.03,2.32895,0.2648
310000,1,-3.43792,-9938.73,0.0536531,0.395273
315000,2,-3.80173,-9843.26,1.6493,0.20904
320000,2,-3.41399,-9835.4,1.24251,0.1846
325000,2,-4.52542,-9882.83,0.179358,0.1851
330000,2,-2.60754,-9836.34,0.449094,0.1777
335000,3,-4.60068,-9829.99,0.482267,0.211
340000,2,-2.86131,-9834.67,0.630047,0.2424
345000,2,-2.82483,-9836.89,0.652844,0.193
350000,2,-3.56049,-9837.53,1.41045,0.1966
355000,3,-4.41619,-9841.27,0.765579,0.2328
360000,2,-2.48345,-9837.29,0.346788,0.222029
365000,2,-2.43702,-9836.3,0.262343,0.21448
370000,2,-2.6586,-9835.97,0.526848,0.1844
375000,2,-2.39804,-9837.79,0.279474,0.1824
380000,2,-2.60128,-9836.38,0.50741,0.1738
385000,2,-2.62784,-9835.12,0.474624,0.2018
390000,3,-7.29905,-9840.35,2.65892,0.1992
395000,2,-2.24156,-9839.65,0.158203,0.194
400000,2,-4.25153,-9836.94,2.03887,0.187667
405000,2,-3.94903,-9837.24,1.74096,0.1876
410000,2,-3.00212,-9847.09,0.87318,0.1932
415000,2,-2.80863,-9846.2,0.651499,0.1884
420000,2,-2.88209,-9845.42,0.671528,0.2156
425000,2,-2.51786,-9838.22,0.372338,0.19012
430000,2,-2.37238,-9839.9,0.234422,0.184875
435000,2,-2.34459,-9839.53,0.228669,0.1974
440000,2,-2.76491,-9845.19,0.671295,0.2358
445000,2,-3.77846,-9842.62,1.56809,0.1942
450000,2,-2.92455,-9841.22,0.708248,0.1994
455000,2,-4.14712,-9843.77,1.88883,0.20308
460000,2,-3.14247,-9846.91,0.87596,0.2
465000,2,-4.59623,-9848.16,2.32204,0.198689
470000,3,-5.62079,-9840.16,2.73719,0.2102
475000,2,-2.37562,-9840.26,0.137126,0.21052
480000,2,-3.35696,-9844.89,1.09717,0.1694
485000,3,-7.77557,-9842.98,2.0345,0.21352
490000,2,-3.43954,-9841.85,1.22806,0.2048
495000,2,-2.55212,-9837.58,0.323125,0.1894
500000,2,-2.48737,-9841.73,0.312563,0.20775
505000,2,-2.2562,-9841.05,0.0630397,0.1994
510000,2,-3.20854,-9845.83,1.04168,0.194
515000,2,-3.13491,-9840.75,0.820225,0.1968
520000,2,-2.49897,-9838.87,0.203053,0.1972
525000,2,-3.40561,-9841,1.23434,0.1846
530000,3,-8.40549,-9839.08,1.61407,0.2048
535000,3,-7.02006,-9837.32,2.82097,0.19695
540000,2,-2.68326,-9839.59,0.444665,0.2154
545000,2,-4.37102,-9838.27,2.12903,0.2098
550000,3,-4.05818,-9837.1,0.96321,0.2017
555000,2,-5.2841,-9850.14,2.96874,0.1902
560000,2,-3.42074,-9849.77,1.14005,0.20498
565000,2,-2.75549,-9837.41,0.493173,0.1949
570000,2,-2.38365,-9841.57,0.130921,0.2564
575000,2,-4.13012,-9835.51,1.91839,0.182
580000,2,-3.31339,-9847.5,1.07142,0.1872
585000,2,-7.42326,-9846.77,5.1698,0.2006
590000,2,-2.59487,-9836.92,0.391358,0.2086
595000,2,-2.54706,-9834.96,0.366083,0.19
600000,2,-2.65502,-9843.25,0.554003,0.2074
605000,2,-3.15176,-9838.82,0.910293,0.19555
610000,2,-3.52459,-9845.26,1.46256,0.1941
615000,2,-5.96542,-9838.6,3.7057,0.188
620000,2,-3.80897,-9838.76,1.62553,0.1872
625000,2,-2.24561,-9838.18,0.0739182,0.1792
630000,2,-2.3293,-9836.63,0.118739,0.1898
635000,2,-3.06352,-9834.04,0.903354,0.1918
640000,2,-2.57159,-9842.97,0.337154,0.2071
645000,2,-3.28219,-9842.57,1.09662,0.18245
650000,2,-2.3359,-9842.2,0.166017,0.2042
655000,2,-2.90246,-9840.37,0.752613,0.207
660000,2,-2.34191,-9842.21,0.170147,0.1876
665000,2,-2.78123,-9839.9,0.611844,0.1958
670000,2,-3.67682,-9836.47,1.44875,0.1922
675000,2,-4.68083,-9842.74,2.46517,0.199886
680000,2,-2.46332,-9842.32,0.226073,0.1988
685000,2,-2.68073,-9841.53,0.435932,0.20215
690000,3,-6.48216,-9838.99,3.08755,0.2186
695000,2,-2.8204,-9842.18,0.599785,0.194467
700000,2,-2.4542,-9842.47,0.278733,0.2162
705000,2,-2.27713,-9839.54,0.0790964,0.209
710000,2,-2.37113,-9838.82,0.121181,0.204825
715000,2,-2.46766,-9842.83,0.267921,0.192067
720000,2,-5.53868,-9842.16,3.38108,0.1742
725000,2,-2.65522,-9838.99,0.401075,0.1948
730000,3,-3.90785,-9839.25,1.12454,0.1903
735000,2,-2.30991,-9841.47,0.133906,0.2064
740000,2,-2.26224,-9843.35,0.126651,0.207629
745000,2,-2.23401,-9840.14,0.0354036,0.1942
750000,2,-3.177,-9839.72,1.00404,0.1834
755000,2,-3.43917,-9833.15,1.24507,0.1926
760000,2,-2.69288,-9838.96,0.493352,0.21145
765000,3,-3.90438,-9839.62,0.870737,0.2016
770000,3,-4.32883,-9835.42,1.39405,0.2008
775000,2,-2.16416,-9836.16,0.0259219,0.1966
780000,3,-6.28255,-9841.3,0.634206,0.2014
785000,3,-3.53266,-9840.58,0.341411,0.203267
790000,2,-2.67815,-9840.9,0.487975,0.1994
795000,2,-5.63848,-9838.75,3.38555,0.19775
800000,3,-3.95346,-9835.65,0.408454,0.1766
805000,2,-3.01304,-9836.35,0.792614,0.1834
810000,2,-2.38387,-9847.29,0.221469,0.19365
815000,2,-2.40472,-9839.52,0.147965,0.1897
820000,2,-3.10754,-9844.92,0.965402,0.2048
825000,2,-2.49569,-9839.43,0.312299,0.1798
830000,2,-2.4644,-9841.09,0.239068,0.187467
835000,2,-2.66345,-9841.29,0.461001,0.2314
840000,2,-4.36178,-9840.73,2.17334,0.1912
845000,2,-2.71107,-9837.63,0.471151,0.195
850000,2,-3.43982,-9840.81,1.24115,0.19375
855000,2,-2.56901,-9839.5,0.289471,0.1797
860000,2,-2.72875,-9836.06,0.491671,0.1788
865000,2,-5.12541,-9843.76,2.87309,0.194867
870000,2,-2.56683,-9841.23,0.446716,0.191
875000,2,-4.65142,-9842.02,2.45851,0.1784
880000,2,-2.51435,-9836.79,0.279309,0.1901
885000,2,-2.41612,-9837.82,0.193389,0.1696
890000,2,-2.1899,-9837.33,0.000377251,0.178
895000,2,-3.78882,-9842.26,1.63185,0.1772
900000,2,-2.70354,-9842.53,0.50583,0.19684
905000,2,-3.01088,-9847.42,0.77039,0.191514
910000,2,-2.22769,-9840.26,0.0903586,0.2305
915000,2,-2.49891,-9840.32,0.353114,0.1814
920000,2,-3.68985,-9842.41,1.55942,0.18748
925000,2,-2.43931,-9841.23,0.29154,0.2026
930000,2,-6.20281,-9843.54,4.00739,0.19172
935000,3,-5.95881,-9835.14,0.685888,0.210067
940000,2,-4.56544,-9841.09,2.37611,0.204
945000,2,-2.29164,-9839.17,0.11466,0.1802
950000,2,-2.51186,-9842.32,0.335615,0.19932
955000,1,-4.57941,-9939.1,0.525755,0.382336
960000,1,-2.80242,-9938.49,0.162324,0.3698
965000,2,-2.38952,-9839.8,0.291867,0.1954
970000,2,-2.57096,-9836.94,0.423601,0.1928
975000,2,-2.34911,-9837.61,0.151002,0.1728
980000,2,-4.00572,-9836.29,1.8617,0.2076
985000,2,-2.18988,-9839.07,0.0355959,0.1898
990000,2,-3.57693,-9838.35,1.2907,0.181756
995000,2,-2.61844,-9839.1,0.442895,0.173
1000000,2,-2.28633,-9841.7,0.114443,0.1878
1005000,2,-3.07123,-9835.69,0.851937,0.19945
1010000,2,-7.29621,-9841.13,4.98804,0.18856
1015000,2,-2.21607,-9842.99,0.0704784,0.1954
1020000,2,-2.97111,-9838.4,0.796557,0.190333
1025000,2,-2.49511,-9839.3,0.292298,0.2308
1030000,2,-3.01043,-9837.44,0.840937,0.2016
1035000,2,-3.07845,-9838.71,0.830726,0.1858
1040000,2,-3.29582,-9843.33,1.08727,0.1872
1045000,2,-3.5098,-9844.3,1.2003,0.1848
1050000,3,-3.99993,-9847.55,0.757837,0.2368
1055000,2,-6.88104,-9838.57,4.64633,0.1846
1060000,2,-2.53681,-9834.92,0.289012,0.1728
1065000,2,-6.17383,-9840.87,3.96401,0.1791
1070000,2,-3.1193,-9838.55,0.815676,0.1738
1075000,2,-2.33415,-9837.16,0.121974,0.188143
1080000,2,-2.36296,-9845.09,0.135459,0.1818
1085000,2,-2.95398,-9840.7,0.768348,0.1839
1090000,2,-3.33013,-9837.71,1.09533,0.1901
1095000,2,-2.95643,-9838.05,0.7548,0.194
1100000,2,-5.20891,-9838.25,2.96692,0.194533
1105000,2,-3.89042,-9836.24,1.68892,0.194
1110000,2,-3.3385,-9841.26,1.14588,0.198333
1115000,2,-3.38671,-9836.83,1.18963,0.177
1120000,2,-2.44902,-9839.49,0.261817,0.196533
1125000,1,-4.06224,-9943.69,1.79231,0.377442
1130000,2,-2.44806,-9836.28,0.163863,0.198911
1135000,2,-3.47444,-9838.82,1.26788,0.2191
1140000,2,-2.46906,-9838.84,0.206008,0.1904
1145000,2,-3.38695,-9841.75,1.19675,0.20136
1150000,2,-3.92258,-9836.86,1.76326,0.1956
1155000,2,-2.27381,-9841.9,0.0825811,0.2001
1160000,2,-3.47711,-9840.3,1.26701,0.18495
1165000,2,-3.97436,-9844.66,1.76344,0.1783
1170000,3,-6.44814,-9846.03,0.693793,0.1794
1175000,3,-4.82104,-9839.63,0.926114,0.188867
1180000,2,-2.57261,-9840.73,0.379595,0.1923
1185000,2,-3.61622,-9843.48,1.44554,0.196229
1190000,2,-2.4397,-9840.85,0.189578,0.1787
1195000,2,-3.0024,-9840.31,0.794136,0.1926
1200000,2,-2.24839,-9842.54,0.0483917,0.1902
1205000,3,-4.30326,-9840.32,0.818446,0.198933
1210000,2,-3.52693,-9840.92,1.38972,0.20424
1215000,2,-2.3246,-9838.77,0.148797,0.203333
1220000,2,-2.53314,-9838.63,0.382979,0.2219
1225000,2,-3.99535,-9839.58,1.94312,0.1931
1230000,2,-3.15929,-9836.27,1.01207,0.184733
1235000,2,-5.82267,-9837.7,3.59969,0.1774
1240000,2,-2.3584,-9836.28,0.192522,0.2
1245000,3,-3.50636,-9836.47,0.655331,0.19336
1250000,2,-2.26583,-9840.04,0.124092,0.1942
1255000,2,-2.57684,-9841.13,0.419762,0.189933
1260000,2,-4.7079,-9839.39,2.59007,0.1928
1265000,2,-2.40672,-9842.52,0.300698,0.184933
1270000,2,-2.84964,-9844.74,0.726189,0.187067
1275000,2,-4.64933,-9842.4,2.65116,0.187
1280000,2,-4.38524,-9843.14,2.32401,0.1852
1285000,2,-2.73599,-9840.55,0.63957,0.18604
1290000,2,-2.94043,-9841.15,0.790742,0.2026
1295000,2,-3.93171,-9838.57,1.77685,0.2422
1300000,2,-3.41637,-9839.94,1.25077,0.2096
1305000,2,-2.89046,-9839.65,0.708138,0.1776
1310000,2,-2.45616,-9843.21,0.2473,0.206025
1315000,2,-2.3541,-9835.51,0.165157,0.2072
1320000,2,-3.17831,-9839.11,0.987986,0.1664
1325000,2,-2.34357,-9841.49,0.177176,0.1746
1330000,3,-10.4116,-9842.28,7.29791,0.19245
1335000,2,-3.08867,-9840.77,0.953602,0.2082
1340000,2,-3.26629,-9835.49,1.15463,0.1842
1345000,2,-2.57381,-9836.56,0.406974,0.1836
1350000,2,-4.87588,-9838.13,2.70668,0.19016
1355000,2,-4.64564,-9836.41,2.49127,0.2368
1360000,2,-2.5807,-9838.62,0.433894,0.2344
1365000,2,-2.60646,-9837.44,0.454024,0.1714
1370000,2,-4.07996,-9837.34,1.8664,0.196459
1375000,2,-2.33397,-9837.48,0.11734,0.189167
1380000,2,-3.73727,-9840.34,1.5202,0.1737
1385000,2,-2.4073,-9836.6,0.196652,0.1818
1390000,2,-3.1993,-9834.49,1.03126,0.189
1395000,3,-6.68121,-9834.79,3.00789,0.1971
1400000,2,-3.46739,-9839.02,1.31516,0.207
1405000,2,-2.81901,-9840.93,0.683325,0.216
1410000,2,-2.43464,-9842.6,0.291615,0.198
1415000,2,-3.63507,-9836.58,1.44646,0.2153
1420000,2,-3.80727,-9843.12,1.63058,0.1874
1425000,2,-2.51173,-9841.98,0.286822,0.1808
1430000,2,-2.96482,-9837,0.770933,0.185
1435000,2,-2.38675,-9843.08,0.220111,0.208867
1440000,2,-3.02699,-9841.91,0.823615,0.1929
1445000,2,-4.37282,-9840.85,2.19026,0.1872
1450000,2,-2.60423,-9844.37,0.395259,0.189
1455000,2,-3.07612,-9843.03,0.911397,0.1856
1460000,2,-2.54378,-9841.04,0.351269,0.183567
1465000,2,-7.44161,-9842.19,5.22845,0.2154
1470000,2,-4.30672,-9839.08,2.12342,0.207
1475000,2,-3.0744,-9840.52,0.832264,0.188
1480000,2,-2.22074,-9842.67,0.0337181,0.22435
1485000,2,-2.29851,-9837.41,0.107813,0.1908
1490000,2,-2.35885,-9841.55,0.150792,0.1852
1495000,2,-2.59604,-9847.29,0.366528,0.190767
1500000,1,-4.35801,-9942.25,1.07044,0.37868
1505000,2,-2.26923,-9842.36,0.120476,0.1948
1510000,2,-2.24685,-9840.64,0.0042816,0.197733
1515000,2,-2.81571,-9844.25,0.624772,0.193886
1520000,2,-3.14686,-9840.4,0.959429,0.2028
1525000,2,-3.79625,-9839.43,1.60983,0.1796
1530000,2,-3.39073,-9835.74,1.27183,0.19352
1535000,3,-4.56513,-9832.05,0.695306,0.19472
1540000,2,-2.4689,-9839.92,0.307398,0.191933
1545000,2,-4.52596,-9835.54,2.37347,0.198467
1550000,2,-3.95597,-9839.76,1.72114,0.1892
1555000,2,-4.00543,-9838.44,1.84545,0.1984
1560000,4,-5.90471,-9826.61,0.0905027,0.2558
1565000,5,-6.2741,-9829.27,0.907313,0.2666
1570000,3,-4.12467,-9830.7,0.603254,0.2354
1575000,4,-6.93941,-9828.77,2.72462,0.2434
1580000,3,-3.7007,-9847.49,0.566479,0.195133
1585000,2,-8.53255,-9842.78,6.39861,0.197967
1590000,2,-2.58673,-9843.96,0.356271,0.1804
1595000,2,-3.19008,-9841.2,0.944017,0.1916
1600000,3,-3.67065,-9815.09,0.757539,0.26024
1605000,2,-2.32531,-9842.02,0.0428485,0.18
1610000,2,-2.72612,-9839.67,0.485586,0.2028
1615000,4,-5.29834,-9811.56,1.08662,0.248267
1620000,2,-2.8805,-9840.07,0.694353,0.2128
1625000,2,-2.53736,-9840.18,0.378911,0.1932
1630000,1,-1.91653,-9940.15,0.321993,0.379554
1635000,3,-3.29373,-9837.33,0.601674,0.211533
1640000,2,-2.5021,-9840.65,0.302052,0.1944
1645000,2,-4.09731,-9840.57,1.90863,0.1995
1650000,2,-2.30804,-9844.13,0.0833265,0.1814
1655000,2,-3.89821,-9846.6,1.72544,0.2086
1660000,2,-3.07153,-9835.97,0.870836,0.197
1665000,3,-5.42122,-9819.2,2.5528,0.1944
1670000,3,-3.32463,-9816.94,0.435628,0.189
1675000,2,-6.4818,-9837.55,4.34742,0.20808
1680000,2,-2.84497,-9836.73,0.652814,0.1766
1685000,2,-2.32089,-9837.9,0.200956,0.202267
1690000,2,-2.29728,-9836.45,0.163238,0.1806
1695000,2,-2.42164,-9838.55,0.226685,0.189229
1700000,2,-3.59501,-9841.42,1.40661,0.1818
1705000,2,-3.11149,-9839.1,0.913943,0.1983
1710000,2,-2.67361,-9838.33,0.48452,0.2019
1715000,2,-2.80152,-9835.62,0.626925,0.2026
1720000,2,-4.83633,-9835.38,2.61854,0.1822
1725000,2,-2.63702,-9842.24,0.331344,0.2171
1730000,2,-2.43431,-9840.77,0.110888,0.1836
1735000,2,-5.62062,-9837.5,3.35618,0.2262
1740000,2,-4.06168,-9840.24,1.78269,0.1896
1745000,2,-2.39351,-9839.71,0.0973434,0.1828
1750000,2,-2.7725,-9838.15,0.56596,0.1934
1755000,2,-3.14365,-9838.95,0.901478,0.1838
1760000,2,-2.49501,-9838.99,0.312288,0.1776
1765000,2,-3.47168,-9847.19,1.33826,0.208059
1770000,3,-6.1368,-9921.4,0.813751,0.373793
1775000,3,-3.3537,-9827.56,0.320058,0.1925
1780000,2,-4.27096,-9923.41,0.866802,0.3398
1785000,2,-5.03907,-9922.73,1.01083,0.3426
1790000,3,-3.80704,-9823.07,0.921732,0.2284
1795000,4,-8.6416,-9828.2,0.543681,0.2447
1800000,2,-2.64584,-9839.47,0.464877,0.225714
1805000,2,-2.95462,-9842.37,0.788966,0.2182
1810000,3,-4.3101,-9826.45,1.1126,0.26595
1815000,4,-6.02538,-9826.84,0.479704,0.2254
1820000,2,-4.18808,-9840.27,2.06981,0.202133
1825000,2,-3.2143,-9845.88,1.08433,0.193
1830000,4,-3.97974,-9824.76,0.472701,0.249543
1835000,3,-3.68573,-9825.92,0.681398,0.2348
1840000,3,-5.09165,-9825.84,2.18,0.239
1845000,3,-3.46226,-9825.08,0.0237157,0.2412
1850000,2,-3.78748,-9842.92,1.56991,0.1892
1855000,3,-6.55969,-9828.65,3.65573,0.2514
1860000,3,-4.06272,-9824.67,1.20862,0.2552
1865000,4,-6.10054,-9831.72,1.35706,0.3384
1870000,3,-3.97052,-9823.94,0.900351,0.247455
1875000,3,-3.58638,-9826.48,0.845596,0.247
1880000,3,-3.20794,-9822.46,0.0574977,0.249467
1885000,3,-2.96627,-9823.1,0.103103,0.2382
1890000,4,-6.51398,-9822.86,0.0689471,0.265
1895000,3,-2.77466,-9826.16,0.0016011,0.265
1900000,3,-3.31998,-9824.07,0.153657,0.255067
1905000,3,-2.81182,-9825.4,0.0864166,0.232
1910000,4,-6.90145,-9821.8,1.65197,0.2578
1915000,3,-3.48867,-9827.72,0.469845,0.250467
1920000,2,-2.27044,-9841.93,0.10132,0.198057
1925000,3,-3.99838,-9830.6,1.01256,0.2677
1930000,2,-4.31488,-9842.76,2.16893,0.1996
1935000,3,-4.00445,-9824.53,0.516062,0.2662
1940000,3,-5.76578,-9824.66,1.92677,0.2232
1945000,3,-3.97224,-9825.83,0.960175,0.244343
1950000,3,-4.28231,-9822.16,1.40248,0.2543
1955000,3,-4.07214,-9826,1.02579,0.2582
1960000,2,-2.6214,-9845.43,0.514038,0.197667
1965000,2,-3.12081,-9842.08,1.02555,0.208
1970000,3,-3.00747,-9822.43,0.0200582,0.256
1975000,3,-3.62192,-9831.46,0.629075,0.23585
1980000,3,-2.979,-9824.18,0.0313675,0.234
1985000,1,-4.71801,-9938.14,2.66289,0.35231
1990000,3,-4.59516,-9826.4,1.34702,0.226333
1995000,3,-4.00777,-9827.01,0.89252,0.2332
2000000,3,-2.98077,-9831.13,0.304603,0.2708
2005000,3,-3.1164,-9822.99,0.263339,0.24352
2010000,3,-3.02968,-9826.86,0.187604,0.235
2015000,3,-3.54419,-9832.86,0.332574,0.2416
2020000,4,-4.56831,-9822.4,0.770222,0.247
2025000,3,-3.62554,-9825.85,0.347708,0.2654
2030000,4,-5.92818,-9841.44,0.0457556,0.2036
2035000,2,-3.51587,-9842.79,1.2758,0.2104
2040000,3,-3.33634,-9836,0.0422228,0.1988
2045000,3,-4.36047,-9838.06,0.206903,0.2072
2050000,3,-3.55025,-9828.39,0.440468,0.23776
2055000,3,-3.55955,-9827.02,0.420218,0.24784
2060000,2,-2.57744,-9836.31,0.370812,0.1884
2065000,3,-3.7153,-9825.99,0.725256,0.2422
2070000,3,-3.2984,-9826.47,0.0588497,0.2426
2075000,3,-5.55095,-9828.99,2.68054,0.2555
2080000,3,-2.90873,-9837.81,0.252404,0.2114
2085000,2,-2.50462,-9841.13,0.332625,0.2144
2090000,2,-6.15037,-9842.91,3.97196,0.198
2095000,2,-3.09432,-9845.99,0.865437,0.1842
2100000,3,-2.69483,-9830.18,0.0626421,0.261167
2105000,3,-4.18267,-9824.51,1.2849,0.2518
2110000,2,-3.33143,-9841.28,1.14052,0.187
2115000,3,-3.39202,-9823.99,0.22023,0.2682
2120000,3,-4.8786,-9825.74,1.74089,0.2766
2125000,2,-2.27902,-9843.04,0.0760275,0.1884
2130000,2,-2.33423,-9839.73,0.193065,0.2303
2135000,4,-7.91136,-9827.8,3.16682,0.249333
2140000,2,-2.75524,-9838.03,0.561006,0.1854
2145000,2,-2.43398,-9837.08,0.263933,0.184
2150000,2,-2.35758,-9835.41,0.200769,0.1886
2155000,3,-3.54791,-9826.33,0.352788,0.25165
2160000,3,-3.33167,-9824.8,0.285029,0.2386
2165000,3,-3.1678,-9828.37,0.0165662,0.263
2170000,2,-2.61041,-9843.17,0.427183,0.189689
2175000,2,-3.3586,-9838.49,1.07175,0.1869
2180000,2,-2.98827,-9843.39,0.81646,0.1933
2185000,2,-2.63672,-9833.88,0.498692,0.1901
2190000,1,-1.58712,-9941.46,0.0274475,0.386137
2195000,2,-3.63629,-9841.66,1.50377,0.2038
2200000,2,-3.94906,-9844.37,1.83427,0.1854
2205000,2,-3.85191,-9842.27,1.68498,0.181
2210000,2,-3.28098,-9844.19,1.13782,0.1977
2215000,2,-3.51072,-9843.41,1.24132,0.206633
2220000,3,-3.43636,-9838.98,0.422327,0.1832
2225000,2,-6.01418,-9842.48,3.84977,0.211
2230000,2,-2.41512,-9842.09,0.204208,0.2024
2235000,2,-3.12978,-9836.72,0.950214,0.189267
2240000,2,-2.58408,-9839.15,0.418308,0.2038
2245000,3,-3.26033,-9839.01,0.129038,0.2176
2250000,2,-2.31026,-9839.96,0.129059,0.19568
2255000,2,-3.18786,-9837.02,1.00795,0.20705
2260000,2,-5.00724,-9839.98,2.84693,0.1972
2265000,2,-2.96148,-9841.05,0.78877,0.1964
2270000,1,-3.69555,-9936.63,0.613759,0.375038
2275000,2,-2.60875,-9841.13,0.477236,0.2369
2280000,2,-4.47844,-9839.08,2.24208,0.189233
2285000,1,-4.8122,-9939.01,1.78112,0.388333
2290000,2,-3.05388,-9844.6,0.862053,0.1996
2295000,2,-9.96746,-9942.49,0.713559,0.3758
2300000,2,-4.21571,-9848.21,2.0219,0.196089
2305000,2,-3.42809,-9837.86,1.30992,0.1954
2310000,2,-3.62453,-9837.79,1.4378,0.1756
2315000,2,-6.87213,-9846.4,4.70213,0.1998
2320000,2,-3.71138,-9841.45,1.47287,0.20655
2325000,2,-3.29377,-9840.91,1.11605,0.2041
2330000,2,-2.88924,-9838.64,0.652665,0.20995
2335000,2,-3.05926,-9838.02,0.865455,0.2108
2340000,2,-3.77541,-9843.01,1.55896,0.195267
2345000,2,-2.5165,-9840.02,0.338514,0.2008
2350000,2,-2.57864,-9838.17,0.347644,0.2018
2355000,2,-3.12545,-9840.11,0.89898,0.1875
2360000,2,-3.75069,-9839.75,1.53379,0.1946
2365000,2,-3.82233,-9835.36,1.57099,0.1828
2370000,2,-2.7231,-9837.5,0.606388,0.193067
2375000,2,-3.71468,-9837.69,1.5256,0.1912
2380000,2,-2.8411,-9838.21,0.727806,0.2111
2385000,2,-5.25412,-9836.2,3.00655,0.19488
2390000,2,-2.56757,-9844.17,0.354042,0.200267
2395000,2,-2.83015,-9836.15,0.665931,0.201067
2400000,2,-2.65199,-9842.23,0.51599,0.187
2405000,2,-5.69006,-9837.35,3.43857,0.1936
2410000,2,-2.60426,-9839.34,0.465152,0.198467
2415000,4,-5.56597,-9836.95,1.86341,0.2284
2420000,2,-4.15348,-9837.1,1.97281,0.2148
2425000,2,-2.31589,-9836.26,0.120517,0.212286
2430000,2,-2.54675,-9837.41,0.324589,0.2158
2435000,2,-3.43745,-9840.87,1.18877,0.1896
2440000,2,-4.36094,-9835.9,2.12045,0.2068
2445000,2,-3.25855,-9838.11,1.07608,0.1822
2450000,2,-6.61891,-9843.99,4.46537,0.198333
2455000,2,-2.86296,-9840.96,0.707939,0.189533
2460000,2,-3.85516,-9842.15,1.62869,0.1882
2465000,2,-2.65011,-9840.01,0.477943,0.182
2470000,2,-2.83433,-9838.08,0.633626,0.18456
2475000,2,-3.16701,-9838.43,0.951123,0.2132
2480000,3,-4.33421,-9813.64,1.41601,0.20985
2485000,3,-4.84427,-9814.91,1.95866,0.2112
2490000,2,-5.66155,-9837.43,3.4425,0.2108
2495000,3,-4.69421,-9817.06,1.85366,0.2061
2500000,3,-3.74917,-9832.15,0.324203,0.244667
2505000,3,-6.07519,-9814.29,3.13193,0.1954
2510000,3,-4.16831,-9816.9,1.26951,0.1906
2515000,1,-6.97162,-9938.15,2.41654,0.382273
2520000,3,-3.83072,-9828.87,0.587232,0.2493
2525000,3,-4.11332,-9826.85,0.858636,0.232
2530000,3,-5.53417,-9830.08,1.94243,0.239
2535000,3,-5.45537,-9816.27,2.46839,0.2108
2540000,3,-5.43681,-9817.72,2.40815,0.2058
2545000,2,-3.83488,-9837.25,1.65846,0.191273
2550000,3,-3.09039,-9818.62,0.0626465,0.2165
2555000,3,-3.67895,-9818.87,0.669774,0.1938
2560000,3,-4.83232,-9816.12,1.94375,0.202267
2565000,3,-4.32558,-9822.31,1.46027,0.2036
2570000,3,-5.73374,-9817.05,2.59238,0.243
2575000,3,-7.36281,-9819.36,4.49692,0.1863
2580000,3,-3.11159,-9816.8,0.0604741,0.2293
2585000,3,-3.3166,-9816.69,0.391191,0.255291
2590000,3,-3.4799,-9817.43,0.245029,0.2164
2595000,3,-7.88676,-9817.24,4.96501,0.17075
2600000,4,-4.24111,-9818.14,0.949843,0.202133
2605000,3,-6.15984,-9826.39,3.31289,0.2198
2610000,3,-3.07831,-9812.74,0.099914,0.2228
2615000,4,-4.26665,-9817.69,0.641555,0.1934
2620000,3,-3.0404,-9819.17,0.0912259,0.1954
2625000,3,-3.33792,-9811.84,0.339677,0.2176
2630000,3,-5.2046,-9813.68,2.17504,0.2166
2635000,3,-3.3511,-9821.13,0.264369,0.191467
2640000,3,-6.84977,-9821.7,3.84519,0.18
2645000,3,-3.25606,-9823.71,0.257278,0.1896
2650000,3,-3.63285,-9822.11,0.600366,0.19735
2655000,3,-3.16289,-9819.03,0.103542,0.1726
2660000,3,-3.09224,-9818.79,0.112272,0.1782
2665000,3,-5.57534,-9826.01,2.63203,0.207436
2670000,3,-5.79729,-9821.72,2.85307,0.1896
2675000,3,-5.93471,-9820.63,3.0501,0.2042
2680000,3,-5.34348,-9820.93,2.37384,0.1834
2685000,4,-4.58858,-9820.15,0.872274,0.1882
2690000,3,-3.11713,-9823.53,0.166392,0.1972
2695000,3,-3.29654,-9828.81,0.431727,0.1932
2700000,4,-4.92419,-9822.07,0.802904,0.1888
2705000,3,-3.44319,-9822.79,0.4722,0.1878
2710000,3,-3.051,-9827.34,0.0675882,0.1892
2715000,3,-4.18246,-9821.95,1.15732,0.1972
2720000,4,-7.69489,-9816.34,0.42465,0.191187
2725000,3,-3.13372,-9824.44,0.238,0.184514
2730000,3,-3.95712,-9823.53,1.08856,0.182933
2735000,3,-4.05148,-9828.72,1.14654,0.2182
2740000,3,-6.23689,-9824.65,3.34892,0.179933
2745000,3,-2.88805,-9817.77,0.091512,0.19312
2750000,3,-3.21048,-9828.82,0.443384,0.1955
2755000,3,-3.41064,-9822.88,0.503823,0.2159
2760000,3,-2.93901,-9823.22,0.0651719,0.2077
2765000,3,-3.76341,-9820.28,0.833,0.1654
2770000,3,-6.17957,-9820.08,3.30451,0.190533
2775000,3,-3.44861,-9821.71,0.595362,0.18195
2780000,4,-5.85162,-9823.06,0.655573,0.1828
2785000,3,-3.98326,-9822.49,1.07941,0.2041
2790000,3,-4.56704,-9818.51,1.65405,0.1794
2795000,3,-5.31199,-9823.11,2.3632,0.188933
2800000,3,-2.92692,-9824.84,0.00344181,0.1776
2805000,3,-2.97939,-9823.8,0.133209,0.1964
2810000,3,-2.88726,-9827.89,0.0862878,0.199
2815000,3,-7.65707,-9825.25,4.79543,0.19928
2820000,4,-8.57794,-9821.36,0.472518,0.19344
2825000,3,-3.44443,-9821.92,0.54956,0.1816
2830000,3,-4.65083,-9817.73,1.64968,0.185733
2835000,3,-3.58113,-9822.99,0.643054,0.179
2840000,3,-6.55384,-9817.26,3.57659,0.195233
2845000,3,-3.34549,-9821.38,0.406124,0.1926
2850000,4,-4.43394,-9807.29,0.559587,0.2332
2855000,4,-5.06191,-9802.22,1.09291,0.18508
2860000,4,-4.55775,-9805.95,0.714377,0.2089
2865000,4,-7.19455,-9803.46,2.96882,0.2144
2870000,4,-7.82287,-9806.35,3.79152,0.1964
2875000,4,-3.67927,-9804.54,0.0316391,0.221867
2880000,4,-4.31461,-9810.06,0.694469,0.2436
2885000,4,-5.62911,-9814.57,1.59056,0.2158
2890000,5,-4.69245,-9808.23,0.0790547,0.2482
2895000,5,-6.8564,-9810.46,2.19451,0.244
2900000,4,-3.81295,-9807.7,0.0904959,0.2384
2905000,4,-3.67128,-9805.18,0.0566801,0.2244
2910000,4,-7.16218,-9804.43,3.19324,0.227067
2915000,4,-3.82336,-9803.59,0.157349,0.217
2920000,5,-6.02279,-9800.24,0.808592,0.225
2925000,4,-3.61347,-9800.27,0.00912017,0.228157
2930000,4,-5.65786,-9805.3,0.664074,0.2079
2935000,2,-5.12927,-9940.61,0.917505,0.381467
2940000,1,-3.08368,-9942.36,1.51378,0.3762
2945000,4,-4.1627,-9802.43,0.840269,0.23795
2950000,4,-5.58501,-9802.53,2.12936,0.233767
2955000,4,-5.82693,-9801.81,2.28006,0.22312
2960000,5,-6.22645,-9799.16,1.19443,0.227467
2965000,4,-4.97782,-9802.39,1.22894,0.220933
2970000,4,-4.56274,-9802.04,0.702312,0.2116
2975000,4,-5.96479,-9800.95,2.60538,0.2414
2980000,4,-6.91763,-9803.06,3.24171,0.2124
2985000,4,-4.0842,-9796.44,0.266688,0.2139
2990000,4,-3.81186,-9799.61,0.210052,0.217
2995000,4,-4.60498,-9803.3,1.05099,0.2182
3000000,4,-6.78411,-9804.31,3.2478,0.24535
3005000,4,-4.10605,-9798.46,0.357487,0.223333
3010000,4,-3.92141,-9795.25,0.17229,0.213933
3015000,4,-4.97374,-9802.86,1.24087,0.229667
3020000,4,-6.85984,-9797.76,3.35372,0.2172
3025000,4,-5.16313,-9802.71,1.77866,0.2228
3030000,3,-5.78803,-9816.65,2.69976,0.2156
3035000,4,-4.11935,-9798.93,0.542324,0.2369
3040000,3,-3.48651,-9818.28,0.672907,0.2195
3045000,5,-6.36947,-9802.46,2.07361,0.2292
3050000,4,-5.06144,-9803.51,1.52664,0.2466
3055000,4,-3.55965,-9801,0.0392222,0.2278
3060000,4,-5.62917,-9803.76,2.15848,0.2512
3065000,4,-7.64633,-9801.75,4.14414,0.2258
3070000,4,-4.32226,-9801.69,0.727829,0.2394
3075000,5,-6.34534,-9805.89,0.549647,0.2264
3080000,4,-5.06243,-9802.89,1.52622,0.2318
3085000,4,-3.43629,-9805.4,0.0370595,0.2391
3090000,4,-4.41908,-9807.07,1.07535,0.2406
3095000,4,-5.12907,-9806.06,1.57866,0.2368
3100000,4,-3.7683,-9801.55,0.364288,0.23205
3105000,5,-6.48716,-9801.77,0.73064,0.2176
3110000,3,-3.27824,-9812.02,0.370302,0.213943
3115000,4,-5.2858,-9801.41,1.85839,0.231533
3120000,3,-4.33466,-9818.95,1.38623,0.2039
3125000,3,-2.94503,-9819.62,0.0394446,0.188
3130000,3,-3.90123,-9819.52,0.997765,0.2026
3135000,4,-5.13907,-9801.63,1.27433,0.225
3140000,4,-4.09453,-9796.36,0.376536,0.2112
3145000,4,-5.23336,-9797.52,1.72703,0.23
3150000,4,-4.00531,-9799.93,0.369502,0.222771
3155000,4,-4.93276,-9799.04,1.29737,0.2315
3160000,4,-7.86425,-9800.82,4.3453,0.2149
3165000,4,-4.68505,-9800.2,1.15796,0.2068
3170000,5,-5.80333,-9801,1.25669,0.218
3175000,4,-6.47224,-9814.57,1.25118,0.199267
3180000,4,-4.05693,-9805.28,0.419307,0.22524
3185000,2,-2.95278,-9835.84,0.7451,0.1806
3190000,5,-5.50338,-9799.32,1.37305,0.2224
3195000,5,-5.48253,-9798.24,0.277489,0.22844
3200000,5,-8.09086,-9811.1,1.88007,0.2237
3205000,4,-3.76346,-9795.23,0.0861409,0.2216
3210000,4,-3.97099,-9809.47,0.41016,0.2123
3215000,4,-6.04133,-9797.56,2.41405,0.218
3220000,4,-4.64759,-9800.43,0.980154,0.1994
3225000,4,-7.76536,-9796.02,4.12259,0.2182
3230000,4,-4.17307,-9798.48,0.468435,0.2252
3235000,4,-4.67366,-9801.56,1.09085,0.207
3240000,4,-4.48769,-9798.38,0.763861,0.2086
3245000,5,-7.46808,-9799.94,1.86076,0.2328
3250000,4,-4.82817,-9793.7,1.19459,0.2314
3255000,1,-3.39436,-9938.19,0.63784,0.379457
3260000,5,-9.71679,-9794.29,1.90174,0.2146
3265000,5,-4.43735,-9797.11,0.0833534,0.23
3270000,3,-3.15194,-9816.33,0.196285,0.20575
3275000,4,-4.30619,-9795,0.628301,0.2205
3280000,3,-4.89053,-9821.51,1.94537,0.2026
3285000,2,-2.45161,-9844.1,0.266523,0.19466
3290000,2,-2.23505,-9840.88,0.0134811,0.1874
3295000,3,-3.04488,-9820.98,0.0776491,0.1936
3300000,4,-4.89074,-9800.7,1.34673,0.22336
3305000,5,-5.31763,-9800.1,0.705753,0.218
3310000,4,-5.47319,-9799.93,1.7485,0.279
3315000,4,-7.2979,-9820.8,2.80544,0.18085
3320000,4,-4.27322,-9795.19,0.698584,0.2196
3325000,5,-4.9966,-9798.25,0.13059,0.2218
3330000,4,-4.99771,-9799.38,1.12746,0.228
3335000,4,-4.56794,-9801.7,0.885389,0.2012
3340000,4,-4.2082,-9799.08,0.655014,0.206
3345000,4,-4.09887,-9796.43,0.512824,0.236
3350000,4,-4.99574,-9825.6,0.967866,0.181657
3355000,3,-6.31588,-9823.23,3.40334,0.2068
3360000,3,-3.17669,-9828.76,0.273841,0.197
3365000,2,-5.18215,-9923.48,0.105122,0.371318
3370000,4,-7.05847,-9799.96,3.37912,0.238
3375000,3,-3.52885,-9827.73,0.683637,0.2042
3380000,3,-3.35015,-9819.05,0.421819,0.1796
3385000,2,-3.2143,-9924.69,0.0159839,0.3505
3390000,3,-3.21702,-9821.37,0.31776,0.1819
3395000,4,-3.75556,-9795.5,0.31539,0.25588
3400000,4,-5.36573,-9792.77,1.88236,0.2262
3405000,4,-5.83134,-9797.36,2.23773,0.2298
3410000,4,-3.58748,-9795.96,0.0136295,0.221
3415000,3,-3.50238,-9818.92,0.533614,0.18068
3420000,3,-3.12783,-9819.87,0.216223,0.1768
3425000,4,-5.07981,-9800.58,1.45528,0.211667
3430000,4,-7.6277,-9802.63,4.19873,0.218
3435000,4,-3.41155,-9800.03,0.0187486,0.2272
3440000,4,-5.24253,-9826.37,1.81066,0.1828
3445000,2,-3.65049,-9849.18,1.53279,0.202665
3450000,3,-4.24682,-9820.11,1.32229,0.1865
3455000,2,-2.42332,-9842.58,0.273192,0.1898
3460000,4,-7.61738,-9800.38,4.04547,0.23552
3465000,4,-6.15631,-9800.99,2.59303,0.2088
3470000,2,-2.62118,-9844.76,0.557381,0.213733
3475000,5,-10.034,-9798.1,5.85184,0.2569
3480000,4,-4.65087,-9795.77,0.942208,0.2396
3485000,4,-3.71767,-9802.93,0.0262749,0.2448
3490000,2,-2.85312,-9844.01,0.73942,0.2148
3495000,2,-2.46083,-9842.24,0.272746,0.2502
3500000,2,-3.05259,-9921.47,0.0510523,0.339461
3505000,2,-2.53575,-9843.78,0.35974,0.2091
3510000,2,-2.90526,-9840.84,0.695714,0.1842
3515000,4,-4.40403,-9805.78,0.700907,0.200333
3520000,4,-3.73055,-9812.17,0.0958229,0.1982
3525000,3,-3.42855,-9821.88,0.472003,0.198933
3530000,3,-4.69746,-9820.49,1.71389,0.1989
3535000,2,-2.35958,-9839.49,0.203879,0.18928
3540000,2,-2.44933,-9842.98,0.278323,0.1894
3545000,3,-3.23725,-9812.76,0.25167,0.208133
3550000,3,-3.17732,-9815.45,0.252193,0.2092
3555000,3,-4.41649,-9846.81,0.707615,0.2044
3560000,2,-3.12113,-9844.83,0.90124,0.2314
3565000,2,-2.50303,-9843.7,0.323087,0.1874
3570000,3,-3.48495,-9824.12,0.480015,0.20315
3575000,3,-6.2549,-9818.66,3.37688,0.2
3580000,3,-3.95285,-9817.69,1.05859,0.2238
3585000,3,-3.40916,-9816.55,0.453938,0.2346
3590000,3,-4.03015,-9816.92,1.08499,0.2226
3595000,2,-5.63574,-9842.09,3.45699,0.207867
3600000,2,-4.70262,-9921.95,0.676804,0.35605
3605000,3,-4.05763,-9812.71,1.05093,0.1984
3610000,3,-2.97079,-9813.88,0.0344533,0.2042
3615000,2,-2.9128,-9838.2,0.783738,0.19825
3620000,2,-2.57778,-9836.53,0.419763,0.178
3625000,2,-3.93579,-9836.42,1.73851,0.1822
3630000,3,-4.79962,-9810.57,1.90095,0.1983
3635000,2,-3.04138,-9836.12,0.90604,0.1842
3640000,3,-3.01848,-9815.14,0.0969456,0.1949
3645000,3,-3.48612,-9815.63,0.491666,0.2016
3650000,3,-6.8332,-9821.42,3.93267,0.2053
3655000,4,-5.30831,-9818.08,1.02243,0.1921
3660000,3,-4.53333,-9835.27,1.14666,0.19536
3665000,4,-5.84042,-9815.84,1.19205,0.238067
3670000,3,-6.56652,-9817.28,3.70436,0.210733
3675000,3,-3.45175,-9819.56,0.590843,0.2497
3680000,3,-6.14815,-9820.43,3.30604,0.1915
3685000,3,-3.81065,-9814.13,0.909787,0.1921
3690000,2,-2.41348,-9843.12,0.21981,0.189833
3695000,2,-6.26721,-9921.81,0.0389223,0.343484
3700000,4,-8.87655,-9816.64,2.20285,0.1934
3705000,3,-3.33171,-9812.12,0.432507,0.1918
3710000,3,-3.27263,-9816.24,0.413838,0.2186
3715000,3,-3.3128,-9819.53,0.379924,0.198233
3720000,2,-2.6345,-9842.06,0.401087,0.2083
3725000,3,-6.37315,-9814.52,3.38962,0.213733
3730000,4,-12.3648,-9817.18,6.18149,0.2116
3735000,3,-3.50706,-9813.48,0.440266,0.2
3740000,3,-3.17855,-9821.68,0.167841,0.2034
3745000,3,-3.5086,-9818.59,0.526525,0.17815
3750000,2,-2.71791,-9840.89,0.526423,0.198433
3755000,3,-5.06373,-9922.45,0.549393,0.334617
3760000,2,-3.19632,-9925.29,0.133322,0.3548
3765000,3,-6.94178,-9816.99,3.97313,0.1826
3770000,3,-3.32405,-9820.3,0.363132,0.1674
3775000,2,-3.08615,-9842.51,0.903565,0.20072
3780000,2,-2.53443,-9841.97,0.337591,0.178
3785000,3,-7.97715,-9817.76,5.04076,0.186022
3790000,3,-3.58185,-9825.21,0.647169,0.1818
3795000,2,-2.30322,-9840.76,0.0747868,0.194933
3800000,2,-6.22354,-9841.87,4.01349,0.1936
3805000,3,-2.97359,-9823.89,0.109639,0.198333
3810000,2,-3.18417,-9842.37,0.996837,0.2176
3815000,3,-3.92784,-9821.48,1.01672,0.195111
3820000,3,-6.04421,-9820.25,3.12489,0.1632
3825000,3,-3.08399,-9824.02,0.092258,0.1826
3830000,3,-3.66418,-9822.06,0.588852,0.1858
3835000,3,-3.32148,-9821.14,0.325708,0.1822
3840000,2,-4.70304,-9924.83,1.65867,0.343612
3845000,3,-3.41139,-9823.88,0.579997,0.20655
3850000,2,-2.27699,-9846.51,0.0621931,0.19705
3855000,2,-2.35654,-9843.49,0.192611,0.1986
3860000,3,-3.27607,-9820.32,0.364355,0.192
3865000,3,-5.2689,-9818.56,2.26996,0.1916
3870000,3,-5.06413,-9817.3,2.1415,0.1942
3875000,2,-3.49147,-9922.56,0.0119063,0.337457
3880000,3,-3.39582,-9819.95,0.470393,0.1809
3885000,3,-4.58788,-9819.45,1.57638,0.1707
3890000,3,-2.95406,-9817.25,0.0366163,0.1782
3895000,3,-3.47909,-9827,0.692344,0.2163
3900000,3,-3.18561,-9821.04,0.294855,0.1865
3905000,3,-3.38016,-9822.74,0.512419,0.2108
3910000,4,-3.80526,-9821.76,0.136012,0.2404
3915000,3,-4.18931,-9825.87,1.30748,0.1842
3920000,3,-4.37646,-9819.38,1.44936,0.1865
3925000,3,-3.22887,-9823.7,0.349971,0.1792
3930000,3,-3.05402,-9818.79,0.191064,0.1676
3935000,3,-4.12455,-9819.03,1.20779,0.19215
3940000,3,-4.39943,-9821.97,1.58419,0.2348
3945000,3,-4.68063,-9821.27,1.73626,0.1824
3950000,3,-4.04794,-9820.23,1.19669,0.1936
3955000,3,-4.56188,-9824.44,1.71067,0.177333
3960000,3,-3.00377,-9822.38,0.125568,0.1996
3965000,3,-4.67156,-9818.78,1.78745,0.177733
3970000,3,-3.72714,-9823.08,0.78955,0.174
3975000,3,-3.6483,-9816.77,0.701943,0.206
3980000,3,-3.97812,-9820.66,1.05863,0.1704
3985000,3,-3.26192,-9817.25,0.318742,0.186667
3990000,3,-3.16654,-9824.58,0.218393,0.1947
3995000,3,-3.66439,-9826.01,0.669941,0.1766
4000000,3,-6.13939,-9820.34,3.16731,0.1884
4005000,4,-5.42141,-9817.48,0.479631,0.1994
4010000,4,-4.50418,-9820.98,1.03984,0.195533
4015000,3,-3.81479,-9818,0.93482,0.2308
4020000,3,-3.47851,-9823.22,0.588475,0.1732
4025000,3,-3.97521,-9828.25,0.89255,0.19395
4030000,3,-3.76308,-9819.4,0.844809,0.1884
4035000,2,-2.78892,-9847.79,0.651099,0.199311
4040000,4,-4.7412,-9826.43,0.00841439,0.1919
4045000,3,-4.11282,-9818.94,1.11821,0.1768
4050000,3,-3.44945,-9822.2,0.501497,0.1864
4055000,3,-4.31627,-9823.52,1.34442,0.178
4060000,3,-4.5406,-9823.84,1.50228,0.1728
4065000,3,-3.74192,-9837.16,0.0440748,0.18865
4070000,2,-3.36624,-9836.88,1.11803,0.177
4075000,4,-4.70815,-9819.37,0.92953,0.201867
4080000,3,-3.17686,-9823.76,0.229827,0.1712
4085000,3,-5.30032,-9823.67,2.33657,0.1748
4090000,3,-4.38816,-9843.04,1.49296,0.195255
4095000,2,-3.12107,-9843.22,1.0085,0.218
4100000,2,-11.4233,-9917.85,2.9209,0.347578
4105000,2,-2.65156,-9838.59,0.481877,0.194714
4110000,3,-3.0105,-9819.65,0.125168,0.18824
4115000,2,-5.06178,-9837.59,2.83847,0.1877
4120000,2,-5.87769,-9842.41,3.71626,0.192
4125000,2,-4.24064,-9919.86,0.647994,0.35536
4130000,4,-9.16979,-9820.1,4.64484,0.19445
4135000,2,-2.24156,-9836.78,0.0330821,0.2086
4140000,4,-5.03607,-9820.17,1.13866,0.1785
4145000,2,-2.22768,-9837.92,0.165616,0.19382
4150000,2,-2.53763,-9835.68,0.434786,0.1758
4155000,3,-3.18709,-9820.1,0.357765,0.176867
4160000,3,-2.94977,-9817.48,0.09889,0.1974
4165000,3,-4.71534,-9835.41,0.929176,0.183933
4170000,2,-2.73959,-9841.4,0.633849,0.193057
4175000,2,-3.15583,-9836.44,1.02274,0.1771
4180000,2,-4.97599,-9837.28,2.7457,0.1948
4185000,3,-5.06492,-9821.11,2.05314,0.18484
4190000,3,-3.68106,-9820.11,0.65527,0.1762
4195000,2,-2.63203,-9842.45,0.434777,0.194667
4200000,2,-2.22116,-9839.24,0.0423725,0.200333
4205000,3,-3.65226,-9822.46,0.705082,0.200267
4210000,3,-4.18349,-9816.93,1.20903,0.174
4215000,2,-2.11228,-9839.4,0.017968,0.190467
4220000,2,-3.82213,-9840.36,1.71183,0.235
4225000,3,-3.41825,-9819.71,0.415622,0.180267
4230000,2,-2.43822,-9835.88,0.254251,0.1921
4235000,2,-2.83349,-9838.83,0.654303,0.20105
4240000,2,-2.6185,-9837.78,0.418318,0.1948
4245000,3,-6.97554,-9839.48,3.15961,0.2055
4250000,2,-2.28448,-9843.83,0.0442409,0.1942
4255000,2,-3.36449,-9843.85,1.16328,0.1922
4260000,3,-3.32103,-9844.27,0.353866,0.1974
4265000,3,-3.45252,-9819.53,0.529567,0.18955
4270000,3,-3.53684,-9817.78,0.60209,0.1846
4275000,2,-2.99362,-9841.44,0.85683,0.2028
4280000,3,-3.00964,-9819.76,0.0630162,0.1998
4285000,4,-6.0537,-9818.34,2.20831,0.1802
4290000,2,-3.98236,-9842.27,1.80962,0.212333
4295000,3,-3.61775,-9818.83,0.752676,0.1768
4300000,2,-5.41122,-9847.2,3.3144,0.193633
4305000,2,-2.71809,-9835.41,0.585757,0.1776
4310000,4,-4.32819,-9819.38,0.879683,0.197333
4315000,3,-3.39487,-9825.53,0.516442,0.2112
4320000,2,-3.26965,-9842.84,1.04425,0.196133
4325000,3,-3.21166,-9825.03,0.191083,0.1772
4330000,3,-3.50132,-9820.51,0.45559,0.1806
4335000,3,-4.06854,-9817.64,1.06884,0.194
4340000,3,-3.08963,-9820.91,0.0915615,0.2042
4345000,3,-4.87921,-9844.81,1.01603,0.190725
4350000,2,-2.25231,-9843.67,0.0165603,0.1908
4355000,4,-5.43581,-9820.76,0.859071,0.191933
4360000,3,-4.09424,-9823.9,1.15145,0.1986
4365000,3,-7.70155,-9831.23,0.824597,0.206333
4370000,3,-3.75865,-9835.94,0.301314,0.2036
4375000,3,-3.60934,-9838.05,0.147305,0.2408
4380000,3,-3.04815,-9826.68,0.0527404,0.18415
4385000,3,-3.06676,-9823.55,0.0508195,0.2074
4390000,3,-2.98724,-9826.81,0.0342832,0.1622
4395000,2,-2.5681,-9835.95,0.364162,0.1767
4400000,2,-2.4541,-9839.21,0.180637,0.19936
4405000,3,-4.58259,-9839.59,0.408398,0.1682
4410000,2,-2.28449,-9838.94,0.0574906,0.1694
4415000,2,-3.11372,-9837.3,0.950351,0.216
4420000,3,-3.19584,-9826.13,0.223278,0.1895
4425000,2,-5.51462,-9834.91,3.36532,0.194367
4430000,3,-3.48272,-9822.74,0.487717,0.1783
4435000,3,-3.12953,-9820.26,0.228252,0.1774
4440000,3,-2.99945,-9819.89,0.0627806,0.1764
4445000,2,-6.10159,-9923.47,0.456744,0.347463
4450000,2,-3.93785,-9833.92,1.77287,0.182029
4455000,2,-2.26903,-9836.33,0.0967436,0.1818
4460000,2,-2.21798,-9838.88,0.0715751,0.19
4465000,5,-8.75074,-9826.01,0.216936,0.1886
4470000,2,-3.21602,-9836.83,1.00066,0.180133
4475000,2,-5.40377,-9838.99,3.19601,0.1762
4480000,3,-3.09248,-9819.53,0.149235,0.1924
4485000,3,-8.18649,-9839.49,1.3485,0.2154
4490000,2,-2.49597,-9844.99,0.348811,0.201467
4495000,3,-3.82085,-9821.58,0.964475,0.198067
4500000,2,-4.78327,-9841.05,2.60174,0.1899
4505000,3,-4.11629,-9823.23,1.26079,0.1971
4510000,2,-2.53746,-9837.77,0.307225,0.21588
4515000,2,-3.77632,-9842.87,1.59496,0.1974
4520000,2,-2.29212,-9836.63,0.130042,0.1842
4525000,3,-3.11345,-9824.69,0.189145,0.17745
4530000,2,-2.15219,-9841.28,0.0124811,0.1856
4535000,3,-3.89081,-9818.06,0.923124,0.1803
4540000,2,-4.44782,-9837.06,2.34381,0.1834
4545000,2,-2.73743,-9841.94,0.5334,0.193567
4550000,2,-4.45966,-9844.15,2.22051,0.1888
4555000,3,-3.32466,-9841.52,0.203817,0.196
4560000,4,-9.62259,-9842.16,0.657918,0.178
4565000,2,-2.50045,-9841.41,0.294324,0.187
4570000,3,-4.18147,-9819.31,1.2644,0.188686
4575000,2,-2.252,-9838.75,0.0858455,0.203
4580000,2,-4.02971,-9920.75,0.0353309,0.347267
4585000,3,-5.64517,-9818.92,2.65141,0.176133
4590000,3,-3.74693,-9817.5,0.745,0.1748
4595000,2,-2.46527,-9838.08,0.237843,0.18995
4600000,2,-3.50427,-9840.75,1.30793,0.1844
4605000,3,-3.78127,-9831.64,0.937943,0.1812
4610000,3,-4.00356,-9822.66,1.17834,0.1794
4615000,4,-5.77869,-9819.69,0.844083,0.2462
4620000,3,-5.21109,-9823.12,2.36643,0.2132
4625000,3,-3.76776,-9821.45,0.86541,0.197
4630000,3,-4.07759,-9820.8,1.14457,0.1758
4635000,3,-3.45721,-9818.59,0.449782,0.1908
4640000,4,-7.98671,-9818.62,2.58417,0.2034
4645000,3,-3.6331,-9823.82,0.699575,0.18
4650000,3,-5.25319,-9822.16,2.26782,0.1826
4655000,3,-3.33324,-9830.97,0.329282,0.2076
4660000,3,-4.21249,-9825.89,1.2467,0.1764
4665000,3,-4.87173,-9828.18,1.96148,0.1786
4670000,3,-4.0798,-9834.66,0.376475,0.196781
4675000,3,-4.05324,-9825.36,1.1438,0.197
4680000,3,-4.76616,-9842.4,0.781501,0.206237
4685000,2,-2.40367,-9841.3,0.199217,0.1966
4690000,2,-4.22957,-9841.24,2.03491,0.2126
4695000,3,-3.86972,-9820.73,0.96586,0.2128
4700000,3,-3.84104,-9822.19,0.962443,0.1704
4705000,4,-7.10049,-9822.28,2.47376,0.1924
4710000,2,-3.1579,-9840.43,0.955016,0.20345
4715000,3,-3.561,-9817.77,0.648716,0.1847
4720000,3,-3.68224,-9847.18,0.862952,0.192675
4725000,4,-6.01918,-9817.06,0.94562,0.1841
4730000,3,-3.24513,-9821.26,0.238285,0.1912
4735000,2,-3.30909,-9841.2,1.10306,0.19724
4740000,3,-3.59861,-9821.91,0.658036,0.2004
4745000,2,-2.30507,-9842.82,0.125021,0.2006
4750000,2,-2.63552,-9841.09,0.421582,0.204667
4755000,3,-6.35252,-9828.28,3.45859,0.200467
4760000,2,-2.37579,-9844.51,0.229854,0.203333
4765000,2,-3.63587,-9840.64,1.4679,0.203267
4770000,3,-4.03741,-9820.55,1.10502,0.181
4775000,3,-4.02631,-9817.29,1.09926,0.1712
4780000,2,-2.46998,-9843.95,0.30971,0.19265
4785000,2,-2.76957,-9843.65,0.636196,0.186
4790000,2,-2.30954,-9841.85,0.122217,0.1786
4795000,2,-2.48961,-9842.79,0.376005,0.2032
4800000,2,-4.24412,-9841.5,2.0919,0.194
4805000,3,-3.31825,-9818,0.414086,0.1861
4810000,3,-3.09734,-9817.4,0.118736,0.1744
4815000,3,-4.22449,-9817.44,1.33273,0.2014
4820000,2,-3.39088,-9842.05,1.18644,0.18772
4825000,2,-2.26861,-9840.62,0.156084,0.189
4830000,2,-3.64027,-9841.24,1.43356,0.1885
4835000,2,-2.29971,-9839.4,0.169574,0.1984
4840000,2,-4.60722,-9837.76,2.47116,0.1963
4845000,3,-7.51127,-9821.64,4.56593,0.186133
4850000,2,-4.82082,-9841.13,2.7397,0.1939
4855000,3,-5.32159,-9836.51,2.54022,0.209
4860000,4,-5.00497,-9815.82,0.842514,0.1976
4865000,2,-4.10061,-9841.43,1.92363,0.1995
4870000,4,-4.68312,-9839.92,0.233439,0.2036
4875000,2,-2.53392,-9843,0.346973,0.18945
4880000,2,-2.726,-9840.26,0.508731,0.1852
4885000,3,-5.97394,-9842.61,0.10422,0.203933
4890000,2,-2.66764,-9843.91,0.520559,0.235
4895000,2,-2.45943,-9840.3,0.244592,0.1956
4900000,3,-4.89879,-9838.75,2.03919,0.1939
4905000,2,-5.38939,-9838.96,3.17941,0.1973
4910000,3,-4.32581,-9836.97,1.10428,0.1982
4915000,2,-2.39939,-9839.45,0.22686,0.19
4920000,2,-6.42979,-9838.92,4.21604,0.22225
4925000,2,-2.3646,-9841.02,0.185301,0.2058
4930000,2,-3.08332,-9838.5,0.896462,0.1931
4935000,2,-2.69604,-9843.5,0.522343,0.1788
4940000,2,-2.71791,-9839.91,0.570697,0.188
4945000,2,-2.88741,-9838.87,0.676572,0.1844
4950000,2,-3.66512,-9839.92,1.44035,0.1846
4955000,2,-2.40805,-9840.59,0.294199,0.175867
4960000,2,-2.62348,-9837.15,0.492617,0.185
4965000,2,-3.48255,-9837.9,1.34623,0.1862
4970000,2,-2.84704,-9843.36,0.751862,0.194067
4975000,2,-2.86887,-9843.16,0.743652,0.1828
4980000,2,-2.71995,-9840.48,0.569356,0.1742
4985000,2,-4.50254,-9844.66,2.25295,0.1806
4990000,2,-2.23271,-9840.14,0.0274472,0.191
4995000,2,-3.53117,-9840.94,1.32795,0.1783
5000000,2,-2.28339,-9845.04,0.11561,0.1982
5005000,2,-2.51393,-9842.43,0.351753,0.19035
5010000,2,-2.94554,-9843.33,0.817441,0.1923
5015000,2,-2.34576,-9844.6,0.232245,0.1884
5020000,2,-2.71348,-9843.67,0.54851,0.185333
5025000,2,-3.04398,-9834.66,0.829838,0.18884
5030000,3,-6.87255,-9920.75,0.234544,0.345384
5035000,2,-3.55289,-9837.41,1.33099,0.2267
5040000,2,-2.47959,-9843.76,0.282962,0.20668
5045000,2,-2.88807,-9841.73,0.682637,0.1882
5050000,3,-5.19491,-9842.8,1.70867,0.1969
5055000,2,-3.66832,-9841.3,1.46082,0.2224
5060000,2,-2.78026,-9839.55,0.584084,0.1824
5065000,2,-2.38103,-9839.74,0.186112,0.1788
5070000,2,-2.43419,-9842.92,0.191615,0.2026
5075000,2,-2.81821,-9842.38,0.659947,0.1852
5080000,3,-3.05489,-9839.59,0.0606602,0.2256
5085000,2,-2.27381,-9845.23,0.0558684,0.19865
5090000,3,-3.53552,-9839.66,0.228542,0.2341
5095000,4,-6.27031,-9843.39,0.397132,0.2042
5100000,2,-3.65666,-9844.47,1.53596,0.2126
5105000,2,-3.03937,-9840.63,0.967695,0.201786
5110000,2,-4.42902,-9925.68,1.18223,0.344425
5115000,3,-7.81486,-9836.25,0.294125,0.1775
5120000,2,-2.28767,-9836.49,0.167586,0.19775
5125000,2,-2.68737,-9845.82,0.479521,0.2167
5130000,2,-2.72522,-9836.22,0.621863,0.200956
5135000,2,-3.95231,-9836.42,1.74962,0.207467
5140000,2,-2.4969,-9836.82,0.324812,0.1766
5145000,3,-4.6391,-9834.85,0.289204,0.203067
5150000,3,-4.54086,-9838.33,0.904365,0.19904
5155000,2,-5.66238,-9921.87,0.189598,0.346644
5160000,3,-3.6786,-9836,0.42702,0.19585
5165000,2,-2.65825,-9840.51,0.572034,0.19195
5170000,3,-3.16667,-9839.33,0.397037,0.1886
5175000,2,-4.03783,-9842.53,1.89999,0.1921
5180000,2,-2.83436,-9836.67,0.643084,0.202333
5185000,2,-5.652,-9921.08,0.730017,0.342733
5190000,2,-3.195,-9834.74,1.05934,0.1796
5195000,3,-6.89623,-9829.98,1.00804,0.2248
5200000,2,-2.53174,-9845.9,0.384535,0.210267
5205000,3,-9.35935,-9924.51,4.04508,0.3545
5210000,4,-6.49523,-9837.77,0.286237,0.2196
5215000,2,-4.74259,-9835.44,2.6165,0.2108
5220000,2,-2.82675,-9839.89,0.671254,0.1827
5225000,2,-3.6904,-9839.32,1.51414,0.20304
5230000,2,-3.08388,-9838.58,0.906539,0.2086
5235000,2,-2.749,-9843.71,0.593917,0.2062
5240000,2,-2.51759,-9841.27,0.360936,0.21225
5245000,2,-2.59599,-9843.53,0.440128,0.1982
5250000,2,-3.02449,-9923.29,0.116858,0.342689
5255000,3,-4.74698,-9839.24,0.128627,0.1917
5260000,2,-2.20266,-9841.14,0.0532761,0.2148
5265000,2,-2.41474,-9842.41,0.218754,0.18605
5270000,2,-3.64914,-9840.15,1.52019,0.1931
5275000,2,-4.43007,-9917.9,0.0745616,0.33316
5280000,2,-2.59967,-9842.66,0.399658,0.192375
5285000,2,-2.52309,-9841.11,0.27745,0.185
5290000,2,-2.71535,-9846.56,0.538678,0.19076
5295000,2,-2.32789,-9840.83,0.138643,0.1896
5300000,2,-4.01808,-9922.67,0.395945,0.34692
5305000,2,-2.30991,-9842.35,0.145695,0.18665
5310000,2,-3.35498,-9842.12,1.15884,0.1996
5315000,2,-2.3456,-9840.46,0.149668,0.2214
5320000,2,-2.38426,-9842.97,0.175282,0.192433
5325000,2,-3.0775,-9842.38,0.90648,0.1914
5330000,2,-2.33641,-9844.14,0.151568,0.199133
5335000,2,-2.71311,-9843.35,0.495216,0.1995
5340000,2,-2.32758,-9841.05,0.114289,0.179
5345000,2,-2.56597,-9842.13,0.375137,0.215
5350000,2,-3.3657,-9844.3,1.20791,0.1995
5355000,2,-3.95369,-9844.1,1.70928,0.1876
5360000,2,-4.99582,-9925.1,0.0897512,0.3518
5365000,2,-2.54453,-9841.67,0.406432,0.205533
5370000,3,-5.46375,-9840.98,1.01057,0.1994
5375000,2,-2.87304,-9840.75,0.664439,0.193
5380000,2,-2.75656,-9840.78,0.557043,0.1792
5385000,2,-2.27048,-9838.42,0.099529,0.1956
5390000,2,-2.43525,-9840.8,0.245564,0.203971
5395000,2,-2.89291,-9841.83,0.717718,0.199
5400000,2,-3.30145,-9843.96,1.09276,0.1766
5405000,2,-2.6214,-9837.6,0.499927,0.20135
5410000,2,-5.37486,-9922.19,1.80046,0.33838
5415000,3,-5.40561,-9836.12,1.30896,0.2034
5420000,2,-3.02254,-9841.81,0.839305,0.2021
5425000,2,-2.47897,-9843.07,0.251736,0.201533
5430000,2,-2.83549,-9844.53,0.601515,0.189267
5435000,2,-2.89134,-9842.19,0.652684,0.1799
5440000,2,-3.92873,-9842.02,1.72169,0.20875
5445000,2,-2.97847,-9842.69,0.84133,0.2244
5450000,2,-2.1677,-9840.75,0.0135949,0.1808
5455000,2,-4.45804,-9839.88,2.26414,0.204
5460000,2,-2.36217,-9838.31,0.148831,0.2222
5465000,2,-2.34174,-9836.23,0.142229,0.1996
5470000,3,-5.01966,-9838.03,0.0513185,0.1824
5475000,2,-3.70698,-9835.77,1.55795,0.2136
5480000,2,-2.38938,-9841.18,0.296591,0.188533
5485000,2,-2.39118,-9838.34,0.251249,0.1755
5490000,2,-2.34234,-9838.72,0.115059,0.179967
5495000,2,-2.33464,-9837.77,0.122633,0.2004
5500000,2,-3.2359,-9835.02,1.00889,0.1794
5505000,2,-4.01652,-9836.24,1.86426,0.182
5510000,2,-4.32215,-9834.83,2.16471,0.2256
5515000,2,-3.32509,-9837.16,1.09642,0.19872
5520000,2,-4.20124,-9836.41,1.9895,0.2094
5525000,2,-2.94073,-9837.48,0.761972,0.181933
5530000,2,-3.78767,-9925.23,0.562702,0.344
5535000,2,-2.46783,-9841.84,0.275997,0.185067
5540000,2,-2.25424,-9837.61,0.0953659,0.2046
5545000,2,-4.0327,-9838.27,1.83988,0.1838
5550000,2,-2.43352,-9834.95,0.191658,0.194414
5555000,2,-2.38827,-9835.32,0.191512,0.198467
5560000,3,-4.51617,-9839.14,0.218214,0.1958
5565000,2,-3.24336,-9838.23,1.0186,0.188467
5570000,2,-3.8682,-9840.87,1.69909,0.185533
5575000,2,-3.32709,-9840.76,1.12466,0.196733
5580000,2,-2.34606,-9840.17,0.0724975,0.190267
5585000,2,-2.9817,-9840.44,0.736737,0.1964
5590000,2,-3.27688,-9837.1,1.04521,0.1783
5595000,2,-2.5096,-9841.23,0.277582,0.198
5600000,2,-3.09293,-9842.62,0.816069,0.2026
5605000,2,-2.78472,-9839.74,0.506002,0.191267
5610000,2,-2.60677,-9835.27,0.389717,0.2042
5615000,2,-3.13867,-9837.74,0.937418,0.192125
5620000,3,-4.47724,-9836.19,0.135607,0.1774
5625000,2,-6.20321,-9929.11,0.832625,0.339211
5630000,2,-3.52081,-9922.56,0.32948,0.345
5635000,2,-4.40776,-9838.25,2.19707,0.1956
5640000,2,-3.41194,-9833.41,1.21985,0.1878
5645000,2,-4.37803,-9837.49,2.18757,0.1756
5650000,2,-4.60182,-9836.6,2.40136,0.2036
5655000,4,-9.85092,-9836.37,0.169004,0.2012
5660000,2,-5.30096,-9840.18,3.12979,0.203
5665000,2,-2.57529,-9839.8,0.372948,0.188723
5670000,2,-2.28631,-9841.45,0.0875447,0.186
5675000,2,-2.12759,-9841.33,0.00513438,0.1798
5680000,2,-2.66748,-9841.56,0.517247,0.1805
5685000,3,-4.25383,-9836.36,0.983617,0.188769
5690000,2,-2.75571,-9836.5,0.643405,0.1779
5695000,2,-3.07527,-9834.97,0.892124,0.1829
5700000,2,-3.21079,-9834.5,1.01859,0.18412
5705000,2,-3.15245,-9837.86,0.920252,0.1782
5710000,2,-4.55269,-9836.25,2.27264,0.1776
5715000,2,-8.18122,-9840.99,5.95667,0.1986
5720000,2,-2.50802,-9838.49,0.300683,0.185
5725000,2,-3.14323,-9837.72,0.995834,0.19436
5730000,2,-4.33514,-9842.98,2.1677,0.1994
5735000,2,-3.50981,-9837.17,1.32958,0.20875
5740000,2,-2.42961,-9838.73,0.335637,0.18365
5745000,2,-2.22616,-9843.15,0.0962931,0.197267
5750000,3,-4.372,-9845.97,0.163772,0.2241
5755000,2,-3.93572,-9841.59,1.79862,0.1905
5760000,2,-3.46384,-9838.62,1.30856,0.1903
5765000,2,-2.96603,-9838.12,0.797025,0.213
5770000,2,-3.0438,-9841.67,0.931338,0.199
5775000,2,-3.84035,-9841.99,1.63456,0.21495
5780000,2,-2.44809,-9841.91,0.276341,0.1854
5785000,2,-5.33775,-9841.81,3.11219,0.1794
5790000,2,-2.90213,-9840.73,0.683368,0.1838
5795000,2,-2.55502,-9837.54,0.394343,0.1842
5800000,2,-3.23076,-9838.48,0.958686,0.187086
5805000,2,-4.46816,-9837.54,2.27753,0.2145
5810000,2,-6.42163,-9839.08,4.24249,0.2037
5815000,2,-2.4838,-9843.89,0.328317,0.214133
5820000,2,-2.89967,-9842.87,0.700466,0.1872
5825000,2,-2.46189,-9843.55,0.227124,0.1907
5830000,2,-2.75128,-9843.45,0.611503,0.20625
5835000,2,-2.58008,-9839.05,0.44662,0.1852
5840000,2,-5.13815,-9840.32,3.03059,0.228
5845000,2,-4.81433,-9840.08,2.59655,0.195
5850000,2,-2.94514,-9837.24,0.773318,0.20815
5855000,2,-2.28018,-9838.22,0.0796608,0.199
5860000,2,-2.58122,-9843.08,0.434565,0.206975
5865000,2,-2.83334,-9843.28,0.649986,0.1891
5870000,2,-4.58504,-9841.05,2.42736,0.177667
5875000,2,-3.68841,-9844.9,1.50011,0.177067
5880000,2,-5.02825,-9842.05,2.89942,0.206333
5885000,2,-2.33373,-9840.37,0.182726,0.185267
5890000,2,-3.32722,-9841.13,1.14762,0.1786
5895000,2,-2.58474,-9842.97,0.378473,0.20055
5900000,3,-4.70337,-9841.92,0.958098,0.188
5905000,2,-2.73181,-9840.73,0.54247,0.1972
5910000,2,-2.24293,-9842.01,0.0285389,0.21335
5915000,3,-5.66037,-9839.03,0.0146368,0.2066
5920000,2,-2.34076,-9839.02,0.149544,0.194867
5925000,2,-3.53675,-9842.19,1.39428,0.1884
5930000,2,-2.53069,-9838.11,0.388154,0.195333
5935000,2,-3.6264,-9839.9,1.44433,0.1856
5940000,2,-2.80581,-9842.25,0.610293,0.1862
5945000,3,-3.41351,-9839.42,0.786594,0.215
5950000,2,-2.45709,-9836.63,0.341822,0.19255
5955000,2,-2.88682,-9839.91,0.691511,0.2092
5960000,2,-2.41552,-9845.34,0.15344,0.200229
5965000,2,-2.69246,-9841.35,0.421118,0.1834
5970000,2,-2.78405,-9843.04,0.519167,0.183
5975000,2,-3.9136,-9842.28,1.63881,0.202
5980000,2,-2.23869,-9835.87,0.0831772,0.191333
5985000,2,-4.82283,-9837.25,2.70041,0.2242
5990000,2,-2.66573,-9839.35,0.557345,0.1942
5995000,2,-5.0973,-9848.78,2.7753,0.18725
6000000,2,-2.37602,-9838.32,0.143707,0.194422
6005000,2,-4.15536,-9845.96,1.95923,0.1864
6010000,2,-4.21275,-9845.15,1.9922,0.2032
6015000,2,-2.44151,-9836.36,0.251752,0.2014
6020000,2,-3.11906,-9836.96,0.939866,0.2008
6025000,2,-3.97902,-9836.3,1.85278,0.1882
6030000,2,-3.20936,-9838.34,1.12939,0.2126
6035000,2,-2.22353,-9840.69,0.0815041,0.1728
6040000,2,-4.40032,-9840.19,2.30829,0.197
6045000,2,-3.20406,-9841.53,0.958887,0.188743
6050000,2,-2.51604,-9839.22,0.341669,0.1848
6055000,3,-2.85967,-9843.66,0.226675,0.18875
6060000,3,-4.96412,-9832.34,0.322231,0.207533
6065000,2,-2.55428,-9843.32,0.312394,0.2023
6070000,2,-3.10384,-9841.48,0.900574,0.1772
6075000,3,-6.54565,-9837.73,1.43616,0.2396
6080000,2,-3.96859,-9841.06,1.85746,0.19505
6085000,2,-2.33822,-9842.04,0.195863,0.2126
6090000,3,-4.68203,-9840.08,1.79368,0.2562
6095000,2,-2.3552,-9841.63,0.221068,0.2076
6100000,3,-5.89809,-9836.12,2.54098,0.2294
6105000,2,-6.33378,-9840.09,4.18599,0.23168
6110000,2,-4.86219,-9840.7,2.76441,0.2018
6115000,2,-3.91168,-9842.93,1.71017,0.223133
6120000,2,-3.9896,-9838.14,1.86636,0.2033
6125000,2,-4.96331,-9841.9,2.84926,0.236
6130000,2,-3.16228,-9842.98,0.994082,0.1932
6135000,2,-2.79068,-9844.91,0.563429,0.18895
6140000,2,-2.5679,-9842.22,0.400926,0.1974
6145000,2,-4.10783,-9846.49,1.93143,0.2028
6150000,3,-4.91584,-9839.14,1.7828,0.200725
6155000,2,-4.09741,-9839.02,1.87535,0.217
6160000,2,-4.57744,-9838.62,2.42115,0.19
6165000,2,-5.50013,-9839.67,3.30961,0.1826
6170000,2,-3.73922,-9841.27,1.50565,0.194
6175000,2,-3.70026,-9839.7,1.59984,0.204667
6180000,2,-4.27153,-9839.66,2.06656,0.1828
6185000,2,-2.39453,-9836.97,0.167468,0.1934
6190000,2,-3.4916,-9836.12,1.29392,0.1982
6195000,2,-3.53401,-9837.7,1.3265,0.198167
6200000,2,-2.54451,-9836.68,0.389115,0.18852
6205000,2,-3.18479,-9835.84,1.02001,0.176067
6210000,2,-3.37526,-9841.05,1.27289,0.1757
6215000,2,-4.07119,-9836.16,1.95383,0.1905
6220000,2,-3.14383,-9839.56,0.965888,0.1768
6225000,2,-2.29007,-9841.14,0.0845982,0.187267
6230000,2,-3.45577,-9845.67,1.23983,0.20544
6235000,2,-2.85871,-9840.94,0.619769,0.200333
6240000,2,-5.44847,-9843.72,3.18789,0.2496
6245000,2,-2.43057,-9841.61,0.19904,0.2042
6250000,2,-2.28482,-9843.76,0.108837,0.2067
6255000,2,-3.99118,-9843.46,1.80896,0.2256
6260000,3,-5.46065,-9838.5,0.465411,0.206057
6265000,2,-4.79839,-9837.74,2.5553,0.188
6270000,2,-4.36339,-9922.36,5.74985e-05,0.34877
6275000,2,-2.49781,-9842.39,0.3465,0.21415
6280000,2,-2.49568,-9843.3,0.328918,0.185
6285000,2,-2.87824,-9837.78,0.621809,0.1824
6290000,2,-5.52445,-9842.05,3.32416,0.199067
6295000,2,-2.37003,-9843.38,0.262204,0.1952
6300000,2,-2.43173,-9842.99,0.249855,0.1741
6305000,2,-4.46476,-9844,2.29991,0.2078
6310000,2,-2.76953,-9841.52,0.581583,0.198533
6315000,2,-3.60665,-9840.46,1.42319,0.1754
6320000,2,-2.68094,-9841.91,0.478922,0.177
6325000,2,-5.60453,-9920.81,0.305383,0.356018
6330000,2,-3.42626,-9841.2,1.20685,0.19564
6335000,2,-5.0325,-9843.82,2.77352,0.1884
6340000,2,-3.47707,-9844.23,1.24007,0.196418
6345000,2,-2.35469,-9843.52,0.0937414,0.2036
6350000,2,-4.99835,-9841.68,2.74944,0.2582
6355000,2,-2.25994,-9842.38,0.00482268,0.19055
6360000,2,-2.45374,-9840.1,0.251738,0.2011
6365000,2,-2.34376,-9842.13,0.0950366,0.1881
6370000,2,-2.24981,-9838.57,0.00217108,0.2041
6375000,2,-3.56474,-9844.67,1.35785,0.197218
6380000,2,-2.48916,-9842.24,0.291377,0.181
6385000,2,-2.25916,-9839.35,0.110697,0.20325
6390000,2,-2.32014,-9841.74,0.183633,0.1856
6395000,3,-4.1774,-9838.08,1.10646,0.208
6400000,2,-2.48314,-9842.13,0.211995,0.19495
6405000,3,-5.39684,-9836.08,0.961401,0.2084
6410000,3,-3.41965,-9828.54,0.147231,0.2218
6415000,2,-3.65473,-9841.76,1.57314,0.197778
6420000,2,-2.65304,-9842.33,0.465863,0.1945
6425000,2,-4.16256,-9846.31,2.07537,0.191
6430000,2,-4.40718,-9838.85,2.23052,0.1963
6435000,2,-6.04249,-9920.95,1.64839,0.350145
6440000,2,-3.38352,-9842.53,1.22886,0.199533
6445000,2,-2.945,-9835.36,0.79063,0.190933
6450000,2,-2.8793,-9836.8,0.676512,0.1882
6455000,2,-2.27954,-9836.11,0.0959301,0.225067
6460000,2,-2.33289,-9836.04,0.136471,0.1921
6465000,2,-2.53019,-9835.51,0.346364,0.1997
6470000,3,-3.12153,-9819.56,0.242843,0.24515
6475000,2,-4.08125,-9838.87,1.88643,0.229
6480000,3,-3.75503,-9816.55,0.841114,0.2205
6485000,2,-2.6737,-9835.77,0.514439,0.22765
6490000,2,-3.71108,-9835.68,1.55073,0.177
6495000,2,-2.23655,-9837.29,0.051115,0.1845
6500000,2,-2.46538,-9837.92,0.249895,0.1878
6505000,2,-2.48206,-9838.34,0.255796,0.185
6510000,3,-6.42292,-9813.59,3.49649,0.210967
6515000,2,-2.71845,-9840.82,0.498427,0.2051
6520000,2,-8.81588,-9925.81,4.53203,0.338118
6525000,2,-2.2859,-9837.68,0.105172,0.21035
6530000,3,-3.33131,-9816.31,0.405153,0.19725
6535000,3,-4.68648,-9840.61,1.80518,0.1997
6540000,3,-3.01816,-9818.91,0.150717,0.2063
6545000,3,-3.15045,-9820.45,0.26121,0.1926
6550000,4,-5.21625,-9819.48,0.360272,0.1934
6555000,2,-3.22763,-9846.95,0.952174,0.2047
6560000,2,-2.80823,-9839.27,0.612067,0.196714
6565000,3,-3.50407,-9817.34,0.523681,0.1854
6570000,3,-4.8524,-9817.26,1.87724,0.1744
6575000,2,-3.9612,-9838.86,1.79031,0.1952
6580000,2,-4.10154,-9842.2,1.93308,0.20328
6585000,2,-2.46527,-9840.38,0.296136,0.2076
6590000,2,-2.42651,-9843.38,0.271848,0.2334
6595000,2,-2.85334,-9844.5,0.744795,0.1874
6600000,2,-3.16098,-9844.69,0.973946,0.1772
6605000,4,-6.83942,-9817.85,2.89837,0.195114
6610000,2,-4.24341,-9845.05,2.01205,0.1932
6615000,4,-5.54375,-9810.26,1.30148,0.1914
6620000,4,-5.3257,-9800.13,1.29004,0.2398
6625000,2,-5.63,-9844.38,3.47706,0.19344
6630000,2,-3.24375,-9850.19,1.08521,0.1958
6635000,2,-3.71349,-9834.88,1.52985,0.2337
6640000,2,-2.70318,-9838.72,0.479251,0.192
6645000,2,-2.55192,-9838.3,0.310464,0.1778
6650000,4,-6.7933,-9801.64,2.92519,0.2181
6655000,4,-4.21616,-9802.31,0.757427,0.2206
6660000,4,-4.09839,-9796.38,0.560041,0.234
6665000,2,-3.11675,-9842.28,0.884625,0.18955
6670000,3,-7.03118,-9926.59,0.24637,0.351827
6675000,4,-3.60501,-9797.7,0.168195,0.2374
6680000,4,-3.86365,-9796.33,0.509415,0.25
6685000,2,-2.25141,-9842.97,0.0373221,0.1885
6690000,2,-2.44887,-9843.93,0.214124,0.2008
6695000,2,-2.23172,-9842.97,0.0140634,0.184
6700000,4,-4.22095,-9801.13,0.595054,0.2205
6705000,4,-3.83848,-9805.74,0.0605385,0.2178
6710000,4,-4.40886,-9804.45,0.535023,0.2294
6715000,2,-5.27502,-9922.27,0.540883,0.352267
6720000,4,-8.37131,-9797.87,4.93804,0.2261
6725000,4,-5.13151,-9799.92,1.41739,0.2084
6730000,4,-4.86646,-9800.75,1.06264,0.2098
6735000,4,-3.84097,-9795.95,0.132588,0.2014
6740000,4,-4.51078,-9795.4,0.763293,0.1944
6745000,4,-4.32521,-9797.43,0.67119,0.212
6750000,4,-7.57489,-9799.94,3.79831,0.2122
6755000,2,-3.38519,-9843.95,1.25475,0.189248
6760000,2,-3.14703,-9840.17,0.995209,0.196169
6765000,2,-2.48503,-9842.15,0.323485,0.1804
6770000,4,-3.88043,-9800.71,0.0944854,0.20555
6775000,2,-2.66599,-9844.76,0.518495,0.1959
6780000,2,-3.28275,-9840.99,1.04352,0.183333
6785000,2,-2.38214,-9839.61,0.162637,0.1804
6790000,4,-4.7357,-9800.39,1.00086,0.24595
6795000,4,-4.86132,-9801.32,0.956643,0.1934
6800000,5,-4.6317,-9801.42,0.171957,0.2112
6805000,4,-4.24745,-9841.91,0.260542,0.1985
6810000,2,-3.09965,-9841.12,0.928846,0.226
6815000,3,-4.14107,-9838.33,0.462326,0.2128
6820000,2,-4.38325,-9921.39,0.484237,0.343095
6825000,4,-5.91394,-9808.06,2.23965,0.21508
6830000,2,-2.67338,-9841.1,0.538111,0.195356
6835000,3,-4.12199,-9838.57,0.818825,0.2008
6840000,2,-2.32052,-9839.12,0.120841,0.1874
6845000,2,-5.42251,-9837.56,3.23322,0.184
6850000,2,-5.39838,-9843.16,3.17538,0.1784
6855000,2,-2.55028,-9843.84,0.245071,0.1941
6860000,2,-2.97639,-9845.08,0.791779,0.1861
6865000,2,-2.97212,-9840.85,0.75511,0.1918
6870000,2,-3.78247,-9840.65,1.59177,0.1886
6875000,2,-2.31982,-9839.81,0.130042,0.1832
6880000,2,-4.03227,-9843.94,1.77766,0.1932
6885000,3,-4.76219,-9812.4,1.74686,0.20205
6890000,3,-4.69574,-9815.28,1.68492,0.2164
6895000,3,-3.3405,-9815.05,0.383779,0.1916
6900000,3,-5.61785,-9839.81,1.79545,0.191
6905000,3,-5.03209,-9820.14,2.10956,0.1996
6910000,2,-2.83417,-9838.55,0.647776,0.2108
6915000,2,-2.31347,-9849.37,0.098819,0.1752
6920000,2,-5.02779,-9840.66,2.878,0.210225
6925000,2,-3.85527,-9845.01,1.63665,0.1861
6930000,3,-4.13315,-9824.56,1.20257,0.20992
6935000,2,-4.34406,-9840.37,2.15498,0.1969
6940000,4,-4.2508,-9832.07,0.142501,0.193
6945000,3,-5.96187,-9822.89,3.09954,0.2032
6950000,3,-3.40809,-9816.69,0.527124,0.1734
6955000,3,-4.00148,-9820.84,1.14318,0.176
6960000,2,-2.41325,-9841.29,0.268138,0.1992
6965000,2,-3.45905,-9840.04,1.25049,0.195778
6970000,3,-3.34339,-9820.88,0.382696,0.188067
6975000,4,-8.10176,-9813.04,1.85878,0.2602
6980000,4,-7.79707,-9810.26,0.964772,0.2032
6985000,5,-5.88613,-9812.6,0.680078,0.2638
6990000,4,-4.01446,-9817.5,0.0229708,0.2566
6995000,4,-4.0013,-9822.41,0.0271384,0.2204
7000000,2,-2.48666,-9836.59,0.357606,0.186975
7005000,3,-3.66025,-9822.16,0.615087,0.191
7010000,3,-3.28682,-9819.1,0.320717,0.176
7015000,2,-3.85963,-9844.31,1.66539,0.202
7020000,2,-2.42449,-9838.14,0.296315,0.19125
7025000,2,-2.51929,-9836.99,0.378884,0.1802
7030000,3,-6.96293,-9918.9,2.05224,0.347867
7035000,2,-4.31542,-9836.28,2.16787,0.1722
7040000,3,-10.4587,-9842.09,5.48869,0.20112
7045000,2,-4.03909,-9844.09,1.87689,0.1816
7050000,3,-4.01324,-9820.4,1.07756,0.1849
7055000,3,-4.75286,-9820.07,1.81747,0.1788
7060000,2,-2.16112,-9840.51,0.0710865,0.20192
7065000,3,-3.62174,-9820.92,0.75355,0.1898
7070000,3,-3.03574,-9820.12,0.153084,0.171
7075000,3,-6.3435,-9837.61,2.61395,0.183867
7080000,3,-3.00293,-9821.57,0.0434633,0.1836
7085000,3,-3.67375,-9838.96,0.548631,0.196
7090000,3,-3.37224,-9822.81,0.529801,0.1716
7095000,2,-3.79703,-9835.53,1.59302,0.1902
7100000,2,-2.5218,-9840.1,0.251826,0.1784
7105000,2,-2.28046,-9839.2,0.0925225,0.1997
7110000,2,-2.62969,-9837.74,0.45039,0.2031
7115000,3,-4.51939,-9822.47,1.70503,0.18724
7120000,2,-2.37622,-9846.82,0.147874,0.207
7125000,2,-2.47976,-9841.99,0.275395,0.1826
7130000,3,-3.39776,-9820.7,0.541834,0.1914
7135000,2,-4.02511,-9842.9,1.80974,0.1882
7140000,2,-3.35999,-9836.17,1.27736,0.196367
7145000,3,-6.22832,-9821.84,3.30671,0.18
7150000,3,-3.72577,-9820.78,0.765245,0.1832
7155000,2,-3.53005,-9840.79,1.33862,0.2013
7160000,3,-4.85911,-9816.89,1.95803,0.1912
7165000,2,-2.64841,-9842.48,0.512734,0.2159
7170000,2,-2.9909,-9846.3,0.836627,0.1897
7175000,2,-3.39843,-9844.72,1.15528,0.1788
7180000,3,-3.44598,-9823.44,0.50111,0.17905
7185000,2,-2.36251,-9837.64,0.130272,0.18305
7190000,2,-2.50122,-9847.9,0.269028,0.202133
7195000,3,-5.35107,-9838.53,1.56381,0.2074
7200000,2,-2.28712,-9842.76,0.0936199,0.195
7205000,2,-3.97628,-9841.57,1.79105,0.1919
7210000,2,-3.18656,-9839.03,1.02143,0.1792
7215000,3,-2.9653,-9820.98,0.068277,0.202486
7220000,3,-4.08448,-9817.33,1.16179,0.1942
7225000,2,-2.95289,-9840.11,0.802847,0.190933
7230000,3,-6.54455,-9818.47,3.60943,0.1891
7235000,2,-2.83561,-9839.96,0.686392,0.1741
7240000,3,-4.40664,-9819.9,1.46949,0.1807
7245000,3,-3.20415,-9821.46,0.289242,0.183
7250000,4,-7.41224,-9836.46,2.87773,0.2356
7255000,2,-2.42031,-9838.72,0.284761,0.2104
7260000,3,-3.30257,-9822.49,0.334189,0.2028
7265000,3,-3.22912,-9823.31,0.27068,0.1924
7270000,2,-3.32059,-9846.06,1.10534,0.202938
7275000,3,-3.39337,-9845.26,0.283321,0.1838
7280000,3,-3.08263,-9824.52,0.0823928,0.188067
7285000,2,-2.33019,-9841.57,0.0860522,0.1867
7290000,2,-3.00191,-9840.8,0.775391,0.1866
7295000,2,-2.32038,-9840.68,0.134662,0.1902
7300000,2,-2.50193,-9846.55,0.354448,0.201156
7305000,3,-3.72817,-9820.66,0.747477,0.18548
7310000,2,-3.77894,-9843.51,1.5838,0.183067
7315000,2,-3.89914,-9841.37,1.73652,0.183333
7320000,4,-4.94639,-9818.18,0.955665,0.206
7325000,2,-3.18227,-9839.43,1.01081,0.1966
7330000,2,-7.1758,-9923.3,0.872976,0.348327
7335000,2,-4.94345,-9841.69,2.82047,0.1858
7340000,3,-5.20448,-9816.95,2.31851,0.18805
7345000,3,-3.00619,-9817.99,0.0802678,0.1748
7350000,3,-3.47604,-9820.85,0.245314,0.213333
7355000,2,-3.573,-9844.1,1.35035,0.18725
7360000,3,-5.75656,-9821.29,2.85412,0.181
7365000,3,-3.52853,-9822.42,0.680258,0.1734
7370000,3,-3.10474,-9820.9,0.222843,0.2076
7375000,3,-3.22411,-9819.6,0.339136,0.1808
7380000,3,-4.29224,-9819.76,1.48098,0.2489
7385000,3,-4.11464,-9821.57,1.20895,0.1982
7390000,3,-3.68927,-9822.7,0.814877,0.178
7395000,3,-3.39207,-9813.9,0.41414,0.213933
7400000,3,-3.189,-9829.14,0.36813,0.205
7405000,4,-5.74533,-9825.27,0.273295,0.2225
7410000,4,-7.05904,-9823.68,0.0938797,0.2111
7415000,3,-4.90606,-9823.44,1.99327,0.2042
7420000,3,-3.14116,-9820.77,0.0956854,0.204733
7425000,3,-3.1585,-9825.88,0.0354062,0.2082
7430000,3,-7.37608,-9830.01,4.55545,0.2734
7435000,3,-3.97607,-9819.07,1.07429,0.209067
7440000,3,-4.08395,-9818.8,1.15499,0.2072
7445000,3,-7.58908,-9813.3,4.5624,0.1904
7450000,3,-3.23577,-9819.41,0.189465,0.213
7455000,3,-4.52037,-9814.07,1.53255,0.207
7460000,2,-3.08896,-9842.74,0.848888,0.221367
7465000,3,-3.10253,-9814.59,0.0960943,0.196
7470000,3,-5.8051,-9812.87,2.78355,0.206
7475000,2,-3.76715,-9838.35,1.61921,0.1977
7480000,2,-2.43395,-9841.9,0.25311,0.1833
7485000,4,-4.28363,-9819.22,0.71156,0.2126
7490000,2,-3.49999,-9844.25,1.32057,0.1865
7495000,5,-5.54177,-9800.09,0.549536,0.2619
7500000,2,-2.50983,-9841.93,0.348325,0.2176
7505000,4,-5.4287,-9804.11,1.63621,0.2455
7510000,5,-8.9651,-9800.25,4.25239,0.233
7515000,2,-2.51171,-9840.54,0.332539,0.200933
7520000,5,-5.8931,-9804.32,0.020772,0.2555
7525000,3,-6.89144,-9838.05,1.28957,0.1941
7530000,4,-4.29535,-9807.09,0.378321,0.2557
7535000,4,-4.37496,-9807.24,0.607354,0.2444
7540000,3,-3.17122,-9820.17,0.205315,0.254415
7545000,2,-3.36901,-9839.56,1.17635,0.201
7550000,2,-2.52286,-9837.92,0.27029,0.1758
7555000,3,-5.276,-9834.17,1.88233,0.2202
7560000,3,-4.51671,-9817.18,1.51921,0.213
7565000,3,-3.56457,-9824.61,0.444845,0.23636
7570000,4,-4.38392,-9813.99,0.386002,0.241543
7575000,3,-3.55184,-9825.27,0.578849,0.2276
7580000,3,-3.53571,-9825.59,0.474805,0.2726
7585000,5,-5.75885,-9805.84,0.0565137,0.232933
7590000,5,-5.73059,-9804.06,0.266179,0.2458
7595000,3,-3.42608,-9816.38,0.274245,0.233829
7600000,4,-3.83363,-9823.45,0.043521,0.2623
7605000,3,-3.79327,-9821.31,0.285464,0.219
7610000,4,-4.52276,-9822.63,0.120632,0.2699
7615000,4,-5.46432,-9810.07,1.95489,0.26132
7620000,3,-3.75564,-9825.57,0.479841,0.2509
7625000,3,-3.87732,-9825.13,0.206264,0.2212
7630000,4,-4.39823,-9808.09,0.398663,0.2358
7635000,4,-4.73996,-9807.7,0.607621,0.2262
7640000,4,-5.33632,-9829.47,0.372346,0.247771
7645000,3,-3.98788,-9827.36,0.737563,0.2472
7650000,3,-6.0342,-9828.61,3.32804,0.2348
7655000,4,-4.60723,-9813.41,0.185185,0.2358
7660000,5,-5.66046,-9807.26,0.433592,0.208
7665000,4,-4.83165,-9829.35,0.171061,0.251525
7670000,5,-6.03861,-9802.94,0.116572,0.2714
7675000,4,-5.05087,-9803.33,1.36933,0.2518
7680000,4,-6.3333,-9823.22,1.19013,0.245333
7685000,4,-5.1107,-9808.95,1.47709,0.2486
7690000,3,-5.00522,-9827.6,1.95929,0.2431
7695000,3,-3.495,-9827.38,0.503725,0.238178
7700000,3,-4.63733,-9824.96,1.65857,0.2102
7705000,4,-4.2712,-9807.69,0.0362407,0.22405
7710000,3,-3.03862,-9824.56,0.0855857,0.189
7715000,5,-6.31484,-9799.23,1.32238,0.2363
7720000,4,-4.6924,-9811.65,0.47404,0.2438
7725000,4,-3.81206,-9809.45,0.406242,0.2358
7730000,2,-5.43164,-9920.78,0.244901,0.34646
7735000,4,-4.83515,-9820.75,1.16889,0.23
7740000,4,-5.41739,-9819.32,1.89769,0.2388
7745000,4,-6.1356,-9819.36,1.04373,0.177686
7750000,3,-3.07019,-9828.8,0.298121,0.2473
7755000,3,-3.68089,-9829.91,0.662021,0.2442
7760000,4,-4.83463,-9818.44,0.258844,0.1828
7765000,3,-4.25048,-9821.18,1.30979,0.19488
7770000,3,-3.41922,-9821.4,0.544849,0.1784
7775000,2,-4.31871,-9836.39,2.17691,0.20485
7780000,3,-2.97884,-9821.74,0.143666,0.2026
7785000,3,-3.10848,-9819.7,0.237616,0.1928
7790000,3,-3.73892,-9823.64,0.692216,0.191633
7795000,3,-2.92022,-9819.5,0.0316572,0.1888
7800000,2,-2.80199,-9835.78,0.600741,0.20248
7805000,3,-3.49114,-9821.9,0.587178,0.197867
7810000,2,-3.55848,-9922.84,0.0174159,0.348925
7815000,3,-5.48997,-9822.19,2.50333,0.199
7820000,3,-3.67622,-9819.24,0.689644,0.1782
7825000,2,-2.94968,-9836.46,0.786128,0.20212
7830000,2,-2.49225,-9836.76,0.38799,0.1818
7835000,4,-4.04,-9806.47,3.95536e-05,0.248067
7840000,4,-4.80421,-9829.42,0.802982,0.197467
7845000,3,-4.20482,-9828.11,1.34131,0.2002
7850000,3,-4.31827,-9822.72,1.49808,0.189
7855000,4,-4.12614,-9800.93,0.282738,0.2464
7860000,2,-3.15907,-9842.26,1.02686,0.213567
7865000,3,-3.14256,-9831.48,0.223778,0.1822
7870000,3,-2.96366,-9830.03,0.0829969,0.2082
7875000,4,-4.56428,-9798.54,1.07942,0.21295
7880000,3,-3.1008,-9824.18,0.199587,0.192
7885000,3,-3.20134,-9822.57,0.393334,0.1886
7890000,5,-6.55035,-9799.54,0.203461,0.229133
7895000,4,-4.39761,-9795.08,0.924402,0.2508
7900000,4,-3.7062,-9801.26,0.00728392,0.2162
7905000,4,-5.03053,-9796.29,1.52549,0.211
7910000,3,-6.91957,-9843.94,1.44639,0.20586
7915000,2,-3.13396,-9842.63,0.980682,0.204
7920000,4,-5.60803,-9805.2,2.15879,0.2234
7925000,4,-3.82272,-9795.72,0.302725,0.2334
7930000,2,-2.39903,-9846.19,0.212397,0.200667
7935000,4,-3.48798,-9803.69,0.128891,0.2553
7940000,4,-4.77878,-9801.08,1.36864,0.2202
7945000,5,-6.58228,-9816.28,1.55198,0.264
7950000,3,-3.52469,-9822.99,0.589634,0.194123
7955000,4,-5.25283,-9802.3,0.343745,0.26
7960000,2,-2.19904,-9843.09,0.0360069,0.215
7965000,2,-2.86309,-9843.59,0.720852,0.199
7970000,4,-3.53505,-9805.41,0.0966064,0.276267
7975000,4,-4.54219,-9821.55,0.946935,0.1958
7980000,4,-4.28924,-9796.36,0.705711,0.2375
7985000,4,-5.31911,-9820.94,0.417084,0.179
7990000,4,-4.3498,-9805.35,0.750586,0.2206
7995000,4,-4.16257,-9797.13,0.583976,0.2482
8000000,2,-3.24158,-9844.61,1.10584,0.193029
8005000,4,-7.37706,-9798.97,3.82036,0.2238
8010000,3,-5.50312,-9823.44,2.58223,0.19956
8015000,2,-2.86183,-9842.6,0.654145,0.2024
8020000,2,-3.61787,-9846.7,1.43881,0.1968
8025000,4,-3.52018,-9800.4,0.0916707,0.23115
8030000,2,-6.26,-9927.36,0.890456,0.347927
8035000,4,-3.75125,-9800.09,0.203871,0.2229
8040000,3,-5.95937,-9821.76,3.07998,0.181633
8045000,4,-6.20106,-9798.67,2.71294,0.2399
8050000,2,-2.90185,-9839.91,0.749786,0.2067
8055000,4,-5.18823,-9816.78,1.17651,0.188533
8060000,3,-3.02957,-9819.88,0.168053,0.1742
8065000,3,-6.14095,-9816.98,3.23775,0.1764
8070000,2,-2.80929,-9840.03,0.609597,0.2016
8075000,3,-4.69368,-9819.47,1.76913,0.2025
8080000,3,-3.3792,-9818.61,0.438936,0.1926
8085000,3,-2.91869,-9822.38,0.122921,0.1996
8090000,3,-3.36806,-9824.08,0.539621,0.1764
8095000,3,-3.00107,-9826.01,0.130164,0.1838
8100000,4,-4.3491,-9798.73,0.762104,0.226255
8105000,4,-4.6052,-9802.52,0.953724,0.2256
8110000,4,-6.22076,-9797.05,2.43054,0.216
8115000,4,-4.92685,-9800.53,1.33714,0.2144
8120000,3,-5.70045,-9813.81,2.78195,0.21396
8125000,3,-2.9722,-9818.73,0.0437895,0.2114
8130000,4,-4.83042,-9811.77,0.792126,0.259
8135000,2,-8.03566,-9920.06,2.27569,0.358905
8140000,3,-3.27144,-9817.03,0.4679,0.2022
8145000,2,-3.39759,-9839.76,1.19687,0.19204
8150000,2,-3.75178,-9922.11,0.263156,0.3404
8155000,4,-4.25991,-9799.41,0.613572,0.223325
8160000,3,-7.04708,-9818.59,4.15642,0.2053
8165000,3,-4.84352,-9839.15,1.01114,0.21495
8170000,3,-7.07121,-9824.19,4.05049,0.1825
8175000,4,-4.57319,-9802.53,0.859956,0.232
8180000,4,-3.8428,-9802.13,0.0805123,0.2152
8185000,4,-3.83808,-9803.18,0.0278896,0.23
8190000,3,-3.245,-9820.61,0.270756,0.1951
8195000,3,-3.70623,-9820.76,0.73561,0.1886
8200000,2,-3.18284,-9841.82,0.919599,0.205429
8205000,2,-3.92247,-9844.11,1.64535,0.1842
8210000,4,-3.85281,-9805.96,0.0998873,0.221
8215000,2,-2.63789,-9842.12,0.419324,0.2107
8220000,2,-2.76739,-9844.01,0.525834,0.1952
8225000,3,-2.95997,-9826,0.037113,0.1934
8230000,3,-2.96199,-9825.85,0.0780349,0.1714
8235000,2,-3.96983,-9840.63,1.72249,0.178867
8240000,3,-2.83646,-9819.36,0.000148107,0.1773
8245000,3,-6.32556,-9822.48,3.49448,0.1812
8250000,3,-2.9499,-9824.84,0.147286,0.1872
8255000,3,-5.19342,-9814.75,2.27806,0.209244
8260000,3,-3.56324,-9816.05,0.575178,0.1994
8265000,2,-2.17891,-9835.86,0.0359027,0.217933
8270000,2,-5.13067,-9835.36,2.94925,0.1782
8275000,3,-2.93385,-9814.18,0.00125111,0.208533
8280000,3,-3.83651,-9816.56,0.880121,0.2036
8285000,2,-2.23875,-9837.24,0.106432,0.220667
8290000,3,-3.51023,-9822.42,0.516402,0.184525
8295000,3,-3.89664,-9822.43,0.902769,0.1998
8300000,2,-2.42966,-9835.96,0.209282,0.195067
8305000,3,-3.6491,-9818.53,0.722824,0.183533
8310000,3,-8.78049,-9821.22,5.77925,0.185467
8315000,3,-3.32843,-9816.59,0.427716,0.175
8320000,3,-3.23963,-9818.71,0.25527,0.1758
8325000,3,-3.07404,-9824.4,0.17063,0.1778
8330000,2,-3.24909,-9838.33,1.10356,0.183233
8335000,3,-3.95232,-9819.97,1.08729,0.2175
8340000,3,-3.01671,-9818.07,0.0642014,0.200033
8345000,3,-3.08684,-9821.55,0.192888,0.2001
8350000,2,-2.30099,-9839.92,0.142279,0.2046
8355000,3,-3.89353,-9819.84,0.927533,0.2003
8360000,3,-3.4593,-9816.88,0.535364,0.2126
8365000,4,-5.27158,-9817.02,0.300416,0.2092
8370000,3,-4.08413,-9829.24,1.08847,0.190533
8375000,3,-3.29346,-9820.15,0.269296,0.1818
8380000,3,-3.32836,-9824.38,0.29286,0.1578
8385000,3,-3.59048,-9821.82,0.543543,0.2084
8390000,3,-2.90834,-9821.09,0.0499608,0.184
8395000,2,-2.34157,-9842.06,0.0526909,0.191156
8400000,3,-3.12944,-9826.41,0.166811,0.1828
8405000,3,-5.19308,-9819.31,2.25291,0.2108
8410000,3,-3.0878,-9822.9,0.107661,0.17804
8415000,2,-3.69795,-9845.13,1.57489,0.18875
8420000,2,-2.38419,-9846.79,0.268039,0.2018
8425000,3,-4.98977,-9823.32,2.09418,0.19275
8430000,3,-4.23955,-9823.09,1.29801,0.1854
8435000,3,-2.94184,-9817.9,0.0260932,0.19212
8440000,2,-2.8522,-9834.22,0.662273,0.19285
8445000,2,-3.81008,-9833.95,1.6218,0.1938
8450000,3,-4.06734,-9822.96,1.16991,0.1828
8455000,2,-4.49359,-9835.51,2.27651,0.1962
8460000,4,-4.71536,-9816.79,0.962008,0.1982
8465000,3,-3.58139,-9824.26,0.692638,0.1938
8470000,3,-3.42976,-9816.13,0.47159,0.188371
8475000,2,-5.2063,-9837.1,2.99011,0.2024
8480000,3,-3.05811,-9821.22,0.167413,0.2016
8485000,3,-4.89376,-9817.82,1.96519,0.1776
8490000,3,-3.25611,-9823.39,0.296862,0.1734
8495000,4,-7.22362,-9816.85,0.133949,0.1866
8500000,3,-3.11196,-9819.58,0.192924,0.1764
8505000,4,-9.54685,-9816.59,4.1319,0.2012
8510000,3,-4.69728,-9824.82,1.84997,0.1952
8515000,3,-3.13206,-9819.07,0.230475,0.1758
8520000,1,-3.55236,-9939.11,0.838096,0.365216
8525000,3,-3.21782,-9823.63,0.260792,0.179914
8530000,4,-6.09994,-9823.44,0.928849,0.236782
8535000,3,-3.21138,-9816.47,0.253574,0.18545
8540000,3,-3.49322,-9817.51,0.545143,0.175333
8545000,3,-3.27456,-9820.37,0.31051,0.1803
8550000,3,-3.54536,-9821.19,0.600411,0.2005
8555000,3,-3.16497,-9821.91,0.184803,0.1802
8560000,3,-4.12394,-9825.21,0.639227,0.2502
8565000,3,-3.36785,-9820.47,0.488292,0.2007
8570000,3,-3.25137,-9819.61,0.398333,0.2122
8575000,3,-5.51529,-9814.78,2.50579,0.205
8580000,3,-7.07491,-9826.64,4.23999,0.1847
8585000,3,-3.69827,-9818.69,0.658737,0.1991
8590000,3,-3.26221,-9821.01,0.268525,0.17935
8595000,3,-3.1687,-9822.71,0.105372,0.1833
8600000,4,-5.2643,-9805.73,1.0423,0.2209
8605000,3,-3.1675,-9824.85,0.174989,0.178867
8610000,3,-5.33247,-9823.13,2.35346,0.1878
8615000,3,-3.42902,-9821.5,0.468356,0.1749
8620000,3,-2.98539,-9821.92,0.046035,0.1694
8625000,3,-6.05772,-9826.84,3.1544,0.1706
8630000,4,-5.28209,-9805.08,1.43656,0.2127
8635000,3,-3.92856,-9821.6,1.01219,0.2044
8640000,3,-3.3656,-9821.92,0.471386,0.194
8645000,4,-6.73651,-9807.03,3.07178,0.253933
8650000,4,-6.66984,-9806.67,2.82495,0.2236
8655000,3,-3.09128,-9820.21,0.152035,0.203222
8660000,4,-5.5765,-9799.52,1.85616,0.2162
8665000,3,-3.27179,-9827.69,0.266255,0.201
8670000,4,-4.71871,-9800.95,0.940311,0.21
8675000,4,-5.41119,-9804.19,1.80604,0.2384
8680000,3,-3.02431,-9820.35,0.0169619,0.1888
8685000,4,-4.0138,-9802.24,0.116496,0.2191
8690000,3,-4.25493,-9825,1.30126,0.1968
8695000,3,-3.68582,-9822.9,0.709609,0.1862
8700000,4,-3.55464,-9807.88,0.24702,0.242267
8705000,3,-3.66517,-9821.74,0.683277,0.176
8710000,3,-3.67065,-9824.54,0.614952,0.1696
8715000,2,-3.12066,-9840.67,0.884012,0.192693
8720000,2,-8.01376,-9840.1,5.77842,0.2102
8725000,3,-7.2951,-9834.25,2.27517,0.2736
8730000,4,-4.07789,-9795.48,0.4334,0.223833
8735000,4,-4.16383,-9799.98,0.408572,0.2072
8740000,1,-2.74726,-9942.02,0.749744,0.381177
8745000,3,-7.72299,-9841.81,0.0708985,0.21475
8750000,2,-2.51396,-9843.23,0.277518,0.2248
8755000,1,-3.10622,-9940.09,0.173807,0.381667
8760000,2,-2.82371,-9842.45,0.562442,0.2001
8765000,2,-3.42728,-9841.5,1.21044,0.182
8770000,2,-4.8483,-9841.7,2.66901,0.18995
8775000,3,-3.6421,-9816.03,0.762774,0.220775
8780000,3,-3.13893,-9816.63,0.1556,0.1988
8785000,3,-4.67367,-9814.29,1.56461,0.2328
8790000,3,-4.50472,-9929.08,0.0296736,0.362057
8795000,2,-3.93596,-9840.15,1.7379,0.2044
8800000,2,-2.89121,-9933.17,0.506188,0.4053
8805000,3,-3.09536,-9815.36,0.13844,0.2024
8810000,3,-3.26573,-9817.47,0.278729,0.2006
8815000,3,-3.62608,-9813.4,0.535699,0.2042
8820000,3,-3.68561,-9816.93,0.677449,0.1884
8825000,3,-4.14887,-9816.97,1.16363,0.209
8830000,3,-3.73371,-9815.54,0.789105,0.1924
8835000,2,-2.96282,-9840.11,0.76571,0.192157
8840000,2,-3.17003,-9841.02,0.987786,0.1912
8845000,2,-7.72787,-9840.98,5.48938,0.19508
8850000,2,-3.56531,-9844.16,1.29413,0.1836
8855000,3,-4.39684,-9814.28,1.49837,0.19512
8860000,2,-2.91512,-9843.73,0.658956,0.207267
8865000,2,-2.62394,-9842.16,0.325408,0.197467
8870000,2,-2.20541,-9844.01,0.000658577,0.1772
8875000,3,-3.71114,-9818.47,0.776813,0.2088
8880000,3,-5.65216,-9812.54,2.75932,0.202
8885000,4,-3.99218,-9815.13,0.314131,0.2216
8890000,2,-4.10257,-9842.81,1.84585,0.1865
8895000,2,-5.46465,-9936.53,1.17164,0.377284
8900000,3,-5.23388,-9813.96,2.47516,0.207
8905000,3,-5.48178,-9813.69,2.54666,0.2034
8910000,2,-3.93758,-9839.93,1.75736,0.202067
8915000,3,-5.15044,-9841.46,0.0407601,0.19232
8920000,2,-2.96094,-9844.84,0.786973,0.2064
8925000,3,-3.2437,-9819.6,0.494531,0.2097
8930000,2,-7.37124,-9841.78,5.19687,0.1843
8935000,3,-4.06439,-9818.41,1.28159,0.2073
8940000,3,-3.06881,-9816.07,0.100068,0.2018
8945000,3,-6.54794,-9840.01,2.72361,0.196267
8950000,2,-2.55175,-9844.5,0.430448,0.20385
8955000,3,-3.8161,-9821.93,0.935842,0.191333
8960000,3,-2.9214,-9823.81,0.115952,0.2192
8965000,3,-5.81237,-9926.59,0.564697,0.385943
8970000,2,-3.2224,-9839.53,1.01392,0.21336
8975000,3,-3.17436,-9819.54,0.268191,0.196267
8980000,2,-3.2255,-9843.34,0.994474,0.2024
8985000,2,-2.93218,-9841.72,0.747972,0.198533
8990000,2,-4.03428,-9844.09,1.93219,0.1914
8995000,2,-3.59049,-9844.55,1.39989,0.2213
9000000,2,-3.56884,-9839.87,1.37296,0.2135
9005000,2,-2.85187,-9844.22,0.601506,0.2008
9010000,2,-3.50885,-9931.82,0.286631,0.386133
9015000,2,-3.15232,-9843.45,1.08139,0.199667
9020000,2,-2.35778,-9839.95,0.227194,0.1926
9025000,2,-2.29501,-9841.7,0.0916418,0.19335
9030000,2,-3.75774,-9930.81,0.53263,0.37465
9035000,3,-4.06736,-9839.88,0.138646,0.184
9040000,3,-4.25941,-9818.11,1.30104,0.195923
9045000,3,-4.40987,-9820.19,1.40003,0.2302
9050000,2,-3.14406,-9840.88,0.910527,0.1992
9055000,3,-3.20343,-9821.06,0.238381,0.1914
9060000,2,-2.31714,-9837.4,0.198753,0.2028
9065000,3,-3.67984,-9819.84,0.794279,0.1897
9070000,3,-3.2149,-9818.33,0.340698,0.182
9075000,3,-2.99066,-9821.1,0.117844,0.1826
9080000,2,-3.42615,-9844.72,1.21413,0.191533
9085000,3,-4.6688,-9849.98,1.57694,0.216
9090000,3,-3.25991,-9839.11,0.437541,0.197533
9095000,2,-2.48765,-9844.91,0.274132,0.2138
9100000,4,-3.88088,-9819.43,0.043938,0.18684
9105000,2,-3.36351,-9843.3,1.18638,0.2048
9110000,2,-3.48365,-9842.35,1.38097,0.1922
9115000,2,-5.54276,-9841.18,3.41101,0.20392
9120000,3,-6.91898,-9844.66,0.963693,0.1986
9125000,3,-4.58812,-9822.55,1.70037,0.1868
9130000,2,-3.12152,-9841.08,0.96791,0.2291
9135000,2,-2.38384,-9840.88,0.235134,0.2392
9140000,2,-2.37189,-9840.44,0.206559,0.209
9145000,4,-4.9493,-9818.98,1.14788,0.20455
9150000,1,-4.71047,-9938.52,0.86474,0.387733
9155000,1,-4.75392,-9941.79,2.82168,0.4
9160000,2,-2.30444,-9843.14,0.158677,0.19924
9165000,2,-2.17198,-9842.31,0.0888016,0.2024
9170000,3,-3.40452,-9818.29,0.536616,0.18948
9175000,3,-4.90727,-9820.18,2.03823,0.1938
9180000,3,-4.71648,-9827.03,1.85162,0.1914
9185000,2,-3.55879,-9840.06,1.43481,0.1924
9190000,3,-3.61384,-9822.33,0.779375,0.1815
9195000,3,-3.57287,-9822.61,0.668354,0.1902
9200000,3,-4.3194,-9820.69,1.47156,0.1742
9205000,2,-3.41067,-9840.66,1.24394,0.199044
9210000,3,-3.07416,-9824.99,0.222792,0.1907
9215000,2,-3.20159,-9844.18,1.01879,0.193967
9220000,2,-3.31016,-9846.95,1.13753,0.1984
9225000,5,-10.4174,-9824.72,1.43814,0.188067
9230000,2,-2.34876,-9841.41,0.191459,0.1929
9235000,3,-3.71383,-9820.01,0.842104,0.1918
9240000,2,-2.63423,-9843.23,0.404626,0.2044
9245000,2,-2.25708,-9843.21,0.11441,0.19705
9250000,3,-2.78956,-9820.85,0.0177439,0.186067
9255000,3,-3.57116,-9847.92,0.047771,0.214
9260000,2,-5.09826,-9841.85,2.92378,0.189
9265000,3,-3.30704,-9819.44,0.385029,0.1868
9270000,3,-4.14361,-9825.46,1.26014,0.1714
9275000,3,-5.02719,-9820.17,2.15676,0.1814
9280000,2,-2.22025,-9847.38,0.0676872,0.1908
9285000,3,-3.57746,-9820.05,0.712839,0.2034
9290000,2,-2.75012,-9844.65,0.556792,0.1901
9295000,2,-4.29894,-9844.6,2.10206,0.173
9300000,2,-4.00463,-9841.66,1.81361,0.1902
9305000,2,-3.22473,-9845.1,1.11852,0.2056
9310000,3,-3.70931,-9820.26,0.853783,0.20624
9315000,2,-2.68811,-9846.76,0.579103,0.2061
9320000,3,-6.09326,-9838.05,2.82872,0.1976
9325000,4,-4.36024,-9820.14,0.842861,0.2072
9330000,3,-5.21754,-9819.4,2.425,0.207
9335000,3,-3.22984,-9813.46,0.309381,0.2022
9340000,3,-4.614,-9840.73,1.05817,0.18315
9345000,2,-2.65319,-9846.07,0.587983,0.2212
9350000,2,-3.36773,-9841.81,1.22451,0.19
9355000,2,-2.3145,-9843.59,0.192903,0.1864
9360000,2,-2.47173,-9841.12,0.345973,0.1746
9365000,3,-3.31358,-9823.41,0.508345,0.191667
9370000,2,-2.92118,-9839.5,0.786303,0.1991
9375000,2,-5.20638,-9844.11,3.01098,0.18812
9380000,3,-3.20539,-9818.93,0.220732,0.182133
9385000,2,-4.24893,-9839.07,2.0655,0.1858
9390000,2,-2.27791,-9840.93,0.0736592,0.2057
9395000,3,-4.44314,-9818.45,1.47565,0.1766
9400000,3,-3.93623,-9818.46,0.977322,0.173
9405000,2,-3.47785,-9842.74,1.2644,0.189733
9410000,3,-3.2651,-9827.37,0.225887,0.187
9415000,2,-3.45267,-9840.63,1.31074,0.189833
9420000,3,-4.01266,-9848.99,0.226843,0.215533
9425000,4,-4.22741,-9815.73,0.228836,0.175333
9430000,4,-3.90176,-9817.84,0.0930142,0.2186
9435000,2,-4.59367,-9839.25,2.4254,0.197733
9440000,2,-4.92414,-9842.84,2.87288,0.20064
9445000,2,-6.39467,-9838.61,4.2658,0.1862
9450000,2,-2.46948,-9844.05,0.27174,0.2168
9455000,2,-2.73065,-9837.22,0.531531,0.1974
9460000,3,-3.58008,-9829.61,0.350217,0.2053
9465000,4,-3.95599,-9820.45,0.306286,0.206429
9470000,3,-3.24723,-9816.79,0.319157,0.1886
9475000,2,-2.4784,-9836.37,0.310532,0.1985
9480000,3,-4.1776,-9829.96,1.17352,0.2237
9485000,3,-3.40462,-9817.18,0.487898,0.1752
9490000,3,-2.95561,-9824.69,0.00999228,0.1942
9495000,2,-2.7307,-9836.42,0.542717,0.18245
9500000,4,-7.01566,-9831.77,2.37135,0.2199
9505000,3,-3.31022,-9830.08,0.143556,0.2228
9510000,3,-3.75757,-9817.24,0.834942,0.18045
9515000,3,-3.10889,-9818.95,0.177721,0.187
9520000,3,-3.75624,-9819.4,0.840276,0.1724
9525000,3,-6.84258,-9815.51,3.97281,0.18
9530000,2,-2.29908,-9838.04,0.00318394,0.188571
9535000,2,-3.23445,-9840.23,1.03985,0.219233
9540000,2,-3.53841,-9840.7,1.37564,0.1808
9545000,3,-5.05679,-9822.71,2.07927,0.1947
9550000,2,-5.04651,-9845.4,2.82358,0.201
9555000,2,-2.77942,-9846.64,0.549374,0.1816
9560000,2,-2.17394,-9836.41,0.00069116,0.18165
9565000,2,-5.64537,-9837.43,3.51306,0.183
9570000,2,-3.85187,-9837.93,1.74815,0.173
9575000,3,-4.27551,-9848.3,1.65471,0.1976
9580000,3,-2.96067,-9826.58,0.0267346,0.184886
9585000,2,-2.59288,-9842.61,0.431482,0.1885
9590000,2,-2.27683,-9843.02,0.105299,0.1798
9595000,2,-5.33218,-9844.16,3.14073,0.19585
9600000,2,-2.4244,-9841.35,0.245446,0.2023
9605000,3,-4.38022,-9842.57,1.43292,0.1969
9610000,4,-6.57506,-9818.3,0.0886313,0.191733
9615000,2,-2.99468,-9843,0.807703,0.2034
9620000,2,-5.48144,-9844.3,3.32331,0.1734
9625000,3,-4.66965,-9822.03,1.84705,0.1808
9630000,2,-2.46313,-9841.39,0.276132,0.1922
9635000,2,-6.70848,-9843.69,4.48937,0.212
9640000,2,-4.77259,-9843.97,2.57248,0.188686
9645000,2,-2.87091,-9846.33,0.707027,0.197
9650000,2,-2.80051,-9843.02,0.627163,0.2004
9655000,3,-6.55549,-9839.3,2.69617,0.1896
9660000,2,-4.37196,-9843.84,2.19422,0.2328
9665000,3,-4.88971,-9817.73,1.8581,0.198575
9670000,3,-3.08455,-9817.29,0.0725943,0.1712
9675000,3,-6.94088,-9816.08,3.98373,0.1808
9680000,3,-2.97408,-9818.58,0.0564883,0.1768
9685000,3,-4.80442,-9819.64,1.76275,0.1756
9690000,1,-4.37408,-9939.76,0.607015,0.37966
9695000,2,-2.69178,-9845.23,0.549081,0.19335
9700000,3,-3.83073,-9841.66,0.479334,0.2136
9705000,2,-2.61996,-9844.16,0.401385,0.1862
9710000,3,-3.02966,-9820.05,0.0393511,0.19512
9715000,3,-4.09689,-9819.93,1.07605,0.1864
9720000,2,-4.25044,-9843.9,1.97047,0.184133
9725000,3,-5.7666,-9836.66,1.10296,0.2286
9730000,2,-2.35759,-9841.94,0.0898979,0.2134
9735000,2,-4.72178,-9835.23,2.53307,0.2004
9740000,2,-2.19285,-9840.69,0.0379952,0.1987
9745000,2,-2.47009,-9839.43,0.293047,0.2276
9750000,4,-5.98634,-9818.16,1.88856,0.203743
9755000,3,-3.99087,-9815.86,1.04538,0.2022
9760000,2,-2.86419,-9841.36,0.713513,0.185733
9765000,2,-3.12023,-9842.18,0.92167,0.1762
9770000,2,-3.2102,-9843.34,1.00199,0.203543
9775000,2,-2.31763,-9841.04,0.119101,0.1884
9780000,3,-5.33638,-9842.49,1.97841,0.188933
9785000,2,-3.15764,-9843.51,0.952785,0.2013
9790000,3,-3.64007,-9824.2,0.67603,0.199429
9795000,3,-3.92242,-9823.5,0.979982,0.1642
9800000,3,-7.34511,-9835.82,0.224199,0.180067
9805000,3,-5.99721,-9841.27,1.17554,0.19868
9810000,2,-2.97817,-9841.06,0.825018,0.1992
9815000,2,-5.42665,-9842.27,3.24517,0.209533
9820000,3,-2.94547,-9821.23,0.0939841,0.20268
9825000,2,-3.28586,-9840.42,1.09766,0.1858
9830000,2,-2.35081,-9840.99,0.165523,0.19305
9835000,2,-3.7631,-9840.76,1.60324,0.1893
9840000,2,-2.59184,-9839.19,0.50337,0.2078
9845000,2,-2.91965,-9838.1,0.813385,0.1968
9850000,2,-3.64836,-9834.58,1.44055,0.183
9855000,3,-3.53609,-9836.2,0.394713,0.1906
9860000,2,-3.18102,-9840.17,0.997182,0.1882
9865000,3,-3.50722,-9835.75,0.124843,0.1922
9870000,2,-5.15218,-9836.49,2.92934,0.2033
9875000,2,-3.69655,-9838.78,1.48445,0.2046
9880000,2,-2.29352,-9836.67,0.059506,0.188644
9885000,2,-6.49034,-9833.72,4.2775,0.19035
9890000,2,-3.24758,-9841.6,1.06096,0.1798
9895000,2,-2.33966,-9838.47,0.241203,0.200667
9900000,2,-3.27344,-9835.31,1.05329,0.2034
9905000,2,-2.41141,-9841.96,0.246548,0.197067
9910000,3,-5.80437,-9833.29,0.336215,0.1999
9915000,2,-3.38901,-9836.59,1.26397,0.2097
9920000,2,-2.4089,-9836.61,0.217167,0.1736
9925000,3,-5.21366,-9832.13,2.42837,0.2146
9930000,2,-2.35444,-9841.48,0.124532,0.20128
9935000,3,-3.31281,-9841.64,0.498193,0.1832
9940000,2,-2.18167,-9837.1,0.108622,0.1993
9945000,2,-2.51333,-9836.46,0.353693,0.1914
9950000,2,-2.34971,-9836.17,0.188256,0.2008
9955000,2,-2.99978,-9837.03,0.867273,0.1722
9960000,2,-2.93727,-9837.41,0.754532,0.229086
9965000,2,-2.23952,-9841.35,0.0783195,0.2037
9970000,2,-2.4394,-9838.84,0.324384,0.1898
9975000,2,-3.94627,-9838.25,1.79952,0.211533
9980000,2,-2.41254,-9838.06,0.208804,0.2027
9985000,2,-3.43446,-9838.2,1.26024,0.2007
9990000,3,-3.72932,-9839.91,0.158112,0.2037
9995000,2,-2.55093,-9845.11,0.29366,0.1967
