generation,N_shifts,logPrior,logLik,eventRate,acceptRate
1,0,-149.508,-509102,1,0
2001,10,-51.6751,-34991.4,1.24456,0.437
4001,18,70.8838,-30216.1,0.882826,0.432
6001,10,-46.2503,-28266.6,0.584745,0.417
8001,6,-108.946,-26917.2,1.02629,0.374
10001,4,-142.686,-26701.2,1.37037,0.335
12001,4,-142.202,-26645.4,0.337867,0.339
14001,4,-146.191,-26633.2,4.56447,0.303
16001,4,-142.141,-26597.1,0.167559,0.299
18001,4,-148.352,-26583.4,6.88708,0.31
20001,3,-158.007,-26454,0.742976,0.197
22001,4,-143.114,-26445.9,1.81148,0.236
24001,4,-141.994,-26441.2,0.330069,0.267
26001,4,-142.715,-26438.1,0.00594259,0.25
28001,5,-127.355,-26434.3,0.12542,0.292
30001,4,-142.844,-26434.7,0.65824,0.28
32001,5,-127.509,-26435.2,0.933357,0.276
34001,3,-157.348,-26443.7,0.42494,0.205
36001,4,-142.497,-26440.5,0.292961,0.282
38001,3,-156.969,-26428.5,0.788821,0.197
40001,4,-143.56,-26408.8,1.71346,0.227
42001,4,-139.789,-26378.1,0.309676,0.261
44001,5,-123.819,-26369.3,0.114127,0.341
46001,7,-97.9898,-26297.2,1.72912,0.302
48001,4,-142.938,-26281.2,2.57908,0.294
50001,4,-141.251,-26277.1,1.40453,0.28
52001,4,-141.651,-26281.9,1.42935,0.232
54001,4,-140.443,-26280.9,0.262105,0.268
56001,4,-140.302,-26277.1,1.057,0.243
58001,8,-79.0982,-26269.7,0.29797,0.377
60001,5,-125.314,-26266.1,0.894296,0.296
62001,6,-109.756,-26268.5,0.383586,0.31
64001,5,-125.067,-26261.9,1.25702,0.288
66001,5,21.1266,-26251.9,0.466842,0.261
68001,7,113.677,-26254.3,0.442497,0.397
70001,5,82.2588,-26250.4,0.885895,0.319
72001,5,84.0735,-26256.4,1.13609,0.339
74001,5,81.9282,-26263.3,0.987045,0.287
76001,5,82.2458,-26256.4,1.08007,0.339
78001,4,67.659,-26254.3,1.64062,0.274
80001,5,82.4461,-26254.8,0.110293,0.29
82001,4,62.9447,-26253.9,0.799136,0.303
84001,4,68.7685,-26263.3,0.63934,0.307
86001,6,98.4067,-26255.5,0.584373,0.352
88001,5,80.4124,-26254,3.87196,0.337
90001,4,66.0295,-26256,0.270412,0.307
92001,4,69.488,-26251.9,0.300015,0.276
94001,5,80.0358,-26251.7,3.53169,0.362
96001,5,83.9934,-26250.5,1.02554,0.345
98001,4,66.5447,-26251,1.94363,0.324
100001,5,84.6376,-26247.2,0.752206,0.313
102001,4,67.8971,-26251.1,1.58497,0.321
104001,4,62.7855,-26249.1,2.19712,0.271
106001,4,70.3439,-26251.4,0.0926613,0.375
108001,4,69.4381,-26250.2,0.153907,0.323
110001,4,68.3582,-26254.9,1.09653,0.288
112001,4,67.7796,-26252.2,0.273766,0.295
114001,5,85.2062,-26252.8,0.151697,0.331
116001,4,67.9803,-26249,0.208863,0.334
118001,4,67.0154,-26249.2,0.0852049,0.32
120001,4,69.9266,-26250.1,0.342078,0.293
122001,4,67.6995,-26252.9,0.385198,0.315
124001,4,65.3219,-26252.3,2.31128,0.333
126001,5,84.0181,-26253.9,1.36095,0.333
128001,4,68.0149,-26249.5,1.45196,0.296
130001,4,68.6084,-26251.8,0.0416416,0.341
132001,6,100.936,-26252.7,0.775955,0.338
134001,4,67.7239,-26249.8,1.37859,0.346
136001,4,68.902,-26255.4,0.816745,0.36
138001,4,65.5482,-26252.6,4.08489,0.337
140001,4,68.7474,-26250.6,0.277512,0.302
142001,4,67.7493,-26258.6,0.356647,0.3
144001,5,86.187,-26252.1,1.0472,0.331
146001,4,64.6665,-26259.6,0.898723,0.34
148001,4,68.4024,-26251.7,0.377829,0.3
150001,4,68.7708,-26254.5,0.81974,0.302
152001,4,69.0411,-26252.6,0.158771,0.309
154001,5,84.1365,-26255.6,0.746677,0.291
156001,4,68.1193,-26251.4,0.542402,0.331
158001,4,69.3837,-26255.8,0.0466672,0.322
160001,4,65.2874,-26255.1,2.53668,0.307
162001,4,68.8413,-26258,0.0867569,0.309
164001,4,67.1304,-26253.1,1.70828,0.289
166001,4,68.3132,-26255.4,1.00933,0.337
168001,4,68.4416,-26258.3,0.389567,0.342
170001,5,82.7277,-26250.1,1.54522,0.352
172001,5,80.5225,-26251.8,1.72228,0.321
174001,4,67.3583,-26257.1,0.0903862,0.32
176001,6,99.412,-26250.2,1.12066,0.378
178001,6,102.133,-26222.7,0.0284079,0.415
180001,4,68.5312,-26218.8,0.251203,0.315
182001,4,62.843,-26223.2,0.717483,0.276
184001,4,69.2344,-26222.7,0.395001,0.308
186001,4,67.4268,-26219.5,0.384445,0.299
188001,4,66.4535,-26223.4,1.13357,0.306
190001,7,113.324,-26218.5,3.12406,0.366
192001,4,69.758,-26217.7,0.379896,0.304
194001,5,81.0704,-26223.1,0.399977,0.338
196001,5,80.2876,-26221,1.07201,0.377
198001,4,68.7784,-26220.9,0.0151269,0.301
200001,4,69.7327,-26221,0.195153,0.288
202001,4,68.9133,-26223.4,0.243379,0.32
204001,4,70.0102,-26221,0.259972,0.297
206001,4,69.4881,-26219.3,0.0188043,0.349
208001,4,64.8567,-26222.6,2.55136,0.293
210001,4,69.6227,-26223.3,0.272422,0.291
212001,5,84.6645,-26223.2,0.491752,0.31
214001,4,68.0244,-26224.9,1.17264,0.297
216001,4,67.3899,-26224.4,0.628544,0.295
218001,4,69.6079,-26222.2,0.560934,0.314
220001,5,85.828,-26219.7,0.117503,0.322
222001,4,68.665,-26223.6,0.361679,0.338
224001,4,66.1918,-26223.6,0.236802,0.302
226001,4,67.7616,-26220.8,0.982613,0.288
228001,4,67.9671,-26221.4,0.368716,0.311
230001,4,66.9852,-26221.8,0.945757,0.357
232001,4,66.782,-26221.1,0.615416,0.349
234001,4,68.438,-26221.7,1.36687,0.316
236001,4,67.3011,-26220.3,1.7894,0.297
238001,4,68.4966,-26222.1,0.604569,0.333
240001,4,67.7494,-26221.5,0.349864,0.312
242001,4,66.4642,-26220.6,0.651399,0.311
244001,4,67.9723,-26223.1,0.186406,0.366
246001,4,68.708,-26222.7,0.541261,0.327
248001,5,78.2005,-26219.9,1.25061,0.322
250001,4,64.4827,-26226.1,0.23048,0.301
252001,4,69.0502,-26226.8,0.43192,0.31
254001,4,69.2747,-26226.9,0.492297,0.314
256001,4,68.0899,-26221.4,0.771998,0.31
258001,4,69.3383,-26225.3,0.347911,0.291
260001,4,69.6031,-26223.4,0.270665,0.284
262001,4,69.0261,-26221.6,0.594144,0.345
264001,4,67.5036,-26222.5,0.141706,0.299
266001,5,84.5679,-26225,0.110177,0.313
268001,5,83.6545,-26223.4,0.129329,0.345
270001,4,65.8135,-26225.5,1.15503,0.334
272001,4,68.7111,-26225.5,0.719367,0.3
274001,4,66.4895,-26224.5,0.759835,0.304
276001,4,68.0468,-26225.1,0.261377,0.261
278001,4,68.602,-26225.8,0.103898,0.299
280001,4,66.8547,-26222.7,1.994,0.316
282001,4,64.7777,-26222.3,0.299055,0.286
284001,4,63.8355,-26223.6,0.821257,0.314
286001,4,68.1945,-26225.4,1.18011,0.295
288001,4,66.7014,-26229,0.0567605,0.293
290001,6,101.377,-26226,0.41251,0.36
292001,4,64.0038,-26221.9,1.75588,0.344
294001,4,67.9848,-26223.4,0.726533,0.385
296001,4,68.8126,-26225.6,0.80756,0.355
298001,5,77.0523,-26223.1,1.22361,0.329
300001,4,67.3099,-26224.1,1.76013,0.35
302001,4,68.1201,-26228.8,0.639884,0.332
304001,5,85.2256,-26229.9,0.576772,0.303
306001,4,65.9085,-26225.7,0.437391,0.284
308001,4,68.5003,-26227.6,0.678616,0.326
310001,4,69.4901,-26226.4,0.434417,0.315
312001,4,70.3697,-26226.6,0.126486,0.306
314001,4,68.9981,-26224.9,0.785171,0.343
316001,5,82.3993,-26221.9,0.0060513,0.294
318001,4,68.7001,-26225.5,0.877107,0.285
320001,5,76.2626,-26225.7,6.56007,0.292
322001,5,85.1364,-26224.8,0.497121,0.322
324001,5,84.0634,-26219,0.419014,0.351
326001,4,69.4886,-26222.2,0.254596,0.326
328001,4,66.8046,-26221.5,0.631687,0.278
330001,4,64.3728,-26222.8,2.41717,0.322
332001,4,70.1239,-26222.4,0.59675,0.303
334001,5,83.8206,-26220.4,0.455217,0.32
336001,5,80.4688,-26222.4,1.10749,0.312
338001,4,69.4688,-26223,0.118701,0.338
340001,4,66.8941,-26227.1,0.636767,0.4
342001,5,81.4797,-26223.7,1.18391,0.349
344001,4,70.4584,-26223.1,0.259513,0.284
346001,4,70.5031,-26226.6,0.0265936,0.331
348001,5,83.5073,-26224.2,0.251909,0.3
350001,4,66.9353,-26222.9,0.623469,0.285
352001,5,80.9138,-26222.5,2.48897,0.319
354001,4,68.067,-26221.5,0.914864,0.287
356001,4,67.1531,-26220.2,0.385562,0.329
358001,4,63.2199,-26222.5,3.89055,0.329
360001,4,68.3756,-26221.7,0.703569,0.305
362001,4,66.0681,-26221.7,0.250448,0.301
364001,4,65.753,-26221.9,0.645552,0.336
366001,4,63.8484,-26228.6,0.883987,0.326
368001,5,81.1005,-26224.9,1.5017,0.292
370001,5,80.6949,-26219.8,1.56153,0.357
372001,4,64.8086,-26225.2,1.55783,0.345
374001,5,83.9674,-26223.3,0.0824828,0.31
376001,4,62.938,-26220.9,4.26448,0.293
378001,5,81.762,-26219.1,0.250146,0.317
380001,4,69.1435,-26220.9,0.710736,0.292
382001,4,67.5739,-26221,0.220915,0.314
384001,4,69.4502,-26219.8,0.0497091,0.314
386001,4,66.5071,-26221.1,1.00789,0.343
388001,5,83.0744,-26218.9,0.821658,0.35
390001,4,64.8314,-26225.7,0.117338,0.277
392001,4,65.4246,-26219.5,1.12961,0.329
394001,4,68.4526,-26221.1,1.18191,0.31
396001,5,83.223,-26221.6,0.133368,0.344
398001,5,85.7381,-26225,0.209872,0.355
400001,4,69.3386,-26226.1,1.19094,0.322
402001,4,63.0356,-26225.8,1.36489,0.295
404001,4,66.4198,-26225.4,0.68735,0.258
406001,4,69.0137,-26225.7,0.748034,0.304
408001,4,68.172,-26220.9,0.659169,0.296
410001,4,69.7504,-26220.6,0.184409,0.315
412001,5,84.0367,-26217.4,0.507926,0.345
414001,4,67.0508,-26221.7,2.12571,0.31
416001,4,65.6815,-26222.2,1.50917,0.323
418001,4,70.0408,-26220.1,0.107669,0.298
420001,4,65.9296,-26220.8,3.51124,0.3
422001,4,67.0171,-26219.9,1.49033,0.347
424001,5,83.6221,-26224.6,1.0007,0.355
426001,4,68.1806,-26224.8,0.241625,0.288
428001,4,67.6305,-26221.2,2.59079,0.386
430001,4,68.7896,-26223.7,1.22724,0.36
432001,4,69.2348,-26223.2,0.411881,0.315
434001,4,67.0644,-26224.8,0.412137,0.317
436001,5,77.8663,-26221.3,1.01698,0.353
438001,4,70.0449,-26223.6,0.115782,0.336
440001,4,67.689,-26222.1,0.334512,0.315
442001,4,69.2902,-26221.4,0.101261,0.365
444001,6,100.11,-26224.3,0.0499279,0.382
446001,5,83.9547,-26223.4,0.201395,0.325
448001,5,83.0265,-26222.2,0.921134,0.341
450001,4,67.8635,-26224,0.395512,0.29
452001,4,65.2705,-26228.4,1.41029,0.319
454001,5,80.9933,-26225.8,1.36816,0.353
456001,4,67.0721,-26222.9,0.8619,0.295
458001,4,64.441,-26222.4,3.41732,0.319
460001,4,68.3239,-26223.9,0.353996,0.32
462001,4,69.2406,-26223.5,0.211474,0.315
464001,4,65.935,-26227,1.7179,0.297
466001,4,68.4109,-26225.5,0.890349,0.309
468001,5,79.4353,-26225.4,2.11439,0.318
470001,4,69.5759,-26221.2,0.43312,0.316
472001,4,69.2905,-26223.9,0.508916,0.32
474001,4,66.0793,-26224,1.56075,0.366
476001,4,68.4293,-26225.4,1.38081,0.281
478001,4,63.953,-26225.6,2.07523,0.309
480001,5,81.1382,-26226.6,0.706621,0.31
482001,5,82.5937,-26222.1,0.376956,0.314
484001,4,69.2156,-26223.1,0.559706,0.286
486001,6,95.3686,-26219.4,0.918866,0.346
488001,4,66.119,-26216,1.96116,0.302
490001,4,70.0364,-26220.6,0.711908,0.321
492001,4,68.3708,-26220.2,0.349775,0.329
494001,4,69.9948,-26221.2,0.188476,0.326
496001,6,99.4074,-26216.6,0.595052,0.327
498001,4,67.9223,-26219.3,1.08447,0.251
500001,5,82.3252,-26217.5,0.679931,0.359
502001,4,67.8897,-26220.5,1.20585,0.267
504001,4,68.6685,-26225.6,0.702199,0.273
506001,5,78.6064,-26220.1,3.44458,0.423
508001,4,66.7798,-26222.1,1.54606,0.291
510001,4,67.0355,-26227.4,0.0349661,0.31
512001,4,64.2596,-26227.3,0.464795,0.288
514001,5,84.4647,-26224.7,0.734479,0.276
516001,4,59.8912,-26221.6,4.99681,0.297
518001,4,69.6818,-26221,0.172727,0.343
520001,4,66.6651,-26219.3,2.24124,0.315
522001,5,81.5466,-26224.1,2.71696,0.351
524001,5,84.6792,-26217.7,1.08437,0.321
526001,5,81.2938,-26217,2.07597,0.346
528001,4,67.8908,-26220.9,1.69217,0.32
530001,4,69.148,-26218.6,0.253463,0.332
532001,5,83.9946,-26218.1,1.36326,0.326
534001,5,83.8389,-26216.5,0.0490923,0.346
536001,5,82.6928,-26215.2,2.12733,0.325
538001,4,69.119,-26217.2,0.359137,0.271
540001,4,69.5613,-26218.8,0.852128,0.374
542001,4,66.6397,-26218,0.666662,0.291
544001,4,69.8953,-26218.6,0.178648,0.306
546001,5,82.1225,-26215.2,0.383244,0.332
548001,4,68.9943,-26218,1.14441,0.304
550001,4,66.8232,-26218.5,1.63324,0.334
552001,4,69.2839,-26217.9,1.32684,0.282
554001,5,79.4811,-26221.7,2.11698,0.349
556001,6,98.5996,-26227.1,1.23231,0.384
558001,4,65.2786,-26218.4,1.87259,0.298
560001,4,69.4544,-26215.9,0.0909921,0.28
562001,4,69.9129,-26217,0.200312,0.29
564001,4,67.0192,-26217.6,0.168925,0.304
566001,4,68.5032,-26217.1,0.365216,0.275
568001,5,84.1551,-26214.1,1.55808,0.335
570001,4,70.0008,-26219.4,0.577315,0.388
572001,4,67.8789,-26218.7,1.07563,0.308
574001,5,82.0969,-26220.8,0.83546,0.388
576001,5,85.4026,-26223.5,0.292937,0.292
578001,4,65.6594,-26221.4,2.31798,0.304
580001,4,67.1048,-26221,0.161384,0.341
582001,5,84.6332,-26219.4,0.236479,0.316
584001,4,65.1395,-26217.9,1.23755,0.319
586001,4,69.343,-26223.8,0.671277,0.331
588001,5,83.6642,-26219.2,1.20371,0.364
590001,5,82.1164,-26217.7,0.322395,0.339
592001,6,94.7742,-26216.8,3.42183,0.361
594001,5,80.6917,-26211.6,1.69217,0.347
596001,4,68.9695,-26221.1,1.27278,0.317
598001,5,83.3087,-26221.5,1.49761,0.327
600001,4,68.7185,-26218.6,0.922027,0.308
602001,5,82.6336,-26214.6,0.513225,0.363
604001,5,83.5265,-26214.3,0.671248,0.406
606001,4,69.284,-26219.6,0.00107007,0.359
608001,5,80.696,-26220,0.238947,0.34
610001,4,68.215,-26221.6,1.57762,0.33
612001,4,69.2897,-26219.7,0.553571,0.335
614001,5,83.1473,-26219.4,0.104664,0.378
616001,5,83.7274,-26219.5,0.242274,0.312
618001,4,68.0304,-26223.3,0.574886,0.306
620001,4,65.9934,-26219,1.39311,0.342
622001,6,97.2167,-26217.7,0.255248,0.357
624001,5,83.8342,-26218.7,1.56591,0.315
626001,4,67.5919,-26219.4,0.0587422,0.331
628001,5,85.2522,-26227.6,0.0464694,0.308
630001,5,81.5561,-26223,2.20046,0.32
632001,5,83.4887,-26221.7,1.4022,0.312
634001,5,81.7785,-26220.9,0.373059,0.345
636001,4,60.4123,-26223.3,4.09016,0.303
638001,4,66.6767,-26225.4,0.66565,0.32
640001,4,63.4238,-26220.3,2.27641,0.339
642001,4,67.124,-26226.8,0.796121,0.305
644001,5,82.9132,-26222.1,0.187956,0.364
646001,4,64.2559,-26217.2,5.77185,0.3
648001,4,63.1219,-26219.6,1.21795,0.294
650001,4,68.5545,-26217.9,0.940517,0.282
652001,4,68.929,-26219,0.743658,0.341
654001,4,68.0795,-26227.2,1.1186,0.356
656001,4,65.9687,-26222.9,2.74659,0.279
658001,4,68.3652,-26222.4,0.118623,0.291
660001,4,64.9046,-26221.4,2.84407,0.307
662001,4,66.8409,-26219.2,0.595714,0.331
664001,4,67.3311,-26222.3,0.41094,0.29
666001,4,68.5049,-26216,1.63933,0.374
668001,4,69.1028,-26219.3,0.130707,0.317
670001,4,66.5093,-26216.9,2.18173,0.289
672001,4,68.5078,-26219.1,0.264282,0.297
674001,5,83.7419,-26221.6,0.237088,0.32
676001,4,66.8729,-26220.4,2.54161,0.295
678001,4,68.1542,-26221,0.822687,0.359
680001,7,108.933,-26221.2,4.51045,0.335
682001,4,68.8835,-26222.9,0.700026,0.289
684001,4,68.3054,-26221.6,0.113193,0.305
686001,4,66.17,-26217.7,1.28422,0.295
688001,4,67.395,-26222.5,1.54442,0.304
690001,5,80.7808,-26222.7,1.28513,0.362
692001,4,62.3,-26212.3,0.655785,0.302
694001,4,68.359,-26209,0.771647,0.307
696001,5,84.2297,-26204.6,1.37534,0.309
698001,5,84.7378,-26212.8,0.475745,0.334
700001,4,68.0064,-26209.6,0.905075,0.277
702001,5,82.7809,-26207.1,0.00230286,0.322
704001,4,69.6766,-26208.3,0.751545,0.316
706001,4,68.225,-26210.1,1.56567,0.321
708001,4,69.3846,-26207.7,0.123237,0.298
710001,4,69.6934,-26208,0.766011,0.32
712001,4,68.9849,-26207.2,0.164816,0.351
714001,4,68.19,-26209.1,1.20747,0.28
716001,4,64.2527,-26208.5,4.54962,0.3
718001,6,95.814,-26212.3,0.0134086,0.356
720001,4,69.2871,-26212,0.0456879,0.337
722001,5,81.8151,-26209.1,1.56699,0.327
724001,4,67.9096,-26213.9,1.07533,0.322
726001,4,70.4485,-26211.3,0.217355,0.301
728001,5,84.468,-26209.5,0.567671,0.333
730001,5,84.4931,-26211.5,0.207068,0.338
732001,4,70.4326,-26214.8,0.16082,0.313
734001,4,67.7899,-26214.6,1.00972,0.296
736001,4,68.2905,-26212.3,0.676819,0.31
738001,5,83.9727,-26212.6,0.955297,0.341
740001,4,69.4278,-26214,0.615578,0.281
742001,4,68.9874,-26210.9,0.904457,0.312
744001,4,69.1443,-26219,0.61444,0.338
746001,5,82.6097,-26210.8,0.381893,0.307
748001,5,82.6921,-26206.3,0.286261,0.354
750001,5,76.9069,-26204.4,1.59933,0.348
752001,5,85.7034,-26209.5,0.608182,0.331
754001,4,70.3598,-26210.8,0.0345288,0.311
756001,4,68.031,-26212.7,1.60932,0.335
758001,6,96.5104,-26209.8,1.1793,0.356
760001,4,68.5036,-26209.3,1.63685,0.302
762001,5,81.8034,-26209.9,3.1648,0.382
764001,4,67.1764,-26210.3,0.930322,0.318
766001,4,68.4401,-26213.1,0.151906,0.283
768001,4,66.9344,-26209.2,0.500084,0.324
770001,4,69.9482,-26210.1,0.480392,0.367
772001,4,70.1839,-26207.5,0.318125,0.314
774001,5,84.3826,-26211.3,0.117716,0.383
776001,4,67.0246,-26207.4,0.981828,0.313
778001,6,99.9733,-26206.4,0.82789,0.351
780001,5,84.9206,-26208.2,0.162921,0.34
782001,4,69.2306,-26209.7,0.425302,0.289
784001,6,96.7282,-26208.6,1.57057,0.321
786001,4,62.5399,-26212.7,1.45797,0.309
788001,4,69.5868,-26210,0.162928,0.331
790001,4,67.7853,-26211.6,0.810315,0.28
792001,6,98.8183,-26207.7,0.567738,0.375
794001,5,85.1377,-26211.1,0.210955,0.323
796001,4,66.2015,-26213.1,0.120709,0.3
798001,4,66.5706,-26210.7,1.71378,0.333
800001,5,75.4154,-26211.7,3.30349,0.319
802001,4,68.8838,-26217.2,0.0494611,0.304
804001,4,64.8162,-26213,1.60739,0.3
806001,6,98.6839,-26212,0.201221,0.358
808001,4,65.8292,-26217.2,1.09985,0.301
810001,4,67.5717,-26212.2,0.114478,0.325
812001,4,68.5667,-26217.1,0.483491,0.299
814001,4,65.8555,-26219,2.9958,0.278
816001,4,63.7147,-26213.4,2.10944,0.324
818001,7,113.605,-26208.4,0.149572,0.344
820001,5,84.9709,-26206.2,0.646009,0.391
822001,5,81.517,-26205.5,1.92109,0.343
824001,5,82.5514,-26205.6,0.0584509,0.337
826001,4,68.5787,-26219.1,0.227266,0.319
828001,4,68.1926,-26213.5,0.194187,0.311
830001,4,68.2475,-26213.6,0.991527,0.337
832001,4,70.5224,-26212.2,0.113492,0.338
834001,5,83.8568,-26213.4,0.473941,0.34
836001,4,68.5978,-26210.5,0.115524,0.343
838001,4,70.3376,-26210.1,0.26937,0.303
840001,5,83.0064,-26213.1,0.18445,0.355
842001,4,69.5502,-26211.8,0.291873,0.319
844001,5,81.5365,-26210.5,1.53068,0.316
846001,4,67.5683,-26213.7,3.00911,0.313
848001,4,65.8881,-26211,0.217662,0.282
850001,4,69.7085,-26213.2,0.543314,0.332
852001,4,64.0097,-26210.6,1.87458,0.313
854001,4,64.7101,-26210.6,1.46939,0.317
856001,4,69.8082,-26210.7,0.153614,0.292
858001,4,63.3878,-26210.2,3.81738,0.296
860001,5,83.3546,-26212.4,0.403591,0.329
862001,4,65.6413,-26209.8,0.408266,0.291
864001,5,84.3666,-26211,0.265106,0.358
866001,4,66.9763,-26210.1,0.0373502,0.271
868001,4,67.5565,-26215.8,1.5575,0.284
870001,4,66.9109,-26215.6,2.8441,0.295
872001,4,65.7915,-26211.1,0.136891,0.311
874001,4,69.3337,-26214.2,1.05291,0.321
876001,4,69.0907,-26210.8,0.903744,0.279
878001,4,69.9313,-26214.5,0.0325636,0.31
880001,4,68.05,-26212,0.662749,0.331
882001,4,66.0324,-26210.6,3.26781,0.328
884001,4,69.7315,-26219.8,0.376783,0.354
886001,6,99.3919,-26211.1,0.238759,0.343
888001,4,66.4361,-26213.5,0.0139908,0.312
890001,5,81.4075,-26215.8,1.43863,0.349
892001,5,83.3747,-26212.2,0.859232,0.308
894001,4,67.741,-26212.1,1.78787,0.373
896001,4,65.8339,-26209.6,2.78967,0.299
898001,4,67.3439,-26211.4,1.05238,0.311
900001,4,69.3859,-26211,0.442069,0.303
902001,5,82.421,-26210.8,2.42729,0.368
904001,4,68.7258,-26210.4,0.704003,0.295
906001,4,67.9153,-26215.3,1.38039,0.306
908001,4,69.3638,-26208.1,0.694643,0.33
910001,4,69.4844,-26208.7,0.183048,0.288
912001,5,86.2317,-26208.8,0.43694,0.35
914001,4,67.1562,-26208.4,2.12621,0.313
916001,5,79.1794,-26212.1,5.00889,0.369
918001,4,68.1017,-26209.9,1.12754,0.292
920001,4,69.4765,-26208.1,0.120133,0.298
922001,4,69.9767,-26211.2,0.0413724,0.292
924001,4,69.8182,-26209.6,0.112596,0.312
926001,6,95.8958,-26205.8,0.344378,0.329
928001,6,97.2836,-26205.4,0.532268,0.342
930001,4,69.6826,-26211.4,1.05078,0.332
932001,5,83.2031,-26210.6,2.53986,0.374
934001,4,69.3566,-26208.3,0.466557,0.337
936001,4,68.016,-26208.8,0.0349226,0.304
938001,4,66.1496,-26215,0.118755,0.324
940001,4,66.1701,-26212.9,2.53482,0.302
942001,5,82.6056,-26210.7,0.639729,0.324
944001,4,66.4416,-26214.5,0.539322,0.337
946001,5,81.2491,-26213.7,0.912355,0.329
948001,4,65.8239,-26209.8,0.832572,0.297
950001,4,67.8324,-26210,1.93622,0.299
952001,5,81.1257,-26208.4,0.570727,0.348
954001,4,62.1897,-26212.6,2.69934,0.338
956001,4,68.7492,-26210.5,1.04416,0.302
958001,4,67.0651,-26211.4,1.52302,0.296
960001,5,83.2692,-26213.2,1.4451,0.296
962001,4,67.1762,-26214,2.60386,0.333
964001,5,85.0869,-26203.5,1.13935,0.367
966001,5,84.3547,-26207.4,1.04864,0.369
968001,5,81.6039,-26202.6,0.640891,0.321
970001,6,100.78,-26202.4,1.03758,0.368
972001,5,83.3156,-26204.1,1.1774,0.368
974001,7,114.162,-26205.5,1.10491,0.434
976001,5,81.1373,-26206.8,1.16879,0.316
978001,5,82.6056,-26204.2,1.19051,0.318
980001,6,97.7635,-26202.6,3.59296,0.413
982001,6,98.6184,-26207.3,3.83993,0.366
984001,5,82.7613,-26208.3,1.37891,0.358
986001,5,82.5021,-26202.6,2.26135,0.328
988001,6,99.1227,-26204,0.0784664,0.357
990001,6,99.0681,-26202.2,0.675797,0.344
992001,5,86.1884,-26206.7,0.153953,0.368
994001,4,69.9304,-26213.8,0.228106,0.329
996001,4,66.9715,-26215.7,0.0225138,0.33
998001,4,69.2683,-26211,0.468751,0.362
1000001,5,81.8938,-26213.3,0.994796,0.324
1002001,4,69.512,-26214.7,0.0834677,0.296
1004001,4,67.2711,-26207.9,0.295292,0.274
1006001,4,70.0028,-26211,0.492608,0.322
1008001,4,64.2316,-26212,5.78521,0.299
1010001,4,68.3371,-26208.4,0.95377,0.324
1012001,4,68.86,-26208.7,0.186429,0.313
1014001,4,64.9485,-26215.6,1.93032,0.301
1016001,4,64.5204,-26209.9,2.84143,0.288
1018001,4,67.3181,-26208.9,0.223599,0.282
1020001,4,67.6246,-26213,0.691057,0.319
1022001,4,69.8033,-26211.5,0.189629,0.301
1024001,4,69.4059,-26211.8,0.521095,0.33
1026001,4,68.3615,-26211.1,0.148532,0.299
1028001,4,67.3958,-26210.4,1.79036,0.327
1030001,4,69.8358,-26211.6,0.490868,0.32
1032001,5,86.7864,-26207.7,0.218524,0.304
1034001,4,66.6874,-26209.2,1.60263,0.342
1036001,5,85.3643,-26210.4,0.334064,0.34
1038001,5,85.6172,-26213.5,0.173924,0.321
1040001,4,67.7057,-26217.7,0.0247875,0.289
1042001,4,66.8756,-26211.2,0.910737,0.322
1044001,4,68.5883,-26217.6,0.091325,0.3
1046001,5,83.3858,-26212.8,0.578941,0.355
1048001,4,68.9792,-26210.4,0.261938,0.282
1050001,5,83.2087,-26209.8,1.33437,0.317
1052001,5,80.3641,-26211,0.962404,0.373
1054001,6,99.7622,-26211.6,1.85626,0.286
1056001,5,83.0265,-26215,0.329631,0.317
1058001,5,84.7138,-26210.1,0.531582,0.378
1060001,4,65.0999,-26210.8,0.246984,0.371
1062001,4,68.6657,-26209.9,0.206797,0.315
1064001,4,64.3559,-26215.7,0.272692,0.299
1066001,6,97.501,-26211.8,1.11302,0.377
1068001,4,61.7785,-26215.5,1.27816,0.306
1070001,4,67.2324,-26211.2,0.536302,0.328
1072001,4,70.0987,-26209.5,0.0200482,0.284
1074001,4,68.4112,-26209,0.704074,0.307
1076001,4,65.9737,-26209.6,1.55901,0.304
1078001,4,66.6135,-26211.5,0.193817,0.299
1080001,4,66.3988,-26210.2,0.35959,0.289
1082001,5,81.8745,-26208.9,2.279,0.299
1084001,4,66.0392,-26206.4,0.166737,0.297
1086001,4,68.5108,-26208.7,1.08343,0.299
1088001,4,67.7602,-26210.6,0.824994,0.294
1090001,4,69.3046,-26214.6,0.150881,0.303
1092001,4,67.2729,-26208.7,2.0081,0.302
1094001,5,78.2025,-26208.4,0.0776359,0.323
1096001,5,80.6822,-26211.6,1.93948,0.321
1098001,5,85.3588,-26216.2,0.236693,0.369
1100001,4,68.6376,-26209.9,0.840831,0.36
1102001,5,82.7319,-26211,1.49064,0.33
1104001,4,67.6544,-26208.1,2.21726,0.355
1106001,6,96.4675,-26211.7,0.143141,0.391
1108001,4,69.4897,-26209.6,0.0913245,0.358
1110001,4,66.0356,-26209.2,0.390562,0.3
1112001,4,68.1202,-26206.9,0.861863,0.34
1114001,5,81.5608,-26208.6,1.13815,0.315
1116001,4,68.5639,-26207.7,1.11319,0.293
1118001,4,69.2186,-26209.6,0.0914558,0.298
1120001,4,69.1424,-26209.1,0.0784356,0.289
1122001,4,66.8622,-26212.2,1.02974,0.292
1124001,4,66.1636,-26210.1,1.26503,0.278
1126001,5,85.2677,-26211.1,0.0478475,0.297
1128001,4,68.9269,-26208.3,0.6084,0.297
1130001,4,64.0462,-26211.1,3.14444,0.279
1132001,4,66.5523,-26211.2,1.55756,0.268
1134001,5,80.3369,-26208.2,0.430157,0.314
1136001,5,76.6183,-26213.6,0.503692,0.367
1138001,4,68.0826,-26210.5,0.463533,0.315
1140001,4,68.0849,-26212.1,1.60911,0.339
1142001,5,85.0051,-26211.3,0.02796,0.337
1144001,6,98.1345,-26215.9,3.33033,0.385
1146001,4,65.4206,-26210,4.22415,0.292
1148001,4,69.1009,-26214.2,0.294604,0.278
1150001,4,69.4318,-26208.3,0.711229,0.329
1152001,4,68.6767,-26209.8,0.215018,0.333
1154001,6,96.363,-26204.4,0.9598,0.35
1156001,4,68.9991,-26210.6,1.74553,0.313
1158001,4,69.9894,-26206.7,0.112337,0.287
1160001,4,66.3096,-26211.2,0.976708,0.306
1162001,4,69.024,-26212.1,0.317556,0.326
1164001,5,82.0802,-26211.5,0.882445,0.302
1166001,4,64.6306,-26208,3.38628,0.29
1168001,5,81.7689,-26206.9,3.52317,0.334
1170001,5,83.4365,-26206.3,1.27493,0.281
1172001,4,65.5563,-26208.6,1.99633,0.283
1174001,5,81.7788,-26207.2,3.70209,0.362
1176001,4,65.1158,-26209,3.64492,0.293
1178001,5,84.7066,-26209.6,0.080133,0.304
1180001,6,100.424,-26205.5,0.0849553,0.368
1182001,4,69.2452,-26209.2,0.187862,0.289
1184001,4,68.5253,-26206.3,1.90542,0.309
1186001,4,68.2414,-26203,0.790663,0.307
1188001,5,82.3831,-26205.5,2.35678,0.328
1190001,4,67.6754,-26205.7,0.0657064,0.297
1192001,5,82.5073,-26203.2,0.100527,0.298
1194001,4,68.0655,-26204.3,0.738602,0.307
1196001,4,69.4356,-26205.4,0.0546426,0.339
1198001,4,67.2199,-26202.4,1.24319,0.299
1200001,4,67.6859,-26204.8,1.12261,0.303
1202001,5,83.2579,-26204.7,0.146064,0.328
1204001,5,83.9579,-26202.9,0.100119,0.348
1206001,4,68.1595,-26202.2,1.08054,0.288
1208001,4,67.5301,-26202.6,2.45403,0.281
1210001,4,66.619,-26214.4,1.61136,0.293
1212001,6,93.8063,-26202.8,1.28902,0.377
1214001,5,80.6634,-26203.8,2.0011,0.333
1216001,5,81.4739,-26204.8,1.165,0.344
1218001,4,69.2267,-26205.9,0.272891,0.322
1220001,4,67.6961,-26204.7,0.918302,0.299
1222001,4,68.5339,-26203.7,0.582523,0.3
1224001,5,80.098,-26201.9,1.01557,0.309
1226001,4,67.5053,-26201.5,0.495298,0.354
1228001,4,66.4977,-26203.9,0.933196,0.307
1230001,4,69.543,-26204.4,0.0961628,0.306
1232001,5,79.4456,-26206,0.789347,0.357
1234001,5,85.237,-26203.8,0.373864,0.325
1236001,4,68.4307,-26201.7,0.723671,0.347
1238001,5,84.6927,-26203.8,0.655986,0.34
1240001,4,68.6275,-26200.5,0.543938,0.323
1242001,4,68.2349,-26203.9,0.443426,0.298
1244001,4,67.0476,-26205.4,1.80163,0.325
1246001,4,69.3996,-26202,0.484697,0.318
1248001,4,69.4835,-26203.7,0.369946,0.303
1250001,4,67.9921,-26203.9,0.0958247,0.284
1252001,4,66.9651,-26204.4,0.176693,0.308
1254001,5,83.3697,-26204.9,0.850495,0.33
1256001,4,66.8585,-26202.7,0.804387,0.346
1258001,5,79.9564,-26204.1,0.848757,0.327
1260001,4,68.7548,-26204.9,0.944638,0.339
1262001,4,66.8453,-26209.6,1.78564,0.295
1264001,5,82.8537,-26200.9,1.4617,0.344
1266001,4,68.7807,-26205.4,0.11122,0.307
1268001,5,83.9811,-26204.7,0.0849817,0.354
1270001,5,79.2572,-26205.1,3.369,0.296
1272001,4,65.8391,-26207.1,2.30519,0.292
1274001,4,68.8459,-26206,0.902384,0.316
1276001,6,90.4374,-26207.8,4.07347,0.305
1278001,4,68.8443,-26203,1.09393,0.282
1280001,5,81.4344,-26205.4,0.865179,0.338
1282001,4,68.4515,-26211.9,0.559328,0.323
1284001,4,65.642,-26205.7,1.38965,0.319
1286001,5,82.0164,-26213.4,1.31377,0.298
1288001,5,82.0526,-26207.9,1.83778,0.338
1290001,5,83.9984,-26204.6,0.322796,0.297
1292001,4,64.3089,-26205,4.97955,0.314
1294001,4,69.1389,-26206.3,0.00565479,0.304
1296001,4,68.787,-26204.4,0.613544,0.336
1298001,5,83.7887,-26203.1,0.173345,0.326
1300001,4,67.2882,-26205,0.302202,0.303
1302001,4,60.3824,-26204.5,4.52908,0.288
1304001,5,82.4716,-26203.9,0.722516,0.333
1306001,6,92.7787,-26204.4,0.105695,0.367
1308001,4,65.6101,-26209.4,0.576475,0.308
1310001,4,69.9315,-26212.2,0.356228,0.321
1312001,5,79.8193,-26207.9,1.63263,0.331
1314001,4,68.407,-26207.8,0.0242967,0.292
1316001,5,84.4503,-26204.6,0.0110715,0.342
1318001,4,67.1984,-26203,0.829184,0.344
1320001,5,80.4823,-26202.3,0.431277,0.379
1322001,4,67.7068,-26202,0.415149,0.279
1324001,4,65.9726,-26204.8,2.34823,0.313
1326001,4,68.1956,-26205.3,0.635682,0.293
1328001,4,66.6543,-26205.7,2.07361,0.31
1330001,5,80.6089,-26201.2,2.27223,0.3
1332001,4,67.2891,-26205.6,0.912535,0.28
1334001,4,67.9862,-26209,1.43282,0.326
1336001,5,81.8398,-26204.6,1.24938,0.307
1338001,5,83.6917,-26198.8,0.895765,0.332
1340001,4,67.9008,-26203.6,1.19315,0.273
1342001,4,66.8137,-26202.5,0.655059,0.281
1344001,4,68.6445,-26200.7,0.00662702,0.305
1346001,4,68.9428,-26203.4,0.587202,0.312
1348001,4,69.3014,-26206.8,0.612792,0.271
1350001,4,69.6082,-26205.4,0.144972,0.258
1352001,5,80.8714,-26211.8,2.10171,0.351
1354001,4,67.3701,-26205.5,0.242876,0.312
1356001,4,68.8496,-26205.6,1.07738,0.283
1358001,4,65.8019,-26203.5,0.757557,0.283
1360001,5,82.6974,-26204.2,0.5403,0.328
1362001,6,99.4253,-26202,1.47639,0.344
1364001,4,60.072,-26202.6,1.29847,0.268
1366001,5,80.9548,-26201.9,0.779518,0.32
1368001,4,65.7204,-26201.1,3.04371,0.288
1370001,5,80.2975,-26203.6,0.0574586,0.368
1372001,4,64.1556,-26206.6,3.23091,0.292
1374001,4,63.7114,-26204.5,0.0503406,0.298
1376001,5,83.2071,-26204.7,0.455944,0.367
1378001,4,65.8352,-26210.7,2.38706,0.263
1380001,4,68.6208,-26206,1.35383,0.327
1382001,4,68.2507,-26213.5,0.539855,0.298
1384001,4,67.3195,-26202.8,0.0119323,0.304
1386001,4,68.677,-26207.3,0.937745,0.302
1388001,4,69.095,-26207.2,0.145334,0.297
1390001,4,67.7739,-26206.6,0.987693,0.297
1392001,4,69.3175,-26204.7,0.441035,0.314
1394001,4,65.4048,-26206,0.583077,0.308
1396001,5,82.2678,-26207.8,0.673768,0.325
1398001,4,67.1793,-26208.5,0.244993,0.3
1400001,5,85.537,-26205.7,0.0203942,0.348
1402001,4,66.2417,-26203.3,1.70331,0.282
1404001,5,79.9188,-26205.6,0.12787,0.329
1406001,4,69.3345,-26207.3,0.396684,0.336
1408001,4,69.1918,-26213,0.327549,0.326
1410001,4,69.6976,-26207,0.123502,0.314
1412001,4,67.4386,-26204.9,1.13099,0.308
1414001,5,85.2599,-26204.4,0.182059,0.371
1416001,4,68.0281,-26200.7,2.16556,0.346
1418001,4,66.6783,-26202,1.55374,0.304
1420001,4,69.9203,-26202.9,0.228042,0.307
1422001,5,80.2681,-26202.5,2.00132,0.284
1424001,5,83.8091,-26199.2,1.02233,0.307
1426001,5,81.4291,-26201.5,1.51941,0.348
1428001,5,80.9923,-26201,2.16347,0.335
1430001,5,83.2301,-26203.9,1.36076,0.335
1432001,4,65.4962,-26205.1,0.742032,0.301
1434001,4,68.7043,-26203.2,1.01634,0.296
1436001,5,81.9988,-26201.1,1.26058,0.297
1438001,5,75.3735,-26203.9,0.721374,0.37
1440001,5,84.3142,-26203.7,0.286371,0.314
1442001,4,69.4771,-26202.4,0.19066,0.336
1444001,4,66.898,-26209.3,0.809662,0.288
1446001,6,97.7488,-26204.1,1.64294,0.36
1448001,5,78.4171,-26203.2,0.491417,0.291
1450001,5,82.8262,-26212.4,2.01718,0.357
1452001,5,85.0668,-26207.9,0.112042,0.318
1454001,4,68.3585,-26212,0.878651,0.297
1456001,7,112.131,-26202,0.628945,0.378
1458001,4,67.7224,-26208.9,0.766922,0.297
1460001,6,99.9694,-26202.9,0.178027,0.312
1462001,4,67.4718,-26203.9,1.5519,0.347
1464001,5,80.8062,-26202.3,4.4031,0.34
1466001,5,81.8201,-26203.2,1.62833,0.344
1468001,4,67.1957,-26208.4,0.863151,0.383
1470001,4,67.9302,-26203.1,1.39009,0.323
1472001,4,66.4226,-26207.9,0.187776,0.298
1474001,4,63.5047,-26208.4,1.80835,0.33
1476001,4,68.907,-26206.2,0.497821,0.272
1478001,4,68.1966,-26203.5,0.0542035,0.312
1480001,5,80.2214,-26207.4,3.55229,0.344
1482001,4,67.0563,-26207.1,2.03216,0.289
1484001,4,66.6701,-26213.3,2.25152,0.276
1486001,4,66.5905,-26204.5,0.578732,0.287
1488001,5,83.7966,-26202.7,0.717434,0.352
1490001,4,67.2474,-26208.6,0.835891,0.3
1492001,4,66.6626,-26206.9,0.0974716,0.351
1494001,5,79.6844,-26205.8,1.01193,0.277
1496001,4,65.747,-26207.7,0.518386,0.28
1498001,4,63.2047,-26202.6,0.904859,0.321
1500001,4,62.9889,-26209.1,3.17687,0.324
1502001,4,66.8313,-26205.1,0.644797,0.336
1504001,4,65.0047,-26203.5,0.567101,0.36
1506001,4,67.6254,-26207.5,0.206995,0.285
1508001,4,67.1178,-26205.9,0.840095,0.303
1510001,4,66.3953,-26206.1,1.56725,0.319
1512001,4,68.1045,-26203.7,0.536072,0.348
1514001,4,66.1816,-26206.5,0.288293,0.318
1516001,4,67.9782,-26205.1,1.33229,0.337
1518001,5,80.2196,-26205.2,1.10141,0.375
1520001,4,66.6822,-26202.7,0.176652,0.307
1522001,4,67.6122,-26205.2,0.369046,0.336
1524001,4,66.4782,-26202.6,1.03326,0.302
1526001,5,80.872,-26190.7,1.37505,0.339
1528001,4,66.105,-26189,1.09815,0.347
1530001,4,64.5707,-26189.8,0.285815,0.315
1532001,5,82.0103,-26187.8,1.15333,0.352
1534001,6,100.495,-26190.6,0.124377,0.389
1536001,5,79.8344,-26192.4,4.01972,0.34
1538001,4,65.7514,-26190.6,0.431028,0.321
1540001,4,65.3406,-26102.4,0.875592,0.342
1542001,3,49.0635,-26101.7,0.797667,0.324
1544001,4,63.6687,-26101.5,0.349715,0.337
1546001,3,48.1847,-26100.3,1.28249,0.308
1548001,3,44.4131,-26103.9,2.90626,0.27
1550001,3,48.2117,-26109.6,0.734282,0.361
1552001,3,47.3776,-26097.6,0.584765,0.264
1554001,1,15.5936,-26043.2,0.690629,0.324
1556001,1,14.8151,-26045.6,1.43876,0.293
1558001,1,15.4407,-26040.5,0.642727,0.347
1560001,2,32.504,-26039.2,0.0861609,0.327
1562001,1,15.8098,-26042.1,0.300417,0.316
1564001,1,15.0556,-26038.4,1.01562,0.338
1566001,2,31.7832,-26043.3,0.230805,0.388
1568001,2,25.9844,-26039.7,1.06678,0.349
1570001,1,15.5689,-26044.8,0.515252,0.305
1572001,1,14.7953,-26036.4,1.08667,0.329
1574001,1,15.6253,-26039.8,0.0932894,0.348
1576001,1,15.1443,-26036.3,0.408542,0.297
1578001,3,46.987,-26033.5,0.0850142,0.362
1580001,1,14.8336,-26008.3,0.517621,0.316
1582001,1,13.705,-26000.1,1.69427,0.317
1584001,1,13.7292,-25999.1,1.65168,0.204
1586001,1,14.4517,-25999.6,0.817118,0.248
1588001,1,14.9429,-25998.3,0.249589,0.248
1590001,1,13.2428,-25995.5,1.70063,0.229
1592001,1,14.3591,-25995.8,0.638983,0.255
1594001,1,13.7696,-25999.7,1.16961,0.229
1596001,1,14.7231,-25995.6,0.164628,0.352
1598001,1,14.0288,-25997.7,0.802135,0.39
1600001,1,13.6024,-25995,1.22623,0.305
1602001,1,14.4605,-25996.5,0.231679,0.259
1604001,3,41.8943,-25994.8,0.259845,0.339
1606001,2,28.0984,-25994.9,0.490802,0.372
1608001,1,14.5359,-25995.4,0.201331,0.221
1610001,1,15.0247,-25997.7,0.0549532,0.267
1612001,2,29.6117,-25995,0.646322,0.296
1614001,2,27.0716,-25996.7,1.72679,0.252
1616001,1,13.4377,-25996.8,1.71681,0.236
1618001,1,13.8394,-25999,1.36624,0.228
1620001,1,13.7809,-25998.5,1.34865,0.278
1622001,2,27.7635,-25994.7,3.64297,0.251
1624001,1,12.6406,-25999.4,2.37647,0.256
1626001,2,28.2622,-25996.5,0.591034,0.323
1628001,1,14.5499,-25997.9,0.60693,0.322
1630001,1,13.1226,-25996.6,2.13359,0.299
1632001,1,14.8402,-25997.2,0.30317,0.315
1634001,1,13.8268,-25998.2,1.18616,0.256
1636001,1,13.3365,-25995.6,1.69367,0.345
1638001,1,14.8412,-25998.1,0.00162384,0.246
1640001,1,14.3716,-25994.4,0.504028,0.223
1642001,1,14.6205,-25994.6,0.204334,0.262
1644001,1,14.2178,-25996.7,0.597735,0.238
1646001,2,29.2297,-26002.7,1.10104,0.365
1648001,2,27.3744,-25997.8,3.64347,0.326
1650001,1,14.0428,-25998.4,1.05483,0.256
1652001,2,29.5132,-25997.1,0.993875,0.275
1654001,1,13.5101,-25999.4,1.65007,0.217
1656001,1,15.0704,-25996.9,0.0893152,0.25
1658001,1,15.0035,-25998.6,0.0156696,0.219
1660001,1,14.592,-25999.2,0.356378,0.266
1662001,3,42.7437,-25991.9,3.95025,0.34
1664001,1,14.6348,-25997.6,0.384173,0.297
1666001,1,13.1327,-25998,1.91389,0.248
1668001,1,14.9571,-26001,0.0285802,0.27
1670001,1,14.8346,-25995.7,0.272131,0.311
1672001,4,55.9786,-25994.8,1.41284,0.32
1674001,1,14.1855,-26000.5,1.21411,0.266
1676001,1,15.3594,-26000.6,0.153003,0.288
1678001,2,31.0848,-26002.3,0.509263,0.339
1680001,1,15.3154,-26001.6,0.104466,0.295
1682001,1,12.7032,-26003.5,2.9793,0.313
1684001,2,30.0685,-26006.4,0.250064,0.286
1686001,1,10.3051,-26002.1,5.29052,0.26
1688001,1,15.633,-26002.9,0.0389869,0.281
1690001,1,15.2412,-26002.5,0.370926,0.239
1692001,3,44.7639,-25997.7,0.445577,0.388
1694001,2,26.2523,-25997.9,2.38466,0.326
1696001,1,13.6304,-25997.3,1.53885,0.264
1698001,1,14.9623,-25998,0.057483,0.307
1700001,2,29.9115,-25998,0.365886,0.284
1702001,1,13.7993,-26000.6,1.15927,0.337
1704001,1,14.5919,-25996.9,0.250833,0.243
1706001,1,12.9537,-25996.2,1.86301,0.275
1708001,1,14.0654,-25996.9,0.856924,0.312
1710001,2,29.5956,-25997.1,0.195598,0.353
1712001,1,13.5349,-25996.1,1.57672,0.293
1714001,1,14.1186,-25996.7,1.02234,0.197
1716001,1,14.8539,-25997.4,0.201856,0.234
1718001,2,31.12,-25994.7,0.290818,0.264
1720001,1,13.4051,-25997.2,1.4904,0.272
1722001,2,29.3587,-25997.9,0.643908,0.299
1724001,1,14.183,-26002,0.965001,0.227
1726001,2,30.5356,-25996.9,0.133235,0.248
1728001,1,13.2333,-25997.3,1.88519,0.276
1730001,2,29.355,-25998.8,0.866116,0.315
1732001,2,28.9412,-25996.8,0.119971,0.281
1734001,1,14.2574,-25996.4,0.62797,0.272
1736001,1,14.4105,-25996.1,0.524238,0.334
1738001,1,12.8301,-25998.1,2.13564,0.291
1740001,1,14.6314,-25996.2,0.417393,0.301
1742001,1,14.7352,-25997,0.391064,0.298
1744001,1,14.9117,-25996.7,0.12517,0.215
1746001,1,14.387,-25996.1,0.440601,0.362
1748001,2,29.8263,-25996.6,1.00548,0.24
1750001,1,12.1548,-25994.6,2.39228,0.236
1752001,2,28.2795,-25998.6,1.29133,0.262
1754001,1,13.7477,-25997.7,0.768695,0.222
1756001,1,14.3222,-25997.6,0.190596,0.243
1758001,1,11.7699,-25996.4,2.62829,0.319
1760001,2,29.28,-25996.5,0.289466,0.305
1762001,1,14.2795,-25995.5,0.14818,0.236
1764001,2,27.3413,-25996.6,0.425882,0.262
1766001,1,14.5509,-25996.1,0.000485133,0.238
1768001,1,14.6833,-25996.1,0.0432389,0.291
1770001,1,14.5514,-25995.1,0.24053,0.237
1772001,1,13.1721,-25995.2,1.64084,0.249
1774001,1,13.4298,-25996.3,1.29499,0.253
1776001,1,13.708,-25995.2,0.777021,0.332
1778001,3,46.568,-25993.9,0.1983,0.36
1780001,1,14.0371,-25998.8,0.590168,0.265
1782001,1,12.9792,-25995,1.5663,0.237
1784001,2,24.8531,-25996.4,0.48948,0.261
1786001,1,12.4834,-25994.8,1.9637,0.24
1788001,1,12.1242,-26001.3,2.16466,0.234
1790001,1,12.9902,-25996.8,1.24833,0.266
1792001,1,13.1952,-25997.6,1.09103,0.216
1794001,1,14.0828,-25998,0.164177,0.205
1796001,1,13.7819,-25998.6,0.461118,0.212
1798001,1,13.8166,-26002.6,0.420227,0.219
1800001,2,22.56,-25996.5,3.70179,0.235
1802001,1,14.0205,-25996.5,0.224224,0.318
1804001,1,13.5045,-25997,0.735713,0.197
1806001,1,11.6013,-25996.5,2.65393,0.276
1808001,4,59.011,-25993.5,1.20567,0.328
1810001,1,14.2651,-25996.1,0.101936,0.325
1812001,1,12.6441,-25995.7,2.04742,0.292
1814001,1,14.5816,-25996.7,0.12521,0.208
1816001,1,14.4599,-25998.1,0.0943975,0.278
1818001,1,14.0281,-25995.7,0.314927,0.277
1820001,2,29.6731,-25993.2,0.104595,0.262
1822001,2,26.7956,-25996.3,1.13228,0.416
1824001,1,13.953,-25995.5,0.686819,0.208
1826001,1,13.9928,-25995.7,0.757629,0.353
1828001,1,14.4436,-25998.8,0.0523324,0.269
1830001,1,13.9597,-25996,0.489372,0.261
1832001,1,14.3481,-25995.9,0.0510321,0.23
1834001,2,30.1779,-26002.9,0.226839,0.316
1836001,1,14.395,-25996.3,0.502218,0.231
1838001,1,13.606,-25995.3,1.25013,0.267
1840001,1,14.5847,-25995.1,0.264506,0.287
1842001,1,12.4007,-25995.3,2.34619,0.265
1844001,2,27.5161,-25993.2,1.95442,0.414
1846001,1,10.1941,-25995.1,4.50352,0.309
1848001,2,29.474,-25994.6,1.49374,0.292
1850001,1,13.2833,-25997.9,1.67729,0.225
1852001,1,14.5992,-25995.5,0.32198,0.244
1854001,1,13.6889,-25996.5,1.16888,0.247
1856001,2,29.8085,-25995.7,0.137981,0.213
1858001,2,30.372,-25998,0.416502,0.251
1860001,1,13.8512,-26000.8,1.22585,0.274
1862001,2,29.79,-25992.5,0.484167,0.325
1864001,3,45.6435,-25991.9,0.0403708,0.345
1866001,2,29.9123,-25990.5,0.586252,0.363
1868001,2,30.3007,-25991,0.00577458,0.313
1870001,2,26.178,-25989.6,4.33968,0.34
1872001,3,44.309,-25996.4,0.816066,0.262
1874001,1,14.0717,-25995.7,0.68567,0.32
1876001,2,29.9194,-25995.7,1.28797,0.225
1878001,2,28.1251,-25998.8,1.41681,0.26
1880001,1,14.1224,-25995.2,0.367789,0.232
1882001,1,14.1612,-25995.5,0.3288,0.232
1884001,3,45.8065,-25994.6,0.171402,0.321
1886001,2,26.5758,-25996.2,3.84127,0.336
1888001,3,40.8039,-25995.5,3.58856,0.279
1890001,2,29.8995,-25996,0.565042,0.268
1892001,3,44.6601,-25995,1.09908,0.36
1894001,1,14.0766,-25995.1,0.399642,0.255
1896001,1,13.6947,-25996.2,0.791843,0.198
1898001,2,22.9599,-25995.7,5.08138,0.323
1900001,1,13.4356,-25995.1,1.09274,0.239
1902001,2,29.5241,-25994.5,0.634964,0.231
1904001,2,29.6924,-25992.6,0.9002,0.333
1906001,1,13.8091,-25996.3,0.832514,0.265
1908001,1,14.119,-25994.7,0.540237,0.265
1910001,2,27.8225,-25996.4,0.839558,0.389
1912001,2,28.4038,-25998.4,0.138077,0.263
1914001,1,14.3362,-25999.7,0.296537,0.298
1916001,1,13.9766,-25995.4,0.687899,0.237
1918001,2,29.7035,-25993.7,1.41621,0.371
1920001,2,27.3958,-25994.2,0.845069,0.315
1922001,1,13.5103,-25995.1,1.28474,0.246
1924001,1,13.9226,-25994.4,0.833592,0.323
1926001,2,30.3218,-25996.7,0.554592,0.299
1928001,2,28.0338,-25996.1,1.00454,0.244
1930001,2,28.8848,-25998.2,0.0353778,0.307
1932001,2,29.4102,-25994.4,0.155462,0.26
1934001,2,29.4803,-25995,0.856546,0.287
1936001,2,27.3138,-25994.4,3.39086,0.255
1938001,2,27.6149,-25998.5,0.253556,0.32
1940001,1,13.8977,-25995.5,0.465764,0.285
1942001,1,13.8307,-25996.3,0.45213,0.246
1944001,2,27.9466,-25997.8,0.552424,0.239
1946001,1,13.4492,-25998.6,0.785265,0.224
1948001,1,13.4209,-25995.8,1.05159,0.34
1950001,1,13.5777,-25999.5,1.0921,0.251
1952001,1,14.4638,-25995.7,0.511606,0.19
1954001,1,14.3633,-25995.7,0.626555,0.256
1956001,3,42.1042,-25997.5,0.887886,0.372
1958001,3,46.3583,-25988.3,0.573231,0.313
1960001,1,14.8147,-25987.9,0.181287,0.303
1962001,1,15.1554,-25991.2,0.0497115,0.232
1964001,3,46.3447,-25988.8,0.0243395,0.273
1966001,1,13.5928,-25990.1,1.54476,0.213
1968001,1,10.7626,-25991.8,4.23979,0.229
1970001,1,13.9631,-25988.7,1.03463,0.269
1972001,1,14.792,-25990.7,0.209578,0.239
1974001,1,13.9784,-25989,1.13107,0.234
1976001,1,15.1233,-25992.4,0.0675911,0.221
1978001,2,26.9685,-25989.6,3.301,0.239
1980001,1,14.962,-25988.5,0.0196777,0.277
1982001,2,27.8133,-25989.2,0.574391,0.268
1984001,2,30.569,-25989.4,0.307495,0.237
1986001,1,14.088,-25988.2,0.701822,0.225
1988001,3,45.3415,-25986.9,1.32226,0.293
1990001,2,28.8822,-25994,1.48378,0.336
1992001,1,14.6616,-25987.7,0.170376,0.209
1994001,2,28.4008,-25988.3,2.27554,0.244
1996001,1,13.5899,-25988.3,1.20856,0.355
1998001,1,13.9724,-25988.3,0.753028,0.23
2000001,1,12.6134,-25990,2.01569,0.299
2002001,2,25.561,-25988.2,0.640748,0.314
2004001,1,13.87,-25988,0.927767,0.184
2006001,1,14.0767,-25989,0.584552,0.239
2008001,3,46.7389,-25987.3,0.0102631,0.322
2010001,1,14.5248,-25988.1,0.304252,0.21
2012001,1,13.5252,-25989.2,1.32317,0.273
2014001,1,14.45,-25987.5,0.472853,0.31
2016001,1,14.8854,-25989.9,0.132167,0.22
2018001,1,14.3239,-25989.9,0.859925,0.221
2020001,2,28.929,-25985.4,0.204578,0.289
2022001,1,13.134,-25991.6,2.09166,0.337
2024001,2,30.208,-25985.7,0.24837,0.361
2026001,3,42.797,-25980.9,0.911086,0.378
2028001,3,43.3577,-25983.9,0.215706,0.379
2030001,1,13.9563,-25990.9,1.31647,0.203
2032001,1,15.0398,-25991,0.202325,0.254
2034001,1,14.5217,-25990.4,0.763203,0.295
2036001,1,8.79845,-25990.4,6.45005,0.293
2038001,1,14.8649,-25990.2,0.38419,0.355
2040001,1,15.0278,-25990.7,0.346241,0.24
2042001,1,14.9481,-25991.7,0.443626,0.269
2044001,1,14.9807,-25992.1,0.444551,0.281
2046001,1,15.1712,-25994.8,0.288325,0.306
2048001,1,14.8296,-25995.6,0.572361,0.301
2050001,1,14.6869,-25992.6,0.388595,0.327
2052001,1,15.1549,-25989.7,0.0529066,0.24
2054001,2,27.2483,-25991.2,3.46144,0.233
2056001,1,14.6575,-25990.8,0.644159,0.201
2058001,2,29.2566,-25992.2,1.21349,0.249
2060001,1,13.8344,-25987.8,0.977213,0.218
2062001,2,26.5438,-25980.2,2.9823,0.283
2064001,2,28.6148,-25980.7,0.193358,0.326
2066001,1,11.2988,-25983.5,3.58399,0.191
2068001,2,29.1086,-25987.2,1.96961,0.223
2070001,2,28.5759,-25983.6,1.30142,0.233
2072001,2,30.0272,-25980.9,1.0499,0.265
2074001,2,27.2256,-25983.3,1.52777,0.304
2076001,1,15.026,-25985,0.078656,0.212
2078001,1,14.5493,-25987.6,0.62049,0.208
2080001,2,30.9878,-25986.8,0.191943,0.425
2082001,1,14.1587,-25985.9,1.01741,0.176
2084001,1,14.176,-25988.1,1.05039,0.308
2086001,1,11.3715,-25988.2,3.92775,0.182
2088001,1,15.1433,-25986,0.141133,0.242
2090001,2,30.4165,-25984.9,0.857326,0.319
2092001,1,14.6251,-25988.1,0.515487,0.21
2094001,1,14.2208,-25984.2,0.634039,0.185
2096001,1,14.6542,-25983.9,0.275759,0.239
2098001,1,14.7642,-25985.4,0.331191,0.178
2100001,3,45.6421,-25979.1,0.650522,0.278
2102001,1,13.8352,-25986.7,1.26071,0.245
2104001,1,12.8755,-25985.3,2.32403,0.26
2106001,1,13.059,-25987.9,1.94505,0.24
2108001,1,13.0403,-25984.8,1.94444,0.274
2110001,1,14.3426,-25987.9,0.680924,0.249
2112001,1,13.7354,-25985.4,1.21086,0.181
2114001,2,27.7402,-25986,0.069345,0.224
2116001,2,31.1607,-25983.7,0.161092,0.253
2118001,1,13.5316,-25984.7,1.23915,0.188
2120001,1,13.787,-25983.2,1.09069,0.202
2122001,1,14.0096,-25988.6,0.862188,0.294
2124001,2,29.7077,-25984.5,0.965343,0.277
2126001,1,12.9091,-25986.4,2.18695,0.173
2128001,2,28.0407,-25985.2,2.44607,0.323
2130001,1,14.5506,-25984.7,0.52543,0.224
2132001,1,13.7653,-25984.3,1.31059,0.226
2134001,1,14.9023,-25984.2,0.176315,0.207
2136001,3,45.063,-25986.4,0.375395,0.284
2138001,2,29.8899,-25983.6,0.486694,0.292
2140001,1,14.2448,-25984.7,0.755837,0.206
2142001,1,14.9725,-25986.4,0.0787304,0.206
2144001,1,14.718,-25987.6,0.418953,0.223
2146001,2,28.4098,-25985.8,2.7109,0.266
2148001,1,14.1096,-25985.5,0.926168,0.217
2150001,1,14.2786,-25985.1,0.796521,0.34
2152001,1,13.6858,-25984.9,1.30543,0.208
2154001,1,14.006,-25984.4,0.941647,0.254
2156001,2,31.092,-25984.8,0.0527949,0.245
2158001,1,14.7115,-25984.4,0.10096,0.269
2160001,2,27.4687,-25985.3,0.913961,0.297
2162001,3,45.0994,-25984.8,0.136414,0.276
2164001,2,28.1001,-25980.1,0.64005,0.31
2166001,3,40.9562,-25977.6,1.29693,0.322
2168001,3,45.3497,-25980.4,0.950151,0.409
2170001,1,13.7621,-25985,1.21826,0.276
2172001,1,14.9626,-25984.5,0.0191525,0.383
2174001,1,15.2836,-25989.5,0.0325995,0.236
2176001,1,12.718,-25987.8,2.44103,0.248
2178001,1,13.7802,-25986,1.31273,0.18
2180001,2,29.421,-25984.7,0.37521,0.32
2182001,1,14.3416,-25988,0.88611,0.301
2184001,1,12.7863,-25987,2.61547,0.251
2186001,2,30.4405,-25987.7,0.00597256,0.257
2188001,1,14.9409,-25987.2,0.344553,0.31
2190001,1,14.729,-25987.7,0.423182,0.25
2192001,1,14.3106,-25985.5,0.951821,0.268
2194001,1,15.1622,-25985.2,0.0329884,0.175
2196001,1,14.7836,-25985.4,0.44388,0.282
2198001,1,11.3685,-25984.6,3.65411,0.215
2200001,1,12.3684,-25984.7,2.66391,0.294
2202001,1,12.9875,-25987,2.1454,0.19
2204001,1,9.78011,-25985.5,5.39798,0.2
2206001,2,29.8063,-25989.4,0.0255975,0.357
2208001,1,15.0292,-25986,0.0522575,0.208
2210001,1,15.05,-25986.1,0.000659301,0.3
2212001,1,14.4978,-25984.9,0.531758,0.215
2214001,1,14.0328,-25984.6,0.985553,0.384
2216001,2,30.741,-25986.3,0.768658,0.241
2218001,3,47.4735,-25984.9,0.0141821,0.338
2220001,1,14.0014,-25988,1.09749,0.175
2222001,2,27.7675,-25988.7,1.48076,0.382
2224001,1,12.6837,-25986.3,2.34525,0.226
2226001,1,14.2637,-25985.5,0.57544,0.198
2228001,1,14.753,-25984.6,0.187863,0.326
2230001,1,14.3001,-25989.9,0.774076,0.217
2232001,1,12.9886,-25988.6,2.00757,0.162
2234001,1,14.3061,-25985.5,0.659096,0.248
2236001,1,13.6587,-25987.1,1.26298,0.325
2238001,2,30.0126,-25984.5,0.278695,0.382
2240001,1,14.2758,-25993.9,0.685955,0.213
2242001,1,15.0996,-25987.9,0.115536,0.264
2244001,2,30.3306,-25985.2,0.643134,0.341
2246001,2,28.2669,-25988.3,0.830497,0.333
2248001,1,15.0236,-25985.9,0.230468,0.281
2250001,1,14.0169,-25985.8,1.26594,0.218
2252001,2,30.0963,-25984.6,1.60047,0.3
2254001,2,29.5872,-25979.1,0.377472,0.338
2256001,2,29.6373,-25984.2,1.4638,0.247
2258001,1,13.9434,-25986.5,1.10067,0.193
2260001,1,11.6361,-25986.9,3.62894,0.204
2262001,1,11.8352,-25989.2,3.28792,0.22
2264001,1,14.6841,-25985.7,0.431403,0.226
2266001,2,29.622,-25984.3,1.66665,0.259
2268001,1,14.8042,-25986,0.114914,0.328
2270001,1,12.2558,-25983.3,2.64369,0.246
2272001,1,14.4872,-25985.2,0.368091,0.318
2274001,1,13.373,-25983.8,1.42423,0.242
2276001,1,11.26,-25986.4,3.66482,0.216
2278001,1,14.6921,-25984.8,0.278521,0.286
2280001,1,14.3086,-25986.1,0.856353,0.181
2282001,1,13.399,-25984.2,1.70385,0.221
2284001,3,42.888,-25981.9,3.33602,0.295
2286001,1,15.2117,-25985.5,0.0114794,0.244
2288001,1,14.9929,-25987.3,0.222102,0.245
2290001,1,15.2344,-25986.1,0.0927282,0.26
2292001,1,14.1686,-25986.2,1.00819,0.232
2294001,1,14.6445,-25985.3,0.522706,0.281
2296001,3,43.1027,-25982.3,1.45991,0.362
2298001,2,29.0675,-25986.5,0.97651,0.348
2300001,1,14.9287,-25984.4,0.065766,0.213
2302001,4,59.9704,-25984.6,0.142317,0.443
2304001,2,28.0744,-25981.8,0.0644964,0.294
2306001,1,13.7721,-25984.8,1.33807,0.231
2308001,1,14.23,-25987.6,0.915702,0.384
2310001,1,13.8832,-25987.2,1.12502,0.297
2312001,1,14.0655,-25985.7,0.862795,0.186
2314001,1,15.0167,-25985.9,0.0810583,0.219
2316001,1,12.7805,-25988.5,2.40799,0.213
2318001,1,14.302,-25984.8,0.729319,0.219
2320001,2,30.5038,-25982.5,0.0769616,0.328
2322001,1,12.8735,-25986.2,2.11383,0.252
2324001,1,13.265,-25983.3,1.54023,0.284
2326001,1,14.348,-25983,0.232797,0.245
2328001,1,13.4806,-25983.9,1.05557,0.202
2330001,1,14.0181,-25983.9,0.537301,0.216
2332001,2,28.9527,-25983.1,1.66493,0.217
2334001,1,14.0846,-25986,0.272582,0.273
2336001,1,14.2218,-25984.2,0.0923631,0.186
2338001,1,13.7901,-25988.8,0.612405,0.243
2340001,1,12.3313,-25985.6,2.14548,0.177
2342001,1,13.8083,-25988.5,0.556943,0.278
2344001,2,30.2809,-25983.1,0.569227,0.214
2346001,1,14.2417,-25983.5,0.251835,0.247
2348001,1,13.7948,-25987.3,0.528461,0.194
2350001,1,14.2255,-25984.6,0.206938,0.213
2352001,1,13.9965,-25985.8,0.372248,0.192
2354001,2,30.8664,-25982.9,0.180136,0.299
2356001,1,14.1757,-25982.9,0.37835,0.249
2358001,1,13.7867,-25983.6,0.676125,0.238
2360001,1,13.1242,-25984.6,1.08234,0.202
2362001,1,12.8288,-25983.8,1.34665,0.188
2364001,3,43.8266,-25978.3,0.715224,0.401
2366001,2,26.8741,-25981.2,3.03756,0.334
2368001,2,29.4655,-25991.3,0.465401,0.228
2370001,1,13.6904,-25984.2,0.681152,0.211
2372001,1,14.2846,-25985,0.110676,0.342
2374001,1,11.8385,-25983.4,2.42929,0.241
2376001,1,12.6023,-25985.3,1.5531,0.26
2378001,2,29.524,-25984.7,0.573177,0.247
2380001,2,27.2596,-25980.5,2.79324,0.326
2382001,3,44.682,-25982.8,1.18322,0.302
2384001,1,13.6567,-25985.2,0.389496,0.27
2386001,1,11.4914,-25985,2.55459,0.18
2388001,2,29.7694,-25981.9,0.673123,0.333
2390001,1,13.8431,-25984.2,0.316434,0.259
2392001,1,14.397,-25983.2,0.104923,0.209
2394001,1,13.9077,-25982.6,0.696608,0.206
2396001,2,28.019,-25983.9,1.45738,0.228
2398001,1,13.8438,-25984.9,0.934554,0.259
2400001,1,11.4568,-25983.1,3.39183,0.232
2402001,1,12.5028,-25983.7,2.4713,0.268
2404001,1,14.5887,-25984.1,0.41613,0.17
2406001,1,14.8185,-25984.8,0.333668,0.301
2408001,1,13.4817,-25985.3,1.47826,0.236
2410001,2,31.111,-25982.5,0.189962,0.285
2412001,1,14.1094,-25983.7,0.838676,0.283
2414001,3,41.784,-25982.6,1.03118,0.277
2416001,2,28.5691,-25983.1,1.27756,0.228
2418001,1,13.2768,-25983.2,1.47656,0.318
2420001,2,28.256,-25983.7,2.47614,0.331
2422001,1,13.4493,-25982.8,1.17302,0.214
2424001,1,14.267,-25983.4,0.337157,0.224
2426001,1,14.3402,-25983.5,0.268544,0.238
2428001,2,29.4274,-25983.7,1.08885,0.351
2430001,2,29.5348,-25983.5,0.231745,0.269
2432001,1,13.46,-25982.9,1.21823,0.233
2434001,1,14.3126,-25983.5,0.192651,0.258
2436001,2,27.6379,-25984.3,1.96214,0.168
2438001,1,12.9533,-25982.7,1.70362,0.234
2440001,1,13.0482,-25983.4,1.62218,0.333
2442001,1,12.8415,-25986.9,2.02684,0.23
2444001,1,13.8715,-25985.6,0.880573,0.254
2446001,1,11.3567,-25985.1,3.47109,0.19
2448001,1,13.8114,-25983.9,1.19472,0.214
2450001,1,13.9405,-25983.1,0.784361,0.229
2452001,1,14.5684,-25988.3,0.238936,0.321
2454001,1,14.8839,-25984.7,0.0232771,0.206
2456001,1,13.9391,-25984.7,0.879136,0.201
2458001,1,14.061,-25984.6,0.848794,0.251
2460001,3,39.4264,-25984.3,2.70024,0.448
2462001,1,14.7016,-25986.2,0.23338,0.251
2464001,1,14.4232,-25988.4,0.155685,0.222
2466001,1,13.966,-25987,0.553897,0.187
2468001,1,13.5759,-25983.8,0.852852,0.222
2470001,1,13.8143,-25985.6,0.501442,0.225
2472001,1,14.1611,-25977.3,0.150505,0.257
2474001,1,13.8894,-25973.5,0.32975,0.183
2476001,1,13.1919,-25973.1,0.928617,0.342
2478001,3,44.5003,-25971.3,1.39708,0.299
2480001,2,29.604,-25973.2,0.299008,0.197
2482001,2,29.4593,-25972.2,1.02315,0.182
2484001,1,13.0111,-25973.3,1.01834,0.145
2486001,2,26.9327,-25971.6,3.45278,0.205
2488001,1,14.2438,-25975,0.0997755,0.268
2490001,1,12.8867,-25973.5,1.31857,0.212
2492001,1,13.2402,-25972.1,1.01943,0.16
2494001,2,26.6172,-25971.7,2.13327,0.219
2496001,4,59.6349,-25971.7,0.846555,0.262
2498001,1,13.8511,-25973.5,0.391169,0.29
2500001,1,13.6637,-25972.9,0.361166,0.247
2502001,1,12.0165,-25972.7,2.04248,0.187
2504001,3,44.7413,-25974.8,0.265206,0.193
2506001,1,13.4215,-25972.7,0.631886,0.302
2508001,1,13.8308,-25976.9,0.170424,0.16
2510001,2,29.3024,-25977.8,0.900013,0.219
2512001,2,29.2445,-25975.4,0.886609,0.254
2514001,1,13.729,-25974.5,0.63839,0.281
2516001,1,13.9097,-25975,0.339236,0.185
2518001,1,14.1948,-25971.9,0.14274,0.219
2520001,2,28.845,-25968.5,0.257752,0.3
2522001,1,13.0974,-25974.6,1.1752,0.162
2524001,2,28.8747,-25977.1,0.442562,0.332
2526001,1,13.6925,-25974.6,0.401757,0.394
2528001,1,13.1812,-25975.3,1.08288,0.265
2530001,1,13.9954,-25978.8,0.184142,0.277
2532001,1,13.4433,-25974.3,0.83925,0.267
2534001,1,14.0052,-25976.7,0.269217,0.248
2536001,1,13.3109,-25977.4,1.05958,0.24
2538001,2,29.7432,-25973.7,0.506611,0.253
2540001,1,12.2728,-25974.3,1.97518,0.265
2542001,1,13.198,-25972.9,1.01049,0.211
2544001,1,13.9445,-25976.5,0.349915,0.25
2546001,3,44.7335,-25974.9,0.13862,0.273
2548001,1,14.0911,-25973.9,0.198605,0.294
2550001,1,13.0172,-25973.8,1.20021,0.241
2552001,1,13.9593,-25975.4,0.352139,0.303
2554001,1,14.0157,-25974.1,0.170167,0.32
2556001,2,29.8838,-25973.2,0.165107,0.279
2558001,1,12.7027,-25972.5,1.34919,0.325
2560001,2,29.4101,-25974.5,0.0149284,0.359
2562001,2,29.9866,-25971.2,0.137777,0.28
2564001,1,13.4075,-25973,0.523374,0.229
2566001,1,13.0118,-25975.5,1.06967,0.333
2568001,2,25.7338,-25970.3,3.36186,0.383
2570001,1,13.692,-25971.6,0.206527,0.302
2572001,2,28.3554,-25974.2,1.37132,0.215
2574001,1,13.6325,-25972.8,0.300828,0.271
2576001,2,28.1852,-25975.7,1.22831,0.314
2578001,1,13.4816,-25977.4,0.565544,0.222
2580001,2,29.3973,-25972.5,0.396469,0.257
2582001,1,13.5927,-25974.8,0.367242,0.254
2584001,2,28.9663,-25979.8,0.29708,0.333
2586001,1,10.9104,-25978,3.15307,0.256
2588001,1,13.0939,-25972.4,0.923841,0.162
2590001,2,26.5063,-25974,3.36618,0.267
2592001,1,12.2918,-25972.5,1.74875,0.239
2594001,1,13.1038,-25971.9,1.10105,0.144
2596001,1,13.9376,-25974.1,0.334113,0.263
2598001,2,23.1926,-25970.5,1.90743,0.222
2600001,1,13.7418,-25972.5,0.296453,0.134
2602001,1,13.1384,-25973,0.958188,0.15
2604001,1,13.5536,-25972.7,0.535509,0.202
2606001,1,13.3486,-25973.9,0.552079,0.244
2608001,1,13.9383,-25974.3,0.0216082,0.132
2610001,1,12.9904,-25972.2,1.0631,0.192
2612001,1,11.1804,-25978.2,2.65789,0.241
2614001,1,13.5442,-25974.2,0.202061,0.264
2616001,1,13.608,-25975.6,0.173398,0.281
2618001,1,13.646,-25975.3,0.309393,0.254
2620001,2,29.493,-25974.3,0.269802,0.255
2622001,2,29.1615,-25974.4,0.258009,0.268
2624001,1,13.6311,-25973.1,0.523296,0.211
2626001,2,28.8131,-25972.9,0.0389783,0.275
2628001,1,13.1198,-25976.9,0.899011,0.266
2630001,1,13.9432,-25973.9,0.0606878,0.254
2632001,1,13.4195,-25972.7,0.553962,0.216
2634001,1,13.8427,-25972.5,0.271288,0.256
2636001,2,29.6793,-25970,0.514063,0.29
2638001,2,26.59,-25967.3,1.46248,0.268
2640001,1,10.9683,-25967.9,2.90667,0.266
2642001,1,12.3445,-25970.7,1.55517,0.266
2644001,1,12.9073,-25967.4,0.929774,0.284
2646001,1,12.3433,-25969.5,1.5493,0.257
2648001,1,13.5857,-25968.9,0.22183,0.245
2650001,1,13.6088,-25976,0.197714,0.301
2652001,1,11.126,-25971.3,2.69772,0.307
2654001,2,29.0616,-25968.2,1.05241,0.28
2656001,1,13.4749,-25966.7,0.305575,0.254
2658001,1,13.4822,-25968.8,0.479562,0.225
2660001,1,13.7621,-25970.5,0.170582,0.278
2662001,2,27.0832,-25964.2,1.31878,0.297
2664001,1,13.0328,-25966.6,0.238027,0.234
2666001,1,12.0273,-25966.5,1.31149,0.209
2668001,1,12.6241,-25966.9,0.592798,0.311
2670001,1,10.9584,-25967.9,2.26636,0.228
2672001,2,28.908,-25966.6,0.0510435,0.248
2674001,2,28.9036,-25967.4,0.0798872,0.371
2676001,1,13.2032,-25965.8,0.337803,0.26
2678001,2,29.7331,-25966.6,0.133567,0.25
2680001,2,29.0688,-25965.9,0.841904,0.276
2682001,3,40.1032,-25965,2.74023,0.31
2684001,1,12.3988,-25966.1,1.41098,0.279
2686001,2,28.7029,-25964.8,0.714614,0.294
2688001,1,12.4634,-25965.4,1.32929,0.297
2690001,1,12.9941,-25969.4,0.814519,0.261
2692001,1,13.4973,-25965.8,0.219662,0.242
2694001,1,13.6073,-25966.9,0.0640542,0.262
2696001,1,13.0123,-25966.6,0.845243,0.237
2698001,2,29.0588,-25966.9,0.0831705,0.276
2700001,1,13.111,-25967.7,0.845314,0.231
2702001,2,29.7772,-25965.8,0.362687,0.306
2704001,2,26.9793,-25966.3,1.1228,0.372
2706001,1,12.5303,-25965.5,1.14037,0.263
2708001,1,12.3119,-25967,1.55323,0.218
2710001,1,14.1646,-25971.4,0.142866,0.228
2712001,1,10.8087,-25969.4,3.53825,0.231
2714001,1,14.1179,-25967.8,0.210194,0.29
2716001,2,27.4612,-25967.3,3.27052,0.32
2718001,3,41.0607,-25968.7,0.179521,0.386
2720001,1,11.4953,-25967.8,2.82614,0.248
2722001,2,30.1328,-25968.1,0.292401,0.266
2724001,1,13.7508,-25967.5,0.547977,0.252
2726001,2,27.6244,-25967.5,0.171006,0.308
2728001,1,14.3732,-25969,0.00677949,0.274
2730001,1,13.9252,-25967.6,0.31931,0.237
2732001,1,13.9055,-25968,0.360106,0.237
2734001,2,30.8422,-25966.8,0.0539176,0.232
2736001,2,30.0003,-25968.5,0.106312,0.344
2738001,1,13.9023,-25968.8,0.452684,0.306
2740001,1,12.4599,-25968.5,1.97435,0.264
2742001,2,30.3113,-25968.2,0.0111372,0.269
2744001,1,14.3104,-25968,0.0378732,0.233
2746001,1,10.6256,-25969.3,3.50315,0.203
2748001,3,41.6634,-25970.3,1.72039,0.314
2750001,1,13.0433,-25965.9,0.83019,0.214
2752001,1,12.7227,-25967.2,1.12397,0.285
2754001,2,29.1766,-25964.5,0.751033,0.309
2756001,1,13.275,-25969.1,0.670448,0.215
2758001,1,13.7685,-25969.6,0.139094,0.225
2760001,1,13.3703,-25966,0.46145,0.224
2762001,1,13.1794,-25966.8,0.600325,0.236
2764001,1,13.3403,-25966.5,0.298855,0.207
2766001,1,13.5386,-25965.5,0.148295,0.378
2768001,3,40.0188,-25964.9,0.807069,0.268
2770001,3,40.3378,-25965.5,1.28706,0.294
2772001,1,11.7836,-25967.5,2.21093,0.241
2774001,1,13.5884,-25966.5,0.48045,0.218
2776001,2,26.4866,-25964,0.205475,0.28
2778001,1,13.6487,-25966,0.421452,0.208
2780001,1,12.4311,-25968.8,1.73133,0.24
2782001,1,12.3416,-25966.3,1.71667,0.261
2784001,2,29.0421,-25965.3,1.10396,0.296
2786001,2,29.6742,-25966.1,0.0145863,0.246
2788001,1,13.3935,-25967.4,0.66336,0.206
2790001,2,27.3895,-25967.7,2.64122,0.318
2792001,1,12.6115,-25966.7,1.51036,0.25
2794001,3,45.9059,-25967.2,0.372697,0.263
2796001,1,13.8757,-25967.3,0.403861,0.266
2798001,1,13.8822,-25970.9,0.429496,0.202
2800001,1,13.7571,-25968.7,0.52472,0.266
2802001,1,13.5352,-25969.2,0.659275,0.257
2804001,1,12.6174,-25968.6,1.58499,0.24
2806001,1,13.9658,-25968.4,0.270356,0.231
2808001,1,13.7441,-25966.1,0.102969,0.296
2810001,1,13.6688,-25966.8,0.120138,0.268
2812001,1,12.0103,-25966.6,1.85454,0.322
2814001,1,13.2421,-25966.7,0.60683,0.207
2816001,2,29.4643,-25967.1,0.573521,0.238
2818001,1,13.8306,-25966.2,0.000758341,0.279
2820001,1,13.537,-25966,0.294783,0.273
2822001,2,27.473,-25965.3,0.860211,0.306
2824001,1,13.4587,-25965.4,0.270241,0.203
2826001,1,12.4954,-25966,1.26176,0.235
2828001,1,13.531,-25967.5,0.167401,0.251
2830001,1,13.6843,-25965.6,0.05493,0.26
2832001,1,11.8017,-25965.8,1.84516,0.291
2834001,1,13.4434,-25965.4,0.131501,0.244
2836001,1,12.4883,-25967.8,0.920004,0.237
2838001,2,28.4689,-25966.8,1.10212,0.274
2840001,2,28.5613,-25960.3,0.978016,0.267
2842001,3,42.0394,-25961.4,2.96624,0.418
2844001,2,26.1028,-25966.7,1.36655,0.381
2846001,1,11.9989,-25965.8,1.56217,0.211
2848001,1,13.1827,-25966.7,0.387425,0.243
2850001,2,28.812,-25968,0.403068,0.314
2852001,1,11.885,-25965.7,1.72441,0.336
2854001,1,9.53549,-25966.9,3.9299,0.258
2856001,1,12.7675,-25966.6,0.808204,0.245
2858001,1,13.4961,-25965.7,0.0393089,0.248
2860001,4,58.456,-25959.6,0.204841,0.387
2862001,2,29.3357,-25966.3,0.326334,0.236
2864001,2,24.7447,-25965.4,0.226442,0.339
2866001,1,12.5905,-25966.9,0.931861,0.267
2868001,1,12.9291,-25965.8,0.486135,0.2
2870001,1,13.6124,-25967,0.0477247,0.231
2872001,1,12.7883,-25966.5,0.872202,0.231
2874001,1,13.6624,-25965.4,0.177802,0.284
2876001,1,13.2681,-25965.9,0.451238,0.335
2878001,1,13.56,-25966.8,0.155264,0.232
2880001,1,12.4557,-25965.5,1.32396,0.306
2882001,1,13.0073,-25966,0.755251,0.303
2884001,1,12.6465,-25966.1,1.22903,0.257
2886001,2,27.7298,-25969.7,0.320359,0.331
2888001,1,13.0891,-25965.4,0.615031,0.229
2890001,1,13.0121,-25967.3,0.575047,0.24
2892001,1,13.1459,-25967.5,0.604975,0.268
2894001,1,13.5487,-25966.2,0.447505,0.234
2896001,2,23.8418,-25965.1,1.12421,0.303
2898001,1,13.1718,-25967.7,0.53774,0.32
2900001,1,13.1396,-25966.2,0.693831,0.284
2902001,1,13.256,-25967.2,0.504145,0.229
2904001,1,13.4753,-25965.3,0.316876,0.251
2906001,1,10.6364,-25965.8,3.20181,0.272
2908001,1,13.7093,-25965.6,0.00343555,0.26
2910001,1,12.1676,-25966.1,1.60662,0.302
2912001,1,11.8739,-25966.7,1.93839,0.254
2914001,1,13.6808,-25966.4,0.257776,0.23
2916001,1,12.8819,-25965.8,1.00809,0.297
2918001,1,13.1618,-25967.5,0.740784,0.396
2920001,2,26.5041,-25966.7,3.4927,0.365
2922001,1,11.043,-25966.7,2.86546,0.259
2924001,1,13.2067,-25966.9,0.697933,0.246
2926001,1,12.7285,-25966.7,1.22004,0.227
2928001,1,13.3781,-25965.5,0.4323,0.295
2930001,1,13.1713,-25966.6,0.698849,0.244
2932001,1,13.8199,-25965.9,0.0784008,0.333
2934001,1,13.7818,-25966.8,0.0742213,0.243
2936001,2,29.8841,-25965.9,0.303893,0.353
2938001,1,12.467,-25966.4,1.44768,0.266
2940001,2,24.5315,-25962.6,3.28316,0.452
2942001,1,13.2874,-25965.8,0.642407,0.25
2944001,2,27.2766,-25966.2,1.94938,0.297
2946001,1,13.4511,-25965.4,0.34635,0.33
2948001,1,13.5746,-25966.3,0.41496,0.384
2950001,1,13.2576,-25967.7,0.783943,0.215
2952001,1,12.6307,-25967,1.36232,0.302
2954001,1,13.9839,-25967.2,0.0311146,0.253
2956001,1,14.1518,-25970.3,0.0809901,0.259
2958001,1,13.609,-25969.3,0.789695,0.322
2960001,1,11.5748,-25969.3,2.80897,0.312
2962001,2,29.6646,-25970.2,0.333147,0.296
2964001,2,25.4944,-25972.3,1.8464,0.338
2966001,1,14.438,-25974.9,0.35703,0.263
2968001,1,13.349,-25972.3,1.35101,0.205
2970001,1,14.1742,-25971,0.49184,0.219
2972001,1,14.4647,-25971.6,0.194144,0.243
2974001,1,14.44,-25971.3,0.1392,0.332
2976001,1,14.1789,-25967.8,0.116894,0.238
2978001,1,14.0147,-25967,0.226258,0.242
2980001,1,14.0951,-25967.1,0.155543,0.239
2982001,1,13.0162,-25966.6,1.07733,0.23
2984001,1,13.4145,-25966.9,0.667951,0.187
2986001,2,25.9877,-25970.1,3.32425,0.251
2988001,2,28.9849,-25954,0.318128,0.28
2990001,1,10.3563,-25955.4,3.55291,0.254
2992001,1,13.5588,-25956.9,0.528434,0.231
2994001,1,14.031,-25955.6,0.0745472,0.22
2996001,2,24.9833,-25953.7,1.24446,0.239
2998001,1,12.4417,-25956.3,1.46702,0.256
3000001,1,12.5219,-25954.5,1.52773,0.244
3002001,2,28.4864,-25950.5,1.28761,0.348
3004001,1,13.8929,-25954.5,0.111301,0.289
3006001,1,14.0755,-25955.5,0.0638809,0.211
3008001,2,29.3284,-25954.8,0.875588,0.242
3010001,1,10.7393,-25956.3,3.59439,0.237
3012001,1,13.9143,-25957,0.441142,0.287
3014001,1,14.2545,-25959.2,0.22895,0.21
3016001,1,13.2215,-25958.4,1.21598,0.212
3018001,1,13.5676,-25956.5,0.703718,0.244
3020001,3,45.215,-25950.8,0.14146,0.355
3022001,2,28.6106,-25949.5,0.766327,0.38
3024001,3,44.236,-25950,1.92436,0.345
3026001,1,13.7403,-25955.2,0.497106,0.219
3028001,2,28.3324,-25954.7,0.170282,0.315
3030001,1,13.9486,-25953.6,0.0137725,0.232
3032001,1,13.4737,-25955.1,0.590517,0.287
3034001,2,27.9796,-25953.7,0.109515,0.25
3036001,1,12.8246,-25954.1,1.12365,0.224
3038001,1,13.4452,-25953.9,0.524306,0.41
3040001,1,12.2218,-25955,1.98894,0.32
3042001,2,29.4177,-25954.5,0.38135,0.273
3044001,2,25.5433,-25953.6,2.78416,0.223
3046001,1,13.7083,-25954.9,0.456038,0.285
3048001,1,13.7099,-25956.8,0.661749,0.23
3050001,1,13.808,-25960,0.624444,0.227
3052001,1,13.903,-25958.8,0.591947,0.22
3054001,1,13.6181,-25958.5,0.730422,0.229
3056001,1,13.6014,-25953.3,0.259091,0.367
3058001,1,12.0757,-25953.9,1.97562,0.19
3060001,1,12.941,-25956.6,1.15232,0.326
3062001,2,28.2849,-25954.9,1.23459,0.231
3064001,1,13.5594,-25952.8,0.206242,0.238
3066001,1,13.2678,-25954.3,0.516136,0.23
3068001,1,13.4973,-25954.7,0.223101,0.219
3070001,1,13.527,-25954.3,0.0952987,0.232
3072001,1,13.4946,-25954.7,0.570121,0.234
3074001,2,29.0476,-25952,0.895613,0.312
3076001,1,13.7894,-25956.5,0.249537,0.216
3078001,1,11.5954,-25954.2,2.44181,0.258
3080001,1,12.7533,-25954.9,1.30386,0.259
3082001,2,30.2539,-25957.1,0.289806,0.253
3084001,1,13.47,-25955.7,0.748177,0.3
3086001,1,14.0661,-25958,0.121265,0.27
3088001,2,27.9031,-25954.9,1.74644,0.259
3090001,2,29.1267,-25953.4,1.08724,0.342
3092001,2,28.3952,-25954.6,0.339617,0.256
3094001,1,13.3615,-25954.6,0.644404,0.208
3096001,1,13.6033,-25955.2,0.502597,0.264
3098001,1,13.6638,-25954.6,0.170424,0.235
3100001,1,9.74023,-25953.1,3.94909,0.246
3102001,1,12.5948,-25953.7,1.19218,0.414
3104001,1,12.9489,-25953.2,0.806454,0.228
3106001,1,13.0654,-25952.8,0.559969,0.237
3108001,2,27.5532,-25952.8,0.543577,0.336
3110001,2,28.2787,-25952.9,0.255169,0.228
3112001,1,12.8501,-25953.8,0.734142,0.299
3114001,1,12.5722,-25952.7,1.03854,0.293
3116001,1,13.4702,-25953.1,0.260584,0.29
3118001,1,12.3698,-25953,1.38042,0.224
3120001,3,42.1975,-25949.7,0.359433,0.251
3122001,1,12.3303,-25953.7,1.50953,0.27
3124001,1,12.4193,-25953.7,1.27148,0.231
3126001,1,13.2931,-25954.5,0.394052,0.245
3128001,1,12.8227,-25953.1,0.909626,0.19
3130001,1,13.0972,-25953.2,0.630236,0.216
3132001,2,28.1011,-25954,0.644212,0.295
3134001,1,12.7754,-25954.4,0.831981,0.238
3136001,3,45.0889,-25954.1,0.252776,0.263
3138001,1,12.5524,-25955.7,0.809723,0.285
3140001,4,55.2291,-25950.3,2.82931,0.306
3142001,1,13.422,-25954.8,0.269149,0.256
3144001,3,44.2476,-25953.4,0.746572,0.29
3146001,1,12.768,-25953.2,0.879342,0.208
3148001,2,24.9605,-25952.7,3.06071,0.226
3150001,1,13.1216,-25953.3,0.694859,0.252
3152001,1,13.6677,-25953,0.159659,0.333
3154001,1,12.6411,-25953.3,0.932526,0.201
3156001,1,9.43359,-25954.2,4.20885,0.324
3158001,1,13.6742,-25953.5,0.0193325,0.319
3160001,2,27.1043,-25953.2,1.96004,0.32
3162001,1,13.2088,-25953.7,0.470198,0.259
3164001,1,13.3731,-25953.8,0.224778,0.215
3166001,1,13.0944,-25956.9,0.456109,0.228
3168001,2,28.26,-25954.7,1.68355,0.274
3170001,1,12.1028,-25954.4,1.40475,0.252
3172001,1,12.2406,-25953.6,1.29619,0.219
3174001,1,13.2328,-25953.2,0.51455,0.23
3176001,1,11.8246,-25954.2,1.77602,0.24
3178001,1,13.1291,-25953.5,0.495444,0.233
3180001,2,28.7031,-25960.2,0.271886,0.26
3182001,2,30.0923,-25956.3,0.00222139,0.287
3184001,2,29.2717,-25954.3,0.628866,0.223
3186001,1,13.1548,-25954.9,0.744289,0.208
3188001,2,26.963,-25953.6,1.32875,0.275
3190001,2,27.5069,-25954.8,2.11006,0.356
3192001,2,28.2003,-25953.4,1.48501,0.33
3194001,1,13.5231,-25952.8,0.0488183,0.268
3196001,1,13.3065,-25953.7,0.273428,0.221
3198001,1,13.4731,-25954.3,0.118332,0.247
3200001,1,12.9489,-25954.4,0.57643,0.242
3202001,1,7.17906,-25961.9,6.49703,0.259
3204001,3,43.6812,-25954.6,1.51232,0.275
3206001,2,27.0866,-25955.9,2.2719,0.247
3208001,1,13.2674,-25957.3,0.322164,0.216
3210001,1,11.6572,-25953.6,1.84414,0.227
3212001,2,27.7824,-25953.4,1.81378,0.239
3214001,2,28.0599,-25952.8,0.0882235,0.316
3216001,1,11.7482,-25954.8,2.12254,0.308
3218001,1,11.3519,-25954.5,2.58326,0.284
3220001,1,12.523,-25953.9,1.11324,0.289
3222001,1,13.3224,-25953.2,0.314735,0.216
3224001,1,12.4771,-25953,0.915265,0.223
3226001,2,27.0125,-25952.6,1.04796,0.263
3228001,2,24.6937,-25957.8,0.079326,0.213
3230001,3,40.107,-25953.1,5.4345,0.276
3232001,1,13.5712,-25953.2,0.116893,0.273
3234001,2,29.0165,-25953.5,0.783391,0.262
3236001,2,26.6926,-25952.5,0.239735,0.36
3238001,2,28.6197,-25955.7,0.4351,0.328
3240001,1,13.1529,-25953.4,0.413237,0.28
3242001,2,29.5014,-25949.2,0.707217,0.199
3244001,2,26.9189,-25951.5,1.13537,0.26
3246001,1,12.622,-25953.3,0.663729,0.185
3248001,1,12.6459,-25953.2,0.60603,0.213
3250001,1,11.2678,-25954.2,2.08891,0.253
3252001,1,12.5542,-25953.8,0.728727,0.212
3254001,1,13.3056,-25953.5,0.0221326,0.219
3256001,1,12.9911,-25953.7,0.155057,0.281
3258001,1,8.88316,-25955.2,4.41076,0.285
3260001,1,12.8164,-25953.2,0.695534,0.323
3262001,1,10.9664,-25953.4,2.7011,0.252
3264001,3,41.5162,-25952.7,1.06005,0.32
3266001,1,11.9585,-25952.5,1.53467,0.222
3268001,1,12.8387,-25952.7,0.673818,0.269
3270001,1,12.9019,-25954.5,0.609997,0.369
3272001,1,12.7005,-25952.8,0.62573,0.247
3274001,1,12.8539,-25954.2,0.574414,0.233
3276001,1,13.2817,-25953.1,0.0860205,0.217
3278001,1,13.2617,-25953,0.182992,0.222
3280001,2,28.4324,-25954,0.39426,0.362
3282001,1,12.6283,-25955,0.865685,0.219
3284001,2,25.179,-25956.4,3.78381,0.242
3286001,2,28.5114,-25952.6,1.56297,0.354
3288001,3,44.2639,-25952,1.39574,0.27
3290001,1,13.3357,-25954.3,0.321971,0.207
3292001,2,28.9549,-25951.1,0.795105,0.425
3294001,1,12.3867,-25955,0.925942,0.289
