generation,leftchild,rightchild,abstime,lambdainit,lambdashift,muinit,mushift
1,2511,6981,0,0.032,0,0.005,0
5001,2511,6981,0,0.0149798,0,0.0147134,0
5001,188,3981,15728.6,0.00119702,-0.0017825,2.33241e-05,0
5001,572,2733,11996.7,0.000536679,1.93495e-05,0.000854965,0
5001,844,5407,17899.1,0.00074338,-8.42e-05,0.00105275,0
5001,1706,3526,10413.5,0.000379406,-3.42969e-05,0.000181908,0
5001,725,5345,13160.2,0.00119456,-4.78573e-05,0.000915194,0
5001,1897,3393,12508.5,0.000210892,1.371e-05,0.000253646,0
5001,27,NA,17634.7,0.000543321,-0.0018774,0.000481728,0
5001,1071,6469,20143.4,0.000157279,2.68119e-05,0.000855171,0
5001,6053,6280,13806.2,0.000373866,-2.97739e-05,0.000560035,0
5001,4144,NA,25629.2,0.000306678,4.14951e-05,0.00190976,0
5001,809,NA,27504.4,0.00113089,-0.0158802,0.00256857,0
5001,737,4986,19847.3,0.000897823,-0.00130562,0.000386069,0
5001,1502,NA,27090.9,0.00125479,4.7353e-05,0.0039224,0
5001,4910,6589,14082.2,0.000257735,8.74174e-06,0.000626281,0
5001,5858,7095,22460.5,0.000281983,1.50699e-05,0.000979788,0
5001,2148,4527,18188.3,0.000406256,-4.27099e-05,0.000629289,0
5001,3026,6403,25672.5,0.000570763,-0.00193131,0.00135626,0
5001,6925,6801,25950.6,0.000781629,1.56288e-05,0.00259237,0
5001,4923,4608,19330.7,0.000217808,2.10352e-06,0.000450739,0
5001,5072,6554,6608.77,0.00165574,-0.00143002,3.68208e-06,0
5001,2687,5076,5184.15,0.000199027,1.27162e-05,0.000271889,0
10001,2511,6981,0,0.0149798,0,0.0147134,0
10001,188,3981,16916.5,0.00257844,-0.0127667,0.000427805,0
10001,3516,4056,16398.3,0.000375431,2.0206e-05,0.000629044,0
10001,844,5407,16108.2,0.000240501,-8.42e-05,0.000542237,0
10001,1706,3526,6903.69,0.000193755,-3.42969e-05,1.08234e-05,0
10001,1897,3393,11059.2,0.000154958,1.371e-05,3.06489e-05,0
10001,6594,NA,13324,0.000322501,-0.0074097,0.000447851,0
10001,27,NA,14255.1,0.000678877,-0.0018774,0.00052446,0
10001,2148,4527,17867,0.000540134,-4.27099e-05,0.000438478,0
10001,5082,NA,21762.9,0.000272155,-0.00389207,0.000525799,0
10001,4927,7194,25545.1,0.00262657,-1.27719e-05,0.00266881,0
10001,328,NA,26555,0.000267581,-0.00526463,0.00316867,0
10001,2040,NA,25292,0.000373004,1.38126e-06,0.00168176,0
10001,6053,6280,11906.5,0.000129816,-2.97739e-05,0.000488998,0
10001,6196,6118,15857.7,0.000353384,-6.68104e-06,0.00058152,0
10001,3849,5368,20218.6,0.00135101,2.68119e-05,0.0017354,0
10001,4014,3588,15061,0.000183075,3.07245e-05,0.000111004,0
10001,2315,4653,8998.72,0.00109607,-4.78573e-05,0.00069731,0
10001,494,6410,21144,0.000285555,-3.97684e-05,0.00134296,0
10001,6121,NA,20168.6,0.000340667,1.48466e-05,0.00132113,0
10001,4144,NA,23813.1,0.000507732,4.14951e-05,0.00162529,0
10001,809,NA,27643,0.00025794,-0.00211786,0.00446436,0
10001,6235,NA,26919.2,0.000986075,7.61274e-05,0.00402534,0
10001,1966,5181,19014.3,0.000399018,-1.92044e-05,0.000567693,0
10001,4910,6589,14100.9,0.000263293,8.74174e-06,0.000441341,0
10001,3206,5078,14865.4,0.00011527,1.50699e-05,0.000229568,0
10001,1637,6947,15036.4,0.000534796,-5.00473e-05,0.000349887,0
10001,1510,5293,12468.3,0.000796268,1.93495e-05,0.00100276,0
10001,6925,6801,22542.5,9.40429e-05,1.56288e-05,0.000960824,0
10001,1015,NA,24221.1,0.000774106,-2.4326e-05,0.00124931,0
10001,3449,4019,9383.29,0.00018512,2.10352e-06,0.000175182,0
10001,5072,6554,6636.93,0.00179015,-0.00143002,2.44958e-06,0
10001,517,6252,4724.49,0.000199673,1.27162e-05,0.000222591,0
10001,3217,3367,10302,0.000307063,-5.17032e-05,5.71401e-05,0
10001,1310,274,2041.5,0.000223555,-1.8202e-05,8.9979e-05,0
15001,2511,6981,0,0.0149798,0,0.0147134,0
15001,188,3981,15081.3,0.000597187,-0.00103073,0.000351642,0
15001,3516,4056,15272,0.000274883,2.0206e-05,0.000561778,0
15001,3449,4019,9053.13,0.000237641,2.10352e-06,0.000375213,0
15001,844,5407,13663.1,7.55501e-05,-8.42e-05,0.000358771,0
15001,27,NA,15096.1,0.000224022,-0.00185788,0.000540193,0
15001,5082,NA,20647.1,0.0036472,-0.00736123,0.000968057,0
15001,1706,2497,4902.88,0.00021058,-3.42969e-05,3.87109e-05,0
15001,6594,NA,13545,0.00067364,-0.00343656,0.000518459,0
15001,328,NA,25530.4,0.00131081,-0.00915476,0.00223333,0
15001,2040,NA,26087.2,0.000360022,1.38126e-06,0.0022949,0
15001,3645,NA,19635.6,4.41457e-05,-0.00492158,0.000580992,0
15001,1897,3393,12242.6,0.000112798,1.371e-05,5.66357e-05,0
15001,423,NA,18835,9.75384e-05,-0.00271503,0.00069453,0
15001,4014,3588,11383.3,0.000281838,3.07245e-05,0.000287483,0
15001,6053,6280,13243.2,0.000323793,-2.97739e-05,0.00045543,0
15001,3217,3367,8389.34,0.000765852,-5.17032e-05,0.000497248,0
15001,2315,4653,8718.55,0.000603085,-4.78573e-05,0.000585142,0
15001,6259,6694,20041.6,0.00029101,3.53187e-06,0.000852072,0
15001,6196,6118,15391.3,0.000261726,-6.68104e-06,0.000508872,0
15001,494,6410,21524.8,0.00140695,-3.97684e-05,0.00187798,0
15001,6121,NA,18653.5,0.000538429,1.48466e-05,0.0011863,0
15001,6948,NA,28435.1,0.00190444,1.00222e-05,0.00292607,0
15001,6025,6105,24606.4,0.000430369,-1.87726e-05,0.000749696,0
15001,4144,NA,22419,0.000571708,4.14951e-05,0.00148809,0
15001,809,NA,26579.4,0.000608595,-0.00186487,0.00257463,0
15001,979,3755,9074.12,0.000503699,-8.74371e-05,0.000563871,0
15001,1976,NA,22317.8,8.88682e-05,-0.00799008,0.00114781,0
15001,1966,4062,16845.9,6.79083e-05,-1.92044e-05,7.27748e-05,0
15001,4910,6589,12918.6,0.000496542,8.74174e-06,0.000820447,0
15001,71,3218,13180.4,0.000755202,-4.70549e-05,0.000491515,0
15001,1015,NA,20649.4,0.00101699,-2.4326e-05,0.00178049,0
15001,2462,7118,25510.9,0.000580125,7.61274e-05,0.00238,0
15001,4098,NA,28840.7,0.000261999,0.000573531,0.00283724,0
15001,1637,6947,15730.9,0.000386065,-5.00473e-05,0.000140546,0
15001,3849,5368,20181.6,0.000913634,2.68119e-05,0.00115799,0
15001,924,4989,5330.45,0.000751098,1.93495e-05,0.00100276,0
15001,5072,6554,5863.19,0.00117221,-0.00143002,7.23459e-06,0
15001,3517,431,2897.89,7.67277e-05,1.27162e-05,5.31925e-06,0
15001,1310,274,2062.83,0.000214155,-1.8202e-05,0.000114837,0
15001,4514,NA,23153.2,0.00165185,-0.00142277,0.00117304,0
20001,2511,6981,0,0.0149798,0,0.0147134,0
20001,2083,5371,19346.4,0.000688502,-1.11499e-05,0.00087726,0
20001,188,3981,16301.3,0.00182293,-0.00103073,0.000255945,0
20001,3516,4056,15900.3,0.000240763,2.0206e-05,0.000288593,0
20001,3449,4019,9163.87,0.000123067,2.10352e-06,0.000170136,0
20001,3450,3449,324.333,0.000656228,-4.70549e-05,0.00034143,0
20001,844,5407,11993.9,0.000286937,-8.42e-05,0.000470926,0
20001,27,NA,14071.5,0.00107462,-0.0158532,0.000350683,0
20001,5082,NA,21451.1,0.00148839,-0.010749,0.00103464,0
20001,1706,2497,2581.78,0.000266926,-3.42969e-05,0.00010803,0
20001,6594,NA,14547,0.00119089,-0.00830376,0.000494767,0
20001,328,NA,26178.4,0.00165942,-0.00679914,0.00254845,0
20001,6355,3941,64.5868,0.000314267,-1.59464e-05,0.000131542,0
20001,2040,NA,25899.6,0.000615916,1.38126e-06,0.00289059,0
20001,5139,NA,27021.4,0.000226664,-0.00084438,0.00246154,0
20001,1897,3393,12355.8,8.75485e-05,1.371e-05,2.14948e-05,0
20001,423,NA,20295.3,0.000387308,-0.0125956,0.000849559,0
20001,2310,NA,13437.7,0.00216804,9.24736e-06,0.00247327,0
20001,4014,3588,12276.5,0.000257792,3.07245e-05,0.000426693,0
20001,6053,6280,14132.2,0.000479067,-2.97739e-05,0.000751376,0
20001,579,3217,6954.92,0.000227874,-5.17032e-05,0.000158838,0
20001,2315,4653,10153.5,0.000633678,-4.78573e-05,0.000253589,0
20001,6196,3308,11510.6,0.000362855,-6.68104e-06,0.000384891,0
20001,494,6410,24610.2,0.000895259,-3.97684e-05,0.0010071,0
20001,6121,NA,18657.2,0.000261695,1.48466e-05,0.000805135,0
20001,2381,NA,23537.9,0.000257381,-0.00557902,0.00125473,0
20001,6025,6105,20765,0.000474838,-1.87726e-05,0.00111982,0
20001,1015,NA,20974.4,0.000957647,-2.4326e-05,0.00180696,0
20001,4144,NA,23157.3,0.000835506,4.14951e-05,0.00157935,0
20001,809,NA,27178,0.000617357,-0.00186487,0.00253332,0
20001,979,3755,7637.96,0.000536007,-8.74371e-05,0.000352195,0
20001,1966,4062,16163.9,0.000451583,-1.92044e-05,0.000550873,0
20001,4910,6589,14147.3,0.000280034,8.74174e-06,0.000687601,0
20001,1010,5527,11860.9,0.000282587,3.53187e-06,0.000596223,0
20001,6575,NA,27957.9,0.000207683,0.000573531,0.00274278,0
20001,1637,6947,16147.9,0.000294739,-5.00473e-05,6.16021e-05,0
20001,4406,7175,28521.9,0.000712665,2.68119e-05,0.000460366,0
20001,3157,6937,25716.2,0.000487292,-5.07239e-05,0.00275813,0
20001,924,4989,5306.82,0.000735305,1.93495e-05,0.00100276,0
20001,3227,NA,17947.6,0.000140849,-0.00143002,3.84445e-05,0
20001,3517,431,2906.8,6.29765e-05,1.27162e-05,2.71839e-05,0
20001,1310,274,2062.83,0.000188131,-1.8202e-05,9.42888e-05,0
20001,4514,NA,22683.8,0.00112972,-0.00142277,0.000809351,0
20001,566,2689,8836.51,0.000468046,-7.04222e-05,0.000270569,0
25001,2511,6981,0,0.0149798,0,0.0147134,0
25001,2083,5371,19330,0.000139261,-1.11499e-05,0.000154885,0
25001,188,3981,15651.4,0.000476738,-0.00103073,0.000324216,0
25001,3516,4056,15789.2,0.000342335,2.0206e-05,0.000618535,0
25001,4920,NA,24526.1,0.000178813,-2.75863e-05,0.000773664,0
25001,6355,3941,109.662,0.000248168,-1.59464e-05,0.000147225,0
25001,3450,3449,363.403,0.000495748,-4.70549e-05,0.00026921,0
25001,844,5407,10299.5,0.000172535,-8.42e-05,0.000262315,0
25001,27,NA,15009.9,0.000980061,-0.0158532,0.000650093,0
25001,1889,NA,16553.2,0.00075014,-3.5489e-05,0.00132077,0
25001,5082,NA,22461.9,0.000500915,-0.010749,0.000946657,0
25001,4587,29,194.468,0.000242467,-6.08529e-05,5.50922e-05,0
25001,216,5663,12052,0.000129766,1.51695e-05,0.000236806,0
25001,6594,NA,13349.5,0.000176724,-0.00243001,0.000439502,0
25001,328,NA,26185.6,0.00358117,-0.00197219,0.00353517,0
25001,6078,1525,4168.39,0.000515789,2.68119e-05,0.00070067,0
25001,1897,3393,10794.9,5.93932e-05,1.371e-05,9.55499e-05,0
25001,423,NA,19040.1,0.00333857,-0.0125956,0.000772077,0
25001,4014,3588,10525.8,0.000252589,3.07245e-05,0.00045687,0
25001,835,4161,15966.9,0.000610279,-2.97739e-05,0.000667391,0
25001,579,3217,5947.54,0.000340725,-5.17032e-05,0.000134635,0
25001,2315,4653,10414.3,0.000261727,-4.78573e-05,0.000191571,0
25001,634,3552,9661.92,0.000470927,-5.00473e-05,0.000291632,0
25001,1113,6196,8574.89,0.00025424,-6.68104e-06,0.000309338,0
25001,494,6410,26024.3,0.000518288,-3.97684e-05,0.00152749,0
25001,3365,5392,20342.2,0.000124782,1.59444e-05,0.00039737,0
25001,6121,NA,19380.4,1.71884e-05,1.48466e-05,0.000622192,0
25001,2381,NA,25501.2,7.89226e-05,-0.00557902,0.00142071,0
25001,6025,6105,21859.7,0.000332573,-1.87726e-05,0.000588729,0
25001,4144,NA,22198.8,0.00081293,4.14951e-05,0.00148411,0
25001,2638,NA,11947.4,4.19621e-05,2.5835e-05,0.000196184,0
25001,809,NA,25179.9,0.000320117,-0.00223622,0.00213075,0
25001,979,3755,8686.89,0.000264306,-8.74371e-05,0.000365235,0
25001,1966,4062,15496.9,0.000498278,-1.92044e-05,0.000512249,0
25001,1874,3901,13314.5,0.000812676,1.2974e-05,0.00115179,0
25001,4910,2738,11109,0.000280202,8.74174e-06,0.000457345,0
25001,539,2204,5813.83,0.000669341,-3.88832e-05,0.000655069,0
25001,1015,NA,23960.2,0.000863488,-2.4326e-05,0.00167752,0
25001,1010,5527,11466.5,0.000174472,3.53187e-06,0.000524562,0
25001,5427,NA,28122.5,1.03904e-05,0.0028766,0.00399228,0
25001,3157,6937,25063.2,6.56036e-05,-5.07239e-05,0.00146772,0
25001,924,4989,5326.56,0.000735305,1.93495e-05,0.00100276,0
25001,3517,406,2867.58,6.65983e-05,1.27162e-05,1.14295e-05,0
25001,1310,274,2062.83,0.000210428,-1.8202e-05,0.000123128,0
25001,4514,NA,24002.1,0.00034598,-0.00142277,0.000787051,0
25001,566,2689,7491.5,0.00084491,-7.04222e-05,0.000349578,0
30001,2511,6981,0,0.0149798,0,0.0147134,0
30001,188,3981,16747.1,0.00197828,-0.00103073,0.000164996,0
30001,3516,4056,14489.8,0.000184523,2.0206e-05,0.00041368,0
30001,2511,5929,1.29424,0.000217169,-1.59464e-05,0.000148713,0
30001,2507,NA,214.51,0.00062286,-4.70549e-05,0.000412559,0
30001,844,5407,7794.17,0.00109691,-8.42e-05,0.000413802,0
30001,245,NA,5398.28,0.000396131,-1.35853e-05,0.000450199,0
30001,579,3217,8220.91,0.000249008,-5.17032e-05,7.86752e-05,0
30001,450,175,398.077,0.000325998,-6.08529e-05,8.23966e-05,0
30001,1095,5365,18077.9,0.000522924,-1.90928e-05,0.00103936,0
30001,5082,NA,20988,0.00243685,-0.010749,0.000945476,0
30001,5362,NA,21469.6,7.11833e-05,1.51695e-05,0.000136217,0
30001,6594,NA,10978,0.000278855,-0.00243001,0.000315888,0
30001,6078,1525,5762.77,0.000535159,2.68119e-05,0.000811924,0
30001,1897,3393,11753.5,9.04294e-05,1.371e-05,2.14029e-06,0
30001,423,NA,20827.3,0.00136454,-0.0125956,0.000940354,0
30001,835,4161,15366.5,0.000641483,-2.97739e-05,0.000389059,0
30001,1889,NA,14814.4,0.00112005,-3.5489e-05,0.00132077,0
30001,328,NA,25801.7,0.00243772,-0.0188836,0.00156294,0
30001,6732,6825,22161.4,0.00050164,-3.46175e-05,0.00147712,0
30001,4014,3588,11360.7,0.000179279,3.07245e-05,0.000376842,0
30001,6089,NA,22227,0.000289891,4.72402e-05,0.0014582,0
30001,2315,4653,10102.7,0.000408035,-4.78573e-05,0.000239131,0
30001,634,3552,6897.41,0.000316414,-5.00473e-05,0.000238378,0
30001,1194,NA,25890.1,0.000813324,1.02609e-06,0.00266217,0
30001,1113,6196,9121.38,0.000128775,-6.68104e-06,8.60843e-05,0
30001,3365,5392,20050.6,0.000664933,1.59444e-05,0.000635547,0
30001,6121,NA,19805.1,0.000219144,-0.00602902,0.000764283,0
30001,2381,NA,23156.6,0.00285848,-0.00557902,0.000568425,0
30001,6025,6105,20025.9,0.000527898,-1.87726e-05,0.0007844,0
30001,4144,NA,25022.9,0.000574063,4.14951e-05,0.00209521,0
30001,2638,NA,9892.29,0.00217394,-0.00126806,0.000328283,0
30001,809,NA,25262.8,0.000950543,-0.000658342,0.00205385,0
30001,979,3755,9758.82,0.000406719,-8.74371e-05,0.000421382,0
30001,6235,NA,11507.9,0.000862811,5.00769e-06,0.00109821,0
30001,1966,4062,14253.3,0.000507794,-1.92044e-05,0.000471083,0
30001,4128,6407,25941.5,0.000547794,-5.64906e-06,0.000210317,0
30001,1874,3901,12305.6,0.000147044,1.2974e-05,0.000368913,0
30001,4910,2738,11836.7,0.000296162,8.74174e-06,0.000469543,0
30001,1004,6284,19814.5,8.01556e-05,-2.37244e-05,0.000824638,0
30001,539,2204,6226.63,0.000983163,-3.88832e-05,0.000583695,0
30001,2206,NA,21493.9,0.000434267,-3.04429e-05,0.00120668,0
30001,1015,NA,22795.3,0.00150791,-2.4326e-05,0.00242995,0
30001,1123,3962,7821.07,0.000234012,3.53187e-06,0.000526213,0
30001,1322,NA,10794.1,0.00311321,-2.90405e-06,0.00317267,0
30001,3157,6937,25078.5,0.00151543,-5.07239e-05,0.00203039,0
30001,2283,6367,13049.6,0.00054014,1.53637e-05,0.000785996,0
30001,5427,NA,28180.5,4.94398e-06,-0.00238632,0.0038877,0
30001,924,4989,5326.56,0.000735305,1.93495e-05,0.00097181,0
30001,1613,NA,17404.8,0.000113521,-3.6545e-06,0.000208047,0
30001,3517,406,2852.24,8.0192e-05,1.27162e-05,4.15671e-05,0
30001,1310,274,2062.83,0.000358837,-1.8202e-05,0.000180894,0
30001,231,NA,17513.8,0.000137694,-2.75863e-05,0.000666576,0
30001,566,2689,8391.36,0.000552689,-7.04222e-05,0.00032797,0
35001,2511,6981,0,0.0149798,0,0.0147134,0
35001,844,1772,5781.43,0.000409905,-8.42e-05,0.000233448,0
35001,2511,5929,1.29424,0.000217169,-1.59464e-05,0.000129197,0
35001,6594,6917,7416.44,0.00077034,-0.00206842,4.96332e-05,0
35001,55,7333,14992.9,0.000196997,-1.5671e-05,0.000586456,0
35001,328,NA,23372.4,0.000518459,-0.0179579,0.00155862,0
35001,6078,1525,4878.97,0.000396766,2.68119e-05,0.000659361,0
35001,1163,2959,12572.9,0.000296998,-5.64906e-06,0.00038347,0
35001,6943,NA,20574.9,0.000964531,-0.00924186,0.000858079,0
35001,5510,NA,26613.7,0.000180449,-0.00059572,0.00200989,0
35001,245,NA,7045.29,0.000175179,-1.35853e-05,0.000360202,0
35001,1897,3393,13528.7,6.06622e-05,1.371e-05,4.27888e-05,0
35001,579,3217,5798.13,0.000486461,-5.17032e-05,0.000307359,0
35001,1194,NA,26474.4,0.000292981,1.02609e-06,0.00266936,0
35001,1095,5365,19939.5,0.00071274,-1.90928e-05,0.00116411,0
35001,423,NA,20635.4,0.00126195,-0.00595628,0.00100553,0
35001,1889,NA,13584.1,0.00125351,-3.5489e-05,0.00124479,0
35001,6732,6825,20876.3,0.00121599,-3.46175e-05,0.00197201,0
35001,3987,NA,22577.7,0.000462324,2.76964e-05,0.0011318,0
35001,6089,NA,21354.3,0.000740541,4.72402e-05,0.00167049,0
35001,3365,5392,21542.2,0.000316977,1.59444e-05,0.000236794,0
35001,4014,3588,7830.6,9.86122e-05,3.07245e-05,0.000159318,0
35001,4000,NA,28716.6,0.00176908,7.00307e-06,0.000704465,0
35001,1169,NA,19072.3,0.000410106,-2.75863e-05,0.000945213,0
35001,5636,4311,9038.65,0.000111157,1.51695e-05,0.00015473,0
35001,2315,4653,6388.96,0.000302083,-4.78573e-05,6.5973e-05,0
35001,634,3552,6575.06,0.000151625,-5.00473e-05,7.8993e-05,0
35001,1113,6196,9859.11,0.000157083,-6.68104e-06,0.000227452,0
35001,867,4167,15662.4,0.000201845,-5.1612e-05,0.000255521,0
35001,6121,NA,22697.5,0.00155889,-0.00602902,0.00109837,0
35001,2381,NA,22029.7,0.000342607,-0.00557902,0.000799438,0
35001,6025,6105,21263.1,0.000459627,-1.87726e-05,0.000734632,0
35001,2638,NA,10053.2,0.00145087,-0.00302433,0.000282097,0
35001,809,NA,26917.7,0.000486597,-0.000658342,0.00251912,0
35001,979,3755,10293.7,0.000151674,-8.74371e-05,0.000419587,0
35001,6235,NA,9781.66,0.000752086,5.00769e-06,0.001073,0
35001,1966,4062,14629.2,0.000644485,-1.92044e-05,0.000745615,0
35001,1874,3901,11787.9,0.000290611,1.2974e-05,0.000347828,0
35001,4910,2738,9738.17,0.000537031,8.74174e-06,0.00067901,0
35001,1004,6284,17253.3,0.000496506,-2.37244e-05,0.000679627,0
35001,539,5794,3724.09,0.000816071,-3.88832e-05,0.00056747,0
35001,3157,6937,25310.6,0.00159562,-5.07239e-05,0.00296021,0
35001,1015,NA,23374.9,0.00167387,-2.4326e-05,0.00279116,0
35001,1123,3962,5839.54,0.000311741,3.53187e-06,0.000218416,0
35001,1404,6115,13281.5,0.000734277,1.53637e-05,0.00114626,0
35001,1322,NA,11115.9,0.00312334,-2.90405e-06,0.00317267,0
35001,5427,NA,27981,2.38292e-05,-0.00238632,0.00350294,0
35001,924,4989,5160.1,0.000735305,1.93495e-05,0.00097181,0
35001,1613,NA,17499.8,0.000389633,-3.6545e-06,0.00100979,0
35001,2301,NA,18265.5,0.000255335,4.9852e-05,0.000896641,0
35001,3517,406,2852.24,7.56424e-05,1.27162e-05,4.88507e-05,0
35001,1310,274,2062.83,0.000375628,-1.8202e-05,0.000275477,0
35001,566,2689,10531.2,0.000560436,-7.04222e-05,0.000344124,0
35001,2507,NA,100.553,0.000734124,-4.70549e-05,0.000445,0
35001,450,175,304.947,0.0003503,-6.08529e-05,0.000126428,0
40001,2511,6981,0,0.0149798,0,0.0147134,0
40001,2511,5929,1.29424,0.000204885,-1.59464e-05,0.000123753,0
40001,6594,6917,7377.87,0.00269531,-0.00206842,7.436e-05,0
40001,5510,NA,27270,0.00272969,-0.00059572,0.00585018,0
40001,55,7333,12912.5,0.000337183,-1.5671e-05,0.000605746,0
40001,328,NA,21947.7,0.000962679,-0.0109067,0.00135077,0
40001,131,6710,19835.2,0.000164494,0.000134561,0.000834565,0
40001,6078,1525,5219.82,0.000396766,2.68119e-05,0.000579598,0
40001,1897,3393,13042.1,0.000118254,1.371e-05,0.000151772,0
40001,1163,2959,11897,0.000713569,-5.64906e-06,0.000787937,0
40001,922,NA,21577.1,0.000110227,-6.83742e-05,0.000982628,0
40001,6943,NA,18199.2,0.00125345,-0.00924186,0.000622113,0
40001,3641,4616,16685.7,0.000248077,-1.35853e-05,0.000568397,0
40001,1095,5365,19042.5,0.000986381,-1.90928e-05,0.000997095,0
40001,423,NA,21022.2,0.00355316,-0.013978,0.00107492,0
40001,1889,NA,15150.5,0.0012877,-3.5489e-05,0.00139108,0
40001,6732,6825,18736.6,0.00184354,-3.46175e-05,0.00173211,0
40001,3987,NA,21733.1,0.000346398,2.76964e-05,0.00110451,0
40001,3365,5392,19968,0.000365155,1.59444e-05,0.000510842,0
40001,4014,1231,3557.1,9.31651e-05,3.07245e-05,0.000129172,0
40001,5636,4311,10179.3,0.000128271,1.51695e-05,3.706e-05,0
40001,6089,NA,21198.8,0.000394629,4.72402e-05,0.00155769,0
40001,579,3217,7493.28,0.000524767,-5.17032e-05,0.000209968,0
40001,2315,4653,5597.33,0.00111358,-4.78573e-05,0.000526296,0
40001,634,3552,5001.2,0.000223519,-5.00473e-05,0.000180452,0
40001,1113,6196,9411.9,0.000364869,-6.68104e-06,0.000406978,0
40001,867,4167,17282.3,0.000132083,-0.002713,0.000287664,0
40001,6121,NA,21674.6,0.000798197,-0.00602902,0.000904983,0
40001,6025,6105,19782.9,0.000359843,-1.87726e-05,0.000531758,0
40001,2638,NA,11145.6,0.00118479,-0.00302433,0.00011279,0
40001,979,3755,7886.42,0.000277847,-8.74371e-05,0.000249959,0
40001,1966,4062,14006.6,0.00010869,-1.92044e-05,0.00010982,0
40001,6283,NA,26951.3,0.000105882,1.2974e-05,1.44724e-05,0
40001,1404,6115,13010.7,0.000722066,1.53637e-05,0.00114626,0
40001,1032,2102,9052.61,0.00124825,-9.22226e-05,0.00044854,0
40001,2381,NA,23757.8,0.000229591,-0.00557902,0.000774346,0
40001,492,526,3414.97,0.000816071,-3.88832e-05,0.000443919,0
40001,290,NA,21196.3,0.00180918,-2.4326e-05,0.00244324,0
40001,809,NA,27922.7,3.96879e-05,-0.000658342,0.00451787,0
40001,3157,6937,24918.8,0.00106325,-5.07239e-05,0.00256533,0
40001,4878,NA,28730.1,0.000158257,2.67974e-05,0.00254336,0
40001,1322,NA,9596.98,0.00312334,-2.90405e-06,0.00317267,0
40001,1873,6277,7971.64,0.000787572,-2.20887e-05,0.000781413,0
40001,5405,NA,19205,0.000256109,-5.22552e-05,0.000185229,0
40001,924,4989,5327.85,0.000735305,1.93495e-05,0.000982481,0
40001,1613,NA,18862,0.00030555,-3.6545e-06,0.000978636,0
40001,2301,NA,19171.1,2.83884e-05,-0.00643308,0.0007622,0
40001,3517,406,2852.24,5.28406e-05,1.27162e-05,3.82229e-06,0
40001,1310,274,2049.59,0.000485372,-1.8202e-05,0.000373512,0
40001,566,2689,7896.75,0.000499991,-7.04222e-05,0.000200441,0
40001,2507,NA,100.553,0.000474196,-4.70549e-05,0.000236266,0
40001,450,175,353.236,0.000301586,-6.08529e-05,9.80569e-05,0
45001,2511,6981,0,0.0149798,0,0.0147134,0
45001,2511,5929,12.0085,0.000526612,-4.70549e-05,0.000236266,0
45001,1889,NA,15085.8,0.00132154,-3.5489e-05,0.00139108,0
45001,6594,6917,7543.63,0.00160295,-0.00206842,5.66551e-05,0
45001,5510,NA,27666.2,0.0035528,-0.00109583,0.00563582,0
45001,450,385,188.611,9.32725e-05,-1.59464e-05,3.63138e-05,0
45001,55,7333,12959.8,0.000206234,-1.5671e-05,0.000610425,0
45001,2256,NA,7702.75,0.000590392,-0.00525648,0.000278473,0
45001,328,NA,20059.4,0.000261913,-0.0104274,0.000861573,0
45001,725,5345,10274.1,8.32994e-05,-1.87726e-05,8.6966e-05,0
45001,6078,1525,5591.38,0.000206812,2.68119e-05,0.000318272,0
45001,1897,3393,13925.8,0.0001343,1.371e-05,7.57733e-05,0
45001,1163,2959,12002.1,0.000733012,-5.64906e-06,0.000748161,0
45001,922,NA,22783.9,6.65849e-05,-0.00534234,0.00098236,0
45001,6943,NA,17763.5,0.000388647,-0.00378684,0.000655211,0
45001,423,NA,20181.7,0.00238982,-0.0160717,0.000786303,0
45001,4285,5318,1836.69,7.00496e-05,3.07245e-05,5.12341e-05,0
45001,3185,NA,24813.5,0.000236536,-1.90928e-05,0.00229386,0
45001,6732,6825,17878.1,0.00111361,-3.46175e-05,0.00148147,0
45001,6089,NA,24897.5,0.00011304,4.72402e-05,0.00170262,0
45001,579,3217,5026.21,0.000566531,-5.17032e-05,0.00028871,0
45001,2315,4653,6280.6,0.000759209,-4.78573e-05,0.000463028,0
45001,634,3552,4254.29,0.000585664,-5.00473e-05,0.000306026,0
45001,868,1113,5701.82,0.000378118,-6.68104e-06,0.000274281,0
45001,3365,5392,20544.2,0.000141371,1.59444e-05,0.000127143,0
45001,1404,6115,14221.3,0.000743736,1.53637e-05,0.00118671,0
45001,2638,NA,10952,6.82599e-05,-0.0090751,0.000255674,0
45001,1966,4062,13666.5,8.67111e-05,-1.92044e-05,0.000141744,0
45001,1032,2102,8708.57,0.0015236,-9.22226e-05,0.000658422,0
45001,4564,NA,19435.1,0.000623876,-0.00138682,0.00025851,0
45001,6121,NA,19266.6,0.00037198,-0.00655172,0.000741064,0
45001,492,526,3414.97,0.000816071,-3.88832e-05,0.000441885,0
45001,290,NA,20123.9,0.0017013,-2.4326e-05,0.00218897,0
45001,809,NA,27070.2,0.000357009,-0.000658342,0.00334501,0
45001,979,3755,5394.48,0.000647123,-8.74371e-05,0.000238301,0
45001,3157,6937,25141.2,0.00122942,-5.07239e-05,0.00285819,0
45001,2765,3641,12898.6,0.000480994,-1.35853e-05,0.000511106,0
45001,3615,933,5025.33,0.00104965,-2.20887e-05,0.000825832,0
45001,924,4989,5191.75,0.000711675,1.93495e-05,0.000982481,0
45001,1613,NA,18100.3,0.00551576,-0.00650669,0.000681891,0
45001,2301,NA,20333.9,0.000472224,-0.0104263,0.000951112,0
45001,3517,406,2852.24,6.94271e-05,1.27162e-05,3.1943e-06,0
45001,1310,274,2080.1,0.000547288,-1.8202e-05,0.000362785,0
45001,131,6710,15997.3,9.64617e-05,0.000134561,0.000730477,0
45001,566,2689,3553.02,0.000194719,-7.04222e-05,5.13257e-05,0
50001,2511,6981,0,0.0149798,0,0.0147134,0
50001,2511,5929,12.0085,0.000526612,-4.70549e-05,0.000236266,0
50001,1889,NA,14741.1,0.00116384,-3.5489e-05,0.00140506,0
50001,6594,6917,7275.98,0.00340585,-0.00207133,6.33075e-05,0
50001,5510,NA,25862.7,0.00103992,-0.00804938,0.00190831,0
50001,55,7333,12602.4,0.000295761,-1.5671e-05,0.000697854,0
50001,450,385,75.2804,0.00010646,-1.59464e-05,9.67057e-06,0
50001,2256,NA,6010.49,0.00266428,-0.00525648,0.000249919,0
50001,328,NA,20877.5,0.00112413,-0.0104274,0.000761925,0
50001,725,5345,12283.6,0.00015478,-1.87726e-05,1.05261e-05,0
50001,6078,1525,5310.19,0.000176676,2.68119e-05,0.000213221,0
50001,6732,6825,17142.9,0.00119814,-3.46175e-05,0.00114782,0
50001,1929,5159,13412.9,0.000826917,-5.64906e-06,0.000671548,0
50001,3071,3133,1547.48,0.000389081,-7.04222e-05,8.3066e-05,0
50001,3532,7260,18331.8,0.00196019,1.8817e-05,0.00272717,0
50001,922,NA,24083.8,0.000269115,-0.00231122,0.00107114,0
50001,6943,NA,17842.3,0.000588947,-0.00378684,0.000339537,0
50001,423,NA,21651.8,0.00170503,-0.0160717,0.00099922,0
50001,5549,NA,16830.1,3.84855e-05,-1.79634e-05,0.000540696,0
50001,4285,5318,1835.72,4.41868e-05,3.07245e-05,3.01509e-06,0
50001,6089,NA,24160.4,0.0015498,-0.0107209,0.0014459,0
50001,3185,NA,26708.9,0.000664805,-0.0109369,0.00261066,0
50001,579,3217,3928.64,0.000801478,-5.17032e-05,0.000360288,0
50001,374,5542,2840.05,0.000947182,-4.78573e-05,0.000463028,0
50001,1113,6196,6765.98,0.000150808,-6.68104e-06,6.98899e-05,0
50001,494,6410,22105.9,0.00100511,6.17394e-06,0.00158704,0
50001,3365,5392,20820.1,0.000220406,1.59444e-05,0.000130174,0
50001,1404,6115,13993.7,0.000880743,1.53637e-05,0.00123417,0
50001,578,1620,4156.88,7.15253e-05,-1.92044e-05,1.20005e-05,0
50001,1032,2102,8846.35,0.00144641,-9.22226e-05,0.000658422,0
50001,4970,NA,15283.7,0.00189051,-0.000511352,0.000330627,0
50001,6121,NA,19326.8,0.000584652,-0.00655172,0.000935707,0
50001,290,NA,16912.6,0.00158823,-2.4326e-05,0.00172127,0
50001,2638,NA,11642.7,0.000435592,-0.00603308,0.000247363,0
50001,2994,2828,3998.28,0.000647382,-8.74371e-05,0.000221377,0
50001,809,NA,27950.2,0.00123672,-0.000658342,0.00116866,0
50001,1608,6729,3059.21,0.000816071,-3.88832e-05,0.000443342,0
50001,2765,3641,12624.6,0.000373196,-1.35853e-05,0.000502852,0
50001,4463,3615,4636.44,0.00240097,-0.00216957,0.00455772,0
50001,2301,NA,20434.4,0.00468826,-0.0104263,0.000438049,0
50001,4463,3615,4826.88,0.00117354,-2.20887e-05,0.000818743,0
50001,3517,406,2852.24,6.43907e-05,1.27162e-05,4.94361e-06,0
50001,1310,274,2080.1,0.000598922,-1.8202e-05,0.000447166,0
50001,131,6710,17418.7,3.10916e-05,0.000134561,0.000640966,0
55001,2511,6981,0,0.0149798,0,0.0147134,0
55001,2511,5929,2.91054,0.000526612,-4.70549e-05,0.000242457,0
55001,1889,NA,23137.3,0.00031838,-0.0107209,0.00128693,0
55001,6594,6917,7479.87,0.00217737,-0.00207133,1.77622e-05,0
55001,5510,NA,24403.2,0.004135,-0.00804938,0.00205019,0
55001,55,7333,10613.4,0.000466635,-1.5671e-05,0.000673964,0
55001,2256,NA,7889.63,0.00156728,-0.0119761,0.000246567,0
55001,450,385,88.479,0.000133316,-1.59464e-05,5.11246e-05,0
55001,328,NA,19143.1,0.00102943,-0.00452996,0.000854323,0
55001,5000,NA,20087,0.000118081,-6.68104e-06,0.00100703,0
55001,1257,NA,25573.3,0.00542455,-4.80301e-05,0.00579682,0
55001,725,5345,11431.6,0.000196911,-1.87726e-05,0.000191572,0
55001,5671,NA,28019.3,0.00010471,1.97428e-06,0.00130622,0
55001,6078,1525,5351.97,6.49185e-05,2.68119e-05,0.00012193,0
55001,3071,3133,1472.04,0.00046524,-7.04222e-05,9.61092e-05,0
55001,3532,7260,17423.9,0.00196019,1.8817e-05,0.00288107,0
55001,922,NA,21511.4,0.000395048,-0.00231122,0.00114213,0
55001,6943,NA,15423.8,0.00261409,-0.00378684,0.000494043,0
55001,423,NA,19776.5,0.0025529,-0.00471534,0.000715529,0
55001,5549,NA,15904.7,0.00033927,-0.00762159,0.000467295,0
55001,4285,5318,1892.21,4.51305e-05,3.07245e-05,7.26806e-07,0
55001,290,NA,18019.4,0.0013162,-2.4326e-05,0.0017169,0
55001,1596,987,2832.72,0.000735937,-5.17032e-05,0.000359479,0
55001,374,5542,3108.35,0.000947182,-4.78573e-05,0.000442324,0
55001,494,6410,22407.4,0.00124485,6.17394e-06,0.0023712,0
55001,3365,5392,21788.8,0.00041318,1.59444e-05,0.000424837,0
55001,3185,NA,27882.2,0.000494273,-0.00177733,0.00492916,0
55001,1404,6115,10040.9,0.000895597,1.53637e-05,0.00121533,0
55001,1032,2102,8920.87,0.00147837,-9.22226e-05,0.000599548,0
55001,6121,NA,19838.6,4.58349e-07,-0.0101729,0.000709816,0
55001,4463,3615,4847.87,0.0017659,0.00322482,0.00195912,0
55001,3570,NA,23640.1,0.000218281,-0.00270062,0.000190069,0
55001,4463,3615,4868.24,0.00117354,-2.20887e-05,0.000818743,0
55001,1608,6729,2977.15,0.000779846,-3.88832e-05,0.000424623,0
55001,3517,406,2852.24,5.37276e-05,1.27162e-05,1.20497e-05,0
55001,1310,274,2080.1,0.000584034,-1.8202e-05,0.000435608,0
55001,131,6710,19245.7,0.000143498,0.000134561,0.00102641,0
55001,4598,5509,22074.2,0.000442477,4.0997e-05,0.000550679,0
60001,2511,6981,0,0.0149798,0,0.0147134,0
60001,2511,5929,2.91054,0.000557849,-4.70549e-05,0.000244711,0
60001,1889,NA,26561.7,0.000122922,-0.00688884,0.00242617,0
60001,6594,6917,6916.62,0.00260342,-0.00207133,6.74252e-05,0
60001,5510,NA,21253.8,0.00181026,-0.00154152,0.00112785,0
60001,55,7333,12144,0.000145275,-1.5671e-05,0.000534435,0
60001,1292,NA,27157.2,0.000121741,-0.00100985,0.00338254,0
60001,2256,NA,6457.71,0.000538226,-0.0119761,0.000146047,0
60001,328,NA,17970.5,0.000396374,-0.00699646,0.00069935,0
60001,5000,NA,21575.3,2.49045e-05,-6.68104e-06,0.00104958,0
60001,1257,NA,26364.4,0.00469438,-4.80301e-05,0.00572501,0
60001,590,7393,22395.2,0.00025558,-1.32568e-05,0.00180957,0
60001,725,5345,12072.2,0.000438945,-1.87726e-05,0.000481951,0
60001,190,6078,2452.05,5.30517e-05,2.68119e-05,4.37843e-05,0
60001,3071,3133,1583.34,0.000489054,-7.04222e-05,0.000132243,0
60001,3532,7260,19490.1,0.00260086,1.8817e-05,0.00302017,0
60001,922,NA,22569.7,0.00161987,-0.00350311,0.00030417,0
60001,6943,NA,13153.8,0.00185399,-0.00538957,0.000220797,0
60001,423,NA,17252.6,0.00147003,-0.0101864,0.000581761,0
60001,5549,NA,12454.6,0.000158215,-0.00785542,0.000180774,0
60001,3185,NA,26584.8,6.94351e-05,-0.00177733,0.00149762,0
60001,6352,NA,29375.1,0.00205089,1.53637e-05,0.00235607,0
60001,3570,NA,24887.6,0.000363264,-0.00270062,0.00212471,0
60001,3901,NA,28518.8,0.000314736,-2.20887e-05,0.000349609,0
60001,6252,6055,23984.1,8.39834e-05,1.27162e-05,1.92492e-05,0
60001,4244,156,1327.54,0.000808968,-5.17032e-05,0.000298365,0
60001,131,6710,19206.9,0.000114194,0.000134561,0.000870097,0
60001,4598,5509,22000.5,0.000189661,4.0997e-05,1.72728e-05,0
60001,450,385,88.479,0.000107482,-1.59464e-05,3.8287e-05,0
65001,2511,6981,0,0.0149798,0,0.0147134,0
65001,2511,5929,2.91054,0.000554769,-4.70549e-05,0.000254975,0
65001,1889,NA,23994.3,0.000421205,-0.00773519,0.00174865,0
65001,6594,6917,7555.61,0.00162432,-0.0019748,2.19158e-05,0
65001,5510,NA,21845.5,0.00414613,-0.00275365,0.000796858,0
65001,55,7333,9109.33,7.30072e-05,-1.5671e-05,0.000222508,0
65001,1292,NA,25207.5,0.00102323,-0.00612006,0.00238465,0
65001,2256,NA,9651.38,0.00135691,-0.0119761,0.000402417,0
65001,328,NA,23112.4,0.00349131,-0.00247964,0.00149555,0
65001,5000,NA,17106.9,0.000916407,-6.68104e-06,0.00138997,0
65001,3570,NA,24220.6,0.000460868,-0.00270062,0.00185425,0
65001,590,7393,21998,0.00063177,-1.32568e-05,0.00111071,0
65001,590,2813,530.064,0.000577723,-7.04222e-05,0.000134202,0
65001,385,7385,29632.3,0.00215452,-0.000815898,0.00106483,0
65001,1887,7268,25027,0.00159389,-0.0004997,0.00134047,0
65001,590,566,302.362,0.000730859,-5.17032e-05,0.000280838,0
65001,450,385,71.9549,7.51123e-05,-1.59464e-05,3.86337e-05,0
70001,2511,6981,0,0.0149798,0,0.0147134,0
70001,2511,5929,2.91054,0.000554769,-4.70549e-05,0.000254975,0
70001,1889,NA,23351.4,0.00509968,-0.00122416,0.00137466,0
70001,6594,6917,7124.71,0.00116076,-0.0019748,4.03125e-05,0
70001,5510,NA,20000.1,0.00141533,-0.0127568,0.000729645,0
70001,55,7333,10924.4,0.000472035,-1.5671e-05,0.000710482,0
70001,1292,NA,24286.3,0.000140817,-0.00312546,0.00167014,0
70001,2256,NA,11209.7,2.17715e-06,-0.0106473,0.000482165,0
70001,328,NA,20615.6,0.000477355,-0.00469113,0.00094622,0
70001,5000,NA,13845.4,4.0336e-05,-6.68104e-06,0.000562582,0
70001,3570,NA,16320.6,0.00262779,-0.0040908,0.000620791,0
70001,2237,6596,16116.8,0.000710186,-6.39517e-06,0.00119832,0
70001,4840,3607,13995.5,0.0010924,-0.000815898,0.000157314,0
70001,5894,NA,16512.1,8.50647e-05,2.90433e-05,0.000546005,0
70001,590,566,294.047,0.000604727,-7.04222e-05,0.00014754,0
70001,450,385,126.252,8.2057e-05,-1.59464e-05,1.37105e-05,0
75001,2511,6981,0,0.0149798,0,0.0147447,0
75001,2511,5929,2.91054,0.000550848,-4.70549e-05,0.000243536,0
75001,1889,NA,24766.8,0.00242595,-0.00387425,0.00166555,0
75001,6594,6917,7496.8,0.00230495,-0.00129562,0.000151697,0
75001,6923,NA,15022.6,2.68163e-05,-1.5671e-05,0.000516767,0
75001,5510,NA,20370.8,0.000186912,-0.00138619,0.000520474,0
75001,1576,2184,82.8197,0.000685392,-7.04222e-05,0.000177579,0
75001,450,385,66.2691,0.000110194,-1.59464e-05,6.0087e-05,0
80001,2511,6981,0,0.0149798,0,0.0148462,0
80001,2511,5929,0.0878374,0.000587233,-4.70549e-05,0.000270877,0
80001,1889,NA,21641.5,0.00014669,-0.00183444,0.000837622,0
80001,6594,6917,7317.17,0.00119406,-0.00129562,6.20215e-05,0
80001,6923,NA,22918.1,6.38894e-05,-0.0116168,0.000920542,0
80001,5510,NA,19228.8,0.00109628,-0.00535458,0.000656589,0
80001,1576,2184,88.9689,0.000759932,-7.04222e-05,0.000205559,0
80001,450,385,121.178,7.64182e-05,-1.59464e-05,5.09354e-06,0
85001,2511,6981,0,0.000342238,0.0300696,2.63795e-05,0
85001,2511,5929,4.34909,0.000615579,-4.70549e-05,0.00027254,0
85001,6981,2507,74.5977,0.000781358,-7.04222e-05,0.000212038,0
85001,450,385,114.087,9.54082e-05,-1.59464e-05,1.61191e-05,0
90001,2511,6981,0,7.06547e-05,0.072596,2.83089e-05,0
90001,2511,5929,6.89475,0.000589202,-4.70549e-05,0.000269641,0
90001,6981,2507,64.4327,0.000817584,-7.04222e-05,0.000228387,0
90001,450,385,94.4434,8.10744e-05,-1.59464e-05,9.87006e-06,0
95001,2511,6981,0,0.00114143,0.00520794,0.000674781,0
95001,2511,5929,4.95401,0.000648577,-4.70549e-05,0.000316634,0
95001,6981,2507,63.7607,0.00084388,-7.04222e-05,0.000234172,0
95001,450,385,167.712,0.000123282,-1.59464e-05,2.56033e-05,0
100001,2511,6981,0,0.000409222,0.10969,0.000279022,0
100001,2511,5929,11.5505,0.000634209,-4.70549e-05,0.000293952,0
100001,5794,6703,23807.1,0.000278051,3.26925e-05,0.000388272,0
100001,6981,2507,62.5031,0.000849832,-7.04222e-05,0.00023839,0
100001,450,385,65.91,0.000138688,-1.59464e-05,6.41607e-05,0
105001,2511,6981,0,0.0003283,0.0026073,0.000171423,0
105001,2511,5929,4.38533,0.000690412,-4.70549e-05,0.000322351,0
105001,6981,2507,74.1894,0.000874588,-7.04222e-05,0.000244155,0
105001,450,385,223.136,8.97054e-05,-1.59464e-05,6.65003e-06,0
110001,2511,6981,0,0.000620403,-0.0074771,0.0003295,0
110001,2511,5929,6.22865,0.000675121,-4.70549e-05,0.000301689,0
110001,2181,NA,27523.2,5.92718e-05,3.83972e-06,0.000622863,0
110001,6981,2507,73.1621,0.000920925,-7.04222e-05,0.000263049,0
110001,450,385,221.015,8.50389e-05,-1.59464e-05,1.90746e-05,0
115001,2511,6981,0,0.000126482,0.0554532,0.000113141,0
115001,2511,5929,2.38503,0.000681102,-4.70549e-05,0.000321822,0
115001,6981,2507,71.5502,0.000897097,-7.04222e-05,0.000253009,0
115001,450,385,83.3285,0.00015919,-1.59464e-05,9.33885e-05,0
120001,2511,6981,0,1.50423e-05,0.0881295,0.000165277,0
120001,2511,5929,4.66312,0.000661884,-4.70549e-05,0.000304682,0
120001,6981,2507,72.2468,0.0008964,-7.04222e-05,0.000254737,0
120001,450,385,76.4172,0.000103033,-1.59464e-05,4.56885e-05,0
125001,2511,6981,0,0.000265577,0.0859506,5.46265e-05,0
125001,2511,5929,4.66312,0.000670603,-4.70549e-05,0.000314798,0
125001,6981,2507,67.3936,0.000907958,-7.04222e-05,0.000259213,0
125001,450,385,78.9121,7.5867e-05,-1.59464e-05,1.92746e-05,0
130001,2511,6981,0,0.000737038,-0.0163043,0.000430659,0
130001,2511,5929,2.07433,0.000684055,-4.70549e-05,0.000323494,0
130001,6981,2507,74.1142,0.000912592,-7.04222e-05,0.000258503,0
130001,450,385,169.935,6.41208e-05,-1.59464e-05,1.12135e-05,0
135001,2511,6981,0,0.000554301,0.0132958,0.000669749,0
135001,2511,5929,0.295662,0.000696164,-4.70549e-05,0.000331531,0
135001,6981,2507,72.6092,0.000924259,-7.04222e-05,0.000266328,0
135001,450,385,86.5852,6.05763e-05,-1.59464e-05,6.68378e-06,0
140001,2511,6981,0,0.000390827,0.0370496,3.91159e-05,0
140001,2511,5929,9.37166,0.000701792,-4.70549e-05,0.000331531,0
140001,6981,2507,62.1313,0.00088605,-7.04222e-05,0.000251649,0
140001,450,385,135.317,8.38192e-05,-1.59464e-05,1.2028e-05,0
145001,2511,6981,0,0.000151279,0.0430601,0.000405531,0
145001,2511,5929,10.1575,0.000723906,-4.70549e-05,0.000333919,0
145001,6981,2507,62.1313,0.000903664,-7.04222e-05,0.00025323,0
145001,450,385,64.8828,0.000122899,-1.59464e-05,8.17915e-05,0
150001,2511,6981,0,4.72948e-05,0.0267175,0.000484596,0
150001,2511,5929,4.61368,0.000680954,-4.70549e-05,0.000318911,0
150001,6981,2507,64.2178,0.000882131,-7.04222e-05,0.000254044,0
150001,450,385,245.857,9.26619e-05,-1.59464e-05,1.83772e-05,0
155001,2511,6981,0,0.000103609,0.109682,0.000499926,0
155001,6833,NA,11059,0.00013852,-6.52354e-06,0.000120215,0
155001,2511,5929,7.48985,0.000734475,-4.70549e-05,0.000338459,0
155001,6333,NA,28670.6,0.000825759,-0.00131035,0.000558099,0
155001,6981,2507,61.2409,0.0009221,-7.04222e-05,0.000262092,0
155001,450,385,61.4133,5.82366e-05,-1.59464e-05,3.98628e-06,0
160001,2511,6981,0,0.000445532,0.0024013,0.000191297,0
160001,2511,5929,8.2897,0.000716943,-4.70549e-05,0.000330334,0
160001,6981,2507,61.8865,0.000910171,-7.04222e-05,0.000258886,0
160001,450,385,111.467,0.000102616,-1.59464e-05,2.80924e-05,0
165001,2511,6981,0,0.000734462,0.00194191,0.00016579,0
165001,2511,5929,8.2897,0.000747007,-4.70549e-05,0.000343802,0
165001,6981,2507,68.2657,0.000956837,-7.04222e-05,0.000273198,0
165001,450,385,70.8814,7.79361e-05,-1.59464e-05,1.95634e-05,0
170001,2511,6981,0,0.000677768,0.0475047,0.000538742,0
170001,6500,NA,17490.5,0.000149675,4.58819e-06,0.000192167,0
170001,2511,5929,1.95954,0.000760611,-4.70549e-05,0.000371214,0
170001,6981,2507,69.8201,0.000929365,-7.04222e-05,0.000264736,0
170001,450,385,60.0702,5.74383e-05,-1.59464e-05,2.56698e-08,0
175001,2511,6981,0,0.000130897,0.0470088,0.000426467,0
175001,2511,5929,2.92689,0.000763273,-4.70549e-05,0.000357169,0
175001,6981,2507,72.0929,0.000915237,-7.04222e-05,0.000264581,0
175001,450,385,140.739,0.000133733,-1.59464e-05,9.43653e-05,0
180001,2511,6981,0,0.000106534,0.0666192,1.693e-05,0
180001,2511,5929,5.78626,0.000765793,-4.70549e-05,0.000353793,0
180001,3713,NA,20263.2,0.000848618,-4.92248e-05,0.000894079,0
180001,6981,2507,60.5301,0.000941253,-7.04222e-05,0.000264687,0
180001,450,385,83.4633,0.000130829,-1.59464e-05,6.72426e-05,0
185001,2511,6981,0,0.000133881,0.0987099,0.000155069,0
185001,2511,5929,6.73612,0.000804513,-4.70549e-05,0.000381429,0
185001,6981,2507,60.5301,0.000943161,-7.04222e-05,0.000273706,0
185001,450,385,70.0231,6.61065e-05,-1.59464e-05,3.99696e-06,0
190001,2511,6981,0,1.42037e-05,0.138709,0.00054339,0
190001,2511,5929,11.982,0.000804768,-4.70549e-05,0.000381503,0
190001,1409,7394,28826.6,0.000548288,-2.64135e-05,0.00226908,0
190001,5012,NA,28703.6,0.000797254,-0.0109067,0.00127132,0
190001,6981,2507,60.5301,0.000937421,-7.04222e-05,0.00027058,0
190001,450,385,61.2096,0.000134923,-1.59464e-05,8.75477e-05,0
195001,2511,6981,0,0.000226837,0.0572928,0.000109608,0
195001,2511,5929,6.47819,0.000749808,-4.70549e-05,0.00036164,0
195001,6981,2507,63.7677,0.000934818,-7.04222e-05,0.000265647,0
195001,450,385,68.255,4.75358e-05,-1.59464e-05,1.01284e-06,0
200001,2511,6981,0,0.000466906,0.0182366,0.000213562,0
200001,2511,5929,10.2796,0.00072769,-4.70549e-05,0.000341007,0
200001,5944,NA,24258.7,0.000930364,7.69794e-05,0.00190967,0
200001,6981,2507,69.4999,0.000876028,-7.04222e-05,0.000247153,0
200001,450,385,65.224,7.36392e-05,-1.59464e-05,2.73269e-05,0
205001,2511,6981,0,7.55221e-05,0.135356,0.000324887,0
205001,3714,NA,27812.3,0.000168594,-4.28638e-05,0.000960918,0
205001,2511,5929,6.46646,0.000757459,-4.70549e-05,0.000360393,0
205001,6981,2507,61.9821,0.000861495,-7.04222e-05,0.000246868,0
205001,450,385,64.7753,0.000166679,-1.59464e-05,9.22176e-05,0
210001,2511,6981,0,0.000355049,0.0459705,5.86549e-05,0
210001,2511,5929,8.9931,0.000744979,-4.70549e-05,0.000360802,0
210001,238,6998,23659.9,0.000673004,2.91587e-05,0.00119682,0
210001,6138,7063,28496.7,0.00151451,0.000124498,0.000276721,0
210001,6981,2507,66.5993,0.000872615,-7.04222e-05,0.000243497,0
210001,450,385,70.456,9.11408e-05,-1.59464e-05,1.76252e-05,0
215001,2511,6981,0,7.89102e-05,0.116367,0.000408605,0
215001,2511,5929,7.98994,0.000788473,-4.70549e-05,0.000365464,0
215001,6981,2507,66.0582,0.000875433,-7.04222e-05,0.00024899,0
215001,450,385,66.9948,9.74057e-05,-1.59464e-05,3.57588e-05,0
220001,2511,6981,0,0.00018889,0.0468065,0.000239262,0
220001,2511,5929,10.9227,0.000739971,-4.70549e-05,0.000346467,0
220001,6981,2507,72.4255,0.000880603,-7.04222e-05,0.000251233,0
220001,450,385,84.9857,9.649e-05,-1.59464e-05,3.30732e-05,0
225001,2511,6981,0,3.77203e-05,0.11285,2.18424e-06,0
225001,2511,5929,4.53407,0.000744523,-4.70549e-05,0.000351014,0
225001,6981,2507,62.6738,0.000855597,-7.04222e-05,0.000243005,0
225001,450,385,77.0607,8.51886e-05,-1.59464e-05,2.60233e-05,0
230001,2511,6981,0,0.000124119,0.0950892,0.000224989,0
230001,2511,5929,9.1605,0.000734855,-4.70549e-05,0.000346756,0
230001,6981,2507,65.9185,0.000883616,-7.04222e-05,0.000251958,0
230001,450,385,65.0096,0.000112017,-1.59464e-05,4.67572e-05,0
235001,2511,6981,0,6.99601e-05,0.0103246,0.000101092,0
235001,2511,5929,4.55918,0.000730277,-4.70549e-05,0.000344978,0
235001,6981,2507,66.9417,0.000894573,-7.04222e-05,0.000254475,0
235001,450,385,249.973,0.000174114,-1.59464e-05,7.53539e-05,0
240001,2511,6981,0,6.24095e-05,0.126102,7.86079e-05,0
240001,2511,5929,3.70404,0.000759374,-4.70549e-05,0.000349473,0
240001,6981,2507,61.3367,0.000969944,-7.04222e-05,0.000277942,0
240001,450,385,62.8906,5.91021e-05,-1.59464e-05,6.92994e-06,0
245001,2511,6981,0,0.000386919,0.0514138,9.99876e-05,0
245001,2511,5929,8.54866,0.000793148,-4.70549e-05,0.00037092,0
245001,6981,2507,65.3076,0.00098332,-7.04222e-05,0.000287554,0
245001,450,385,74.6732,6.03783e-05,-1.59464e-05,1.32889e-05,0
250001,2511,6981,0,0.00012751,0.0508544,0.000357947,0
250001,2511,5929,7.91431,0.000777424,-4.70549e-05,0.0003692,0
250001,6981,2507,65.0041,0.000995818,-7.04222e-05,0.000290163,0
250001,450,385,81.7086,8.248e-05,-1.59464e-05,1.19731e-05,0
255001,2511,6981,0,0.000151102,0.109631,0.000407116,0
255001,2511,5929,6.69233,0.000820968,-4.70549e-05,0.000381863,0
255001,6981,2507,61.0732,0.000993108,-7.04222e-05,0.000288122,0
255001,450,385,70.7741,7.51473e-05,-1.59464e-05,3.62373e-05,0
260001,2511,6981,0,3.675e-05,0.097676,0.000274102,0
260001,2511,5929,11.4676,0.000803906,-4.70549e-05,0.000383959,0
260001,1123,7058,27445.7,0.00121803,3.56673e-06,0.000667863,0
260001,6981,2507,62.8175,0.000995793,-7.04222e-05,0.000291309,0
260001,450,385,60.3558,9.28275e-05,-1.59464e-05,5.22512e-05,0
265001,2511,6981,0,0.000167496,0.0582155,5.08007e-05,0
265001,2511,5929,8.11644,0.000807045,-4.70549e-05,0.00038115,0
265001,6981,2507,61.861,0.000984675,-7.04222e-05,0.000284638,0
265001,450,385,74.9574,9.84939e-05,-1.59464e-05,3.62554e-05,0
270001,2511,6981,0,0.000218502,0.0839644,0.000458959,0
270001,2511,5929,8.90862,0.000839004,-4.70549e-05,0.000393098,0
270001,6981,2507,60.5999,0.000953206,-7.04222e-05,0.000272137,0
270001,450,385,62.2352,8.18057e-05,-1.59464e-05,2.30644e-05,0
275001,2511,6981,0,0.000325498,0.0848492,8.14387e-05,0
275001,2511,5929,7.47277,0.000830596,-4.70549e-05,0.000393882,0
275001,6981,2507,62.1145,0.000967537,-7.04222e-05,0.000278379,0
275001,450,385,64.0725,0.000282354,-1.59464e-05,0.00017959,0
280001,2511,6981,0,0.000246653,0.057099,0.000151388,0
280001,2511,5929,11.9922,0.000826791,-4.70549e-05,0.000399697,0
280001,866,NA,24004.1,0.0014147,6.71429e-06,0.00116814,0
280001,6981,2507,62.1145,0.000962329,-7.04222e-05,0.000275844,0
280001,450,385,69.2985,0.000180879,-1.59464e-05,0.00010526,0
285001,2511,6981,0,5.39331e-05,0.100638,7.49946e-05,0
285001,2511,5929,3.41981,0.000830043,-4.70549e-05,0.000400874,0
285001,6981,2507,74.7544,0.000955308,-7.04222e-05,0.000273669,0
285001,450,385,72.8,0.000128996,-1.59464e-05,8.05485e-05,0
290001,2511,6981,0,6.78691e-05,0.107943,1.34053e-06,0
290001,2511,5929,6.90016,0.000758655,-4.70549e-05,0.000361543,0
290001,5783,6567,26096.8,0.000158319,2.73161e-05,3.83229e-06,0
290001,6981,2507,67.5372,0.000967398,-7.04222e-05,0.000280414,0
290001,450,385,71.7127,0.000103944,-1.59464e-05,2.20794e-05,0
295001,2511,6981,0,0.000371857,0.0724751,0.000316768,0
295001,2511,5929,6.90016,0.000732487,-4.70549e-05,0.000351821,0
295001,1479,NA,23613.3,0.000601566,-5.14986e-06,0.000852665,0
295001,6981,2507,68.7879,0.000961846,-7.04222e-05,0.000276464,0
295001,450,385,68.1841,0.000113223,-1.59464e-05,4.48478e-05,0
300001,2511,6981,0,6.33479e-05,0.0648025,0.000367357,0
300001,2511,5929,6.70315,0.000710828,-4.70549e-05,0.000334222,0
300001,6981,2507,68.1393,0.000947374,-7.04222e-05,0.000275353,0
300001,450,385,84.0814,6.58526e-05,-1.59464e-05,9.09986e-06,0
305001,2511,6981,0,0.000354249,0.0722302,1.4695e-05,0
305001,2511,5929,11.8631,0.000727783,-4.70549e-05,0.000330308,0
305001,6981,2507,67.1972,0.00095398,-7.04222e-05,0.000272617,0
305001,450,385,78.3136,9.04713e-05,-1.59464e-05,2.80998e-05,0
310001,2511,6981,0,0.000195773,0.0690716,4.752e-05,0
310001,2511,5929,8.9958,0.000686328,-4.70549e-05,0.000320084,0
310001,6981,2507,67.1972,0.000941432,-7.04222e-05,0.000269937,0
310001,450,385,60.6332,8.09578e-05,-1.59464e-05,1.39206e-06,0
315001,2511,6981,0,0.000124189,0.0744399,0.000172906,0
315001,2511,5929,5.19418,0.000696102,-4.70549e-05,0.000331753,0
315001,2841,NA,16515.3,0.00349754,-0.000693155,0.000786629,0
315001,6981,2507,61.6754,0.000919509,-7.04222e-05,0.000260591,0
315001,450,385,62.0999,7.52469e-05,-1.59464e-05,4.86831e-06,0
320001,2511,6981,0,6.58591e-05,0.0325932,0.000692127,0
320001,2511,5929,5.19418,0.000726403,-4.70549e-05,0.000335334,0
320001,6981,2507,71.0385,0.000902564,-7.04222e-05,0.000259327,0
320001,450,385,200.807,7.09243e-05,-1.59464e-05,1.91169e-05,0
325001,2511,6981,0,0.000278135,0.0682735,0.000109114,0
325001,2511,5929,1.87632,0.000750582,-4.70549e-05,0.000355221,0
325001,6981,2507,71.2544,0.000902564,-7.04222e-05,0.000257423,0
325001,450,385,67.9201,8.09055e-05,-1.59464e-05,2.97944e-06,0
330001,2511,6981,0,0.000471289,0.0545082,0.000232377,0
330001,2511,5929,12.3629,0.00075599,-4.70549e-05,0.000359952,0
330001,6981,2507,71.0905,0.000883968,-7.04222e-05,0.000253533,0
330001,450,385,77.5454,0.000100903,-1.59464e-05,6.06967e-06,0
335001,2511,6981,0,0.00010913,0.00105596,0.00047742,0
335001,2511,5929,5.82013,0.000749329,-4.70549e-05,0.000358921,0
335001,6981,2507,61.1126,0.000887724,-7.04222e-05,0.000248499,0
335001,450,385,231.618,7.53067e-05,-1.59464e-05,1.69446e-05,0
340001,2511,6981,0,0.000467379,-0.00923788,0.000248712,0
340001,2511,5929,10.8966,0.000714958,-4.70549e-05,0.000345081,0
340001,6981,2507,71.4707,0.000876049,-7.04222e-05,0.000243476,0
340001,450,385,130.981,0.000131611,-1.59464e-05,6.8503e-05,0
345001,2511,6981,0,0.000261952,0.0223408,6.23461e-05,0
345001,2511,5929,8.29363,0.000688281,-4.70549e-05,0.000320893,0
345001,6981,2507,63.606,0.000894931,-7.04222e-05,0.00025331,0
345001,450,385,107.067,0.000176663,-1.59464e-05,7.69514e-05,0
350001,2511,6981,0,0.000305268,0.0406358,7.52408e-05,0
350001,2511,5929,8.61063,0.000661153,-4.70549e-05,0.000305418,0
350001,6981,2507,66.4151,0.000899168,-7.04222e-05,0.000256396,0
350001,450,385,82.8084,6.99245e-05,-1.59464e-05,2.06538e-05,0
355001,2511,6981,0,3.30157e-05,0.0972621,0.000231704,0
355001,2511,5929,11.6116,0.000684994,-4.70549e-05,0.00032814,0
355001,6981,2507,66.5566,0.000900833,-7.04222e-05,0.00025434,0
355001,450,385,72.2876,8.14144e-05,-1.59464e-05,4.9802e-06,0
360001,2511,6981,0,2.13934e-05,0.0679765,0.000150565,0
360001,2511,5929,1.14992,0.000678616,-4.70549e-05,0.000320881,0
360001,3655,NA,15641.3,0.000357568,-4.01535e-05,0.000436813,0
360001,6981,2507,71.3556,0.000924378,-7.04222e-05,0.000261152,0
360001,450,385,84.5065,7.33411e-05,-1.59464e-05,1.23511e-05,0
365001,2511,6981,0,4.85929e-05,0.0912689,0.000534755,0
365001,2511,5929,12.9047,0.000733909,-4.70549e-05,0.000354278,0
365001,6981,2507,60.1804,0.000935749,-7.04222e-05,0.000270374,0
365001,450,385,83.9317,7.47827e-05,-1.59464e-05,2.09304e-05,0
370001,2511,6981,0,3.55541e-05,0.0822273,9.0899e-05,0
370001,2511,5929,12.9047,0.000778338,-4.70549e-05,0.000358561,0
370001,6981,2507,75.3299,0.000918668,-7.04222e-05,0.000265878,0
370001,450,385,72.9956,0.000101961,-1.59464e-05,1.04981e-05,0
375001,2511,6981,0,7.00842e-06,0.130993,0.000125077,0
375001,2511,5929,7.00342,0.000740867,-4.70549e-05,0.000347494,0
375001,6981,2507,66.3408,0.000943907,-7.04222e-05,0.000272962,0
375001,450,385,73.906,9.72422e-05,-1.59464e-05,3.2585e-05,0
380001,2511,6981,0,0.000643149,0.0344122,7.61469e-07,0
380001,2511,5929,8.59098,0.000725625,-4.70549e-05,0.000331465,0
380001,6981,2507,61.6374,0.000960323,-7.04222e-05,0.000276007,0
380001,450,385,95.2075,0.000105632,-1.59464e-05,3.91183e-05,0
385001,2511,6981,0,0.000175633,0.0826891,0.000206569,0
385001,107,NA,26982.1,0.000833728,-1.26466e-05,0.00256458,0
385001,2511,5929,5.99997,0.000685256,-4.70549e-05,0.000313462,0
385001,6981,2507,72.2468,0.000947996,-7.04222e-05,0.000269427,0
385001,450,385,72.9255,0.000106842,-1.59464e-05,3.44178e-05,0
390001,2511,6981,0,0.000950243,0.0616079,6.05351e-05,0
390001,2511,5929,4.66068,0.00069809,-4.70549e-05,0.000332171,0
390001,4804,7371,29558.1,0.000491587,-3.35948e-05,0.00102301,0
390001,6981,2507,67.8467,0.000944507,-7.04222e-05,0.000269969,0
390001,450,385,71.9025,0.00018751,-1.59464e-05,8.58439e-05,0
395001,2511,6981,0,0.00064226,-0.0213083,0.000182497,0
395001,2511,5929,7.97898,0.000745645,-4.70549e-05,0.000363228,0
395001,6981,2507,73.7148,0.000931504,-7.04222e-05,0.000269969,0
395001,450,385,177.47,9.01745e-05,-1.76275e-05,2.46198e-05,0
400001,2511,6981,0,2.35251e-05,0.0598484,0.000394734,0
400001,2511,5929,9.72428,0.000738595,-4.70549e-05,0.000358803,0
400001,6981,2507,65.5731,0.00090946,-7.04222e-05,0.000257987,0
400001,450,385,81.1706,0.000108552,-1.76275e-05,3.22325e-05,0
405001,2511,6981,0,0.00100579,0.00795297,0.000210019,0
405001,2511,5929,3.98467,0.00075555,-4.70549e-05,0.000353685,0
405001,6981,2507,61.0259,0.000928428,-7.04222e-05,0.000265837,0
405001,450,385,90.6596,8.715e-05,-1.76275e-05,5.08687e-05,0
410001,2511,6981,0,0.000417695,0.0635468,0.000230801,0
410001,2511,5929,7.294,0.00082585,-4.70549e-05,0.000391757,0
410001,6954,NA,26969.1,0.00107678,-2.18377e-05,0.000289441,0
410001,6981,2507,61.8683,0.000898638,-7.04222e-05,0.000249253,0
410001,450,385,82.9248,9.40457e-05,-1.76275e-05,1.70629e-05,0
415001,2511,6981,0,0.000187273,0.0659899,3.33084e-05,0
415001,2511,5929,8.95649,0.000810449,-4.70549e-05,0.000381837,0
415001,6981,2507,68.9594,0.000901147,-7.04222e-05,0.000258693,0
415001,450,385,77.5977,0.000109563,-1.76275e-05,6.97593e-06,0
420001,2511,6981,0,1.83644e-05,0.113492,0.000139755,0
420001,2511,5929,1.56339,0.000827433,-4.70549e-05,0.000383782,0
420001,6981,2507,69.2722,0.000903164,-7.04222e-05,0.000256351,0
420001,450,385,70.9303,5.32206e-05,-1.76275e-05,1.66599e-06,0
425001,2511,6981,0,0.000141293,0.0648316,3.34057e-05,0
425001,2511,5929,11.9926,0.000797874,-4.70549e-05,0.000377843,0
425001,6981,2507,64.8199,0.000890772,-7.04222e-05,0.000255203,0
425001,450,385,76.2473,7.55926e-05,-1.76275e-05,9.88024e-06,0
430001,2511,6981,0,0.000382272,0.0344937,0.000364427,0
430001,2511,5929,11.9926,0.00076363,-4.70549e-05,0.000359124,0
430001,6981,2507,75.4742,0.000892903,-7.04222e-05,0.000251993,0
430001,450,385,68.3905,9.13415e-05,-1.76275e-05,2.38639e-05,0
435001,2511,6981,0,0.000164157,0.0558558,0.000642001,0
435001,2511,5929,1.83939,0.000754078,-4.70549e-05,0.000355676,0
435001,6981,2507,69.4769,0.000875899,-7.04222e-05,0.000246253,0
435001,450,385,87.365,0.000143286,-1.76275e-05,7.61662e-05,0
440001,2511,6981,0,0.000199111,0.0194143,0.000137001,0
440001,2511,5929,3.23039,0.000791742,-4.70549e-05,0.000381695,0
440001,2867,NA,27250.5,0.00107988,-0.00742054,0.00188502,0
440001,6981,2507,68.5879,0.000882017,-7.04222e-05,0.000253364,0
440001,450,385,205.84,0.000101535,-1.76275e-05,3.11048e-06,0
445001,2511,6981,0,0.000333147,0.0462914,0.000123525,0
445001,2511,5929,2.52186,0.000810817,-4.70549e-05,0.000392132,0
445001,6981,2507,75.3958,0.000872393,-7.04222e-05,0.00024507,0
445001,450,385,98.3224,0.000176576,-1.76275e-05,6.0399e-05,0
450001,2511,6981,0,0.00066322,0.0256149,0.00104224,0
450001,2511,5929,3.76686,0.000804301,-4.70549e-05,0.000380767,0
450001,6981,2507,69.8488,0.000880464,-7.04222e-05,0.000244939,0
450001,450,385,170.965,0.000113768,-1.76275e-05,2.42834e-05,0
455001,2511,6981,0,0.000128153,0.0839537,0.000261668,0
455001,2511,5929,12.1505,0.000849676,-4.70549e-05,0.000409168,0
455001,6981,2507,73.0833,0.000902843,-7.04222e-05,0.000254079,0
455001,450,385,81.692,0.000168927,-1.76275e-05,0.000101162,0
460001,2511,6981,0,0.000732281,0.0580167,0.000273625,0
460001,2511,5929,12.1505,0.000903281,-4.70549e-05,0.00042247,0
460001,6981,2507,65.883,0.000902025,-7.04222e-05,0.000256622,0
460001,450,385,64.0862,7.75927e-05,-1.76275e-05,1.64573e-05,0
465001,2511,6981,0,0.000361902,0.0722591,0.000394929,0
465001,2511,5929,5.49168,0.000864541,-4.70549e-05,0.000412555,0
465001,4279,6755,8375.06,0.00038161,-5.06224e-05,0.000117303,0
465001,6981,2507,60.7493,0.000892918,-7.04222e-05,0.000255724,0
465001,450,385,64.4237,7.67686e-05,-1.76275e-05,1.73377e-05,0
470001,2511,6981,0,0.000268659,0.09786,0.000348211,0
470001,2511,5929,1.80596,0.000848049,-4.70549e-05,0.000403112,0
470001,4279,6755,8674.82,0.000237204,-5.06224e-05,1.63244e-05,0
470001,6981,2507,68.786,0.000896,-7.04222e-05,0.000258996,0
470001,450,385,66.7727,0.000225578,-1.76275e-05,0.000152416,0
475001,2511,6981,0,0.000681201,0.00715881,8.56259e-05,0
475001,2511,5929,1.80596,0.000831725,-4.70549e-05,0.00040484,0
475001,2614,6369,8975.51,0.000305218,-5.06224e-05,8.17864e-05,0
475001,6981,2507,70.7622,0.000896,-7.04222e-05,0.000263622,0
475001,450,385,209.663,8.9576e-05,-1.76275e-05,2.68453e-05,0
480001,2511,6981,0,0.000901421,0.0453182,0.000520614,0
480001,2511,5929,9.06325,0.000883271,-4.70549e-05,0.000426685,0
480001,4279,6755,8275.72,0.000304854,-5.06224e-05,6.90856e-05,0
480001,6981,2507,62.1641,0.00090903,-7.04222e-05,0.000263622,0
480001,450,385,75.0234,8.69052e-05,-1.76275e-05,4.7182e-05,0
485001,2511,6981,0,4.53342e-05,0.110533,0.000175542,0
485001,2511,5929,9.06325,0.000870052,-4.70549e-05,0.000418884,0
485001,924,4989,5156.81,0.000218673,-5.06224e-05,1.78425e-05,0
485001,6981,2507,64.5478,0.000912965,-7.04222e-05,0.000272115,0
485001,450,385,77.7715,7.46449e-05,-1.76275e-05,3.0349e-05,0
