generation,N_shifts,logPrior,logLik,eventRate,acceptRate
1,0,-2.53681,-39449.2,1,1
5001,0,-1.10697,-38918.7,0.1192,0.345
10001,2,1.40995,-38920,0.950394,0.3788
15001,1,1.24015,-38918.4,0.655396,0.4056
20001,1,1.008,-38917.1,1.47794,0.3056
25001,0,-2.46241,-38918.2,1.46552,0.3878
30001,0,-1.61944,-38918.4,0.551564,0.2878
35001,0,-1.20654,-38919.3,0.134041,0.4034
40001,0,-3.39287,-38918.4,2.41644,0.3552
45001,1,-3.97346,-38918.3,2.27453,0.359
50001,0,-1.72803,-38917.8,0.806586,0.348
55001,1,1.48124,-38919,0.0451707,0.4086
60001,0,-1.75143,-38918.9,0.859957,0.3502
65001,0,-1.36217,-38917.9,0.368659,0.3908
70001,0,-2.37498,-38917.9,1.38078,0.3554
75001,0,-1.45784,-38917.7,0.555372,0.2946
80001,0,-0.918413,-38918,0.056729,0.373
85001,2,2.08738,-38919.2,2.36201,0.4014
90001,1,0.392927,-38916.5,0.15884,0.378
95001,2,3.26042,-38920.1,0.0386862,0.384
100001,1,-1.54278,-38920.3,1.49916,0.3188
105001,1,0.782291,-38917.8,1.08627,0.3088
110001,1,-1.25702,-38919.1,1.12937,0.343
115001,1,0.0816823,-38919.2,0.165905,0.4166
120001,0,-1.6232,-38917.6,0.761203,0.4136
125001,1,-0.259645,-38919,0.240897,0.3768
130001,1,1.51445,-38917.1,0.094378,0.3172
135001,0,-1.03417,-38918,0.0754303,0.3488
140001,0,-3.31846,-38918,2.404,0.329
145001,1,-0.994872,-38917.3,0.73805,0.3334
150001,2,3.15078,-38917.7,1.63078,0.3536
155001,0,-1.30478,-38920,0.32638,0.371
160001,0,-0.977341,-38918,0.0193894,0.3508
165001,0,-1.43223,-38919,0.358311,0.3656
170001,4,5.73566,-38912.2,2.95535,0.3718
175001,3,3.93846,-38907,0.760091,0.4398
180001,0,-2.66819,-38919.6,1.56709,0.397
185001,0,-2.3966,-38918.2,1.29932,0.3898
190001,0,-1.67624,-38917.9,0.577345,0.3524
195001,0,-1.05464,-38918.4,0.0381657,0.3016
200001,0,-1.31814,-38917.8,0.266448,0.2776
205001,0,-1.61025,-38918,0.606094,0.3308
210001,0,-3.51478,-38918.7,2.36828,0.4092
215001,0,-1.41384,-38918,0.341971,0.3182
220001,0,-2.99083,-38917.5,1.91944,0.4086
225001,0,-1.16365,-38920.7,0.0871889,0.411
230001,1,0.483173,-38917.1,1.07415,0.339
235001,0,-1.81191,-38918,0.743618,0.3848
240001,0,-1.06936,-38918.5,0.0414764,0.3072
245001,0,-1.27165,-38921.1,0.125195,0.3562
250001,1,1.82725,-38919.4,0.068439,0.3596
255001,1,0.308484,-38917.9,1.57338,0.3942
260001,0,-1.40834,-38918,0.22712,0.3332
265001,0,-1.88908,-38918.8,0.773173,0.3202
270001,1,0.816592,-38919.1,1.22578,0.387
275001,0,-1.80473,-38918.4,0.56946,0.3882
280001,0,-1.4782,-38920.2,0.357991,0.3218
285001,1,-1.49853,-38918.4,1.15144,0.3058
290001,0,-2.47035,-38917.8,1.26913,0.2712
295001,0,-1.52496,-38917.9,0.308071,0.3262
300001,1,1.27054,-38918,0.224984,0.4168
305001,1,-0.187333,-38917.2,0.338302,0.3558
310001,0,-1.24901,-38917.9,0.136019,0.296
315001,0,-1.34311,-38920.1,0.190994,0.3404
320001,0,-2.30242,-38918.8,1.15009,0.3338
325001,1,-0.0307114,-38919.3,1.78427,0.3548
330001,0,-2.03221,-38918,0.987909,0.3524
335001,0,-2.12892,-38918.2,1.07079,0.3248
340001,0,-1.5766,-38919.1,0.379863,0.3364
345001,1,-0.468834,-38920.3,1.70798,0.3228
350001,0,-1.48637,-38918.4,0.42132,0.2884
355001,1,-0.974941,-38917.8,0.155284,0.3954
360001,0,-1.84486,-38917.9,0.791337,0.3568
365001,0,-1.78213,-38918.5,0.687865,0.451
370001,0,-1.03805,-38918.2,0.00296467,0.4212
375001,0,-1.0794,-38918.5,0.0332286,0.3214
380001,2,-1.85104,-38917.9,0.138108,0.3482
385001,0,-1.96687,-38917.6,0.836251,0.4188
390001,3,4.15792,-38915.6,0.480531,0.4
395001,0,-1.49988,-38917.6,0.399735,0.3328
400001,0,-5.02348,-38917.6,3.89266,0.2906
405001,1,-3.98321,-38917.3,1.0948,0.314
410001,0,-1.46616,-38920.7,0.366455,0.3662
415001,1,-3.29574,-38918.5,0.810059,0.2752
420001,1,0.277841,-38916.6,0.442945,0.369
425001,0,-1.61478,-38917.7,0.512019,0.3782
430001,1,-3.40289,-38918.3,1.24737,0.3712
435001,1,0.235786,-38917.7,0.770705,0.3482
440001,0,-2.71049,-38917.7,1.65234,0.303
445001,1,0.927886,-38917.3,1.38459,0.278
450001,0,-1.19734,-38918.8,0.00428435,0.2722
455001,0,-5.547,-38919.7,4.38852,0.382
460001,0,-3.42482,-38917.9,2.34239,0.3284
465001,1,-0.104316,-38918.2,0.328164,0.3552
470001,0,-2.69611,-38918.9,1.49125,0.3314
475001,1,-7.43231,-38919.6,3.74278,0.41
480001,1,-0.121308,-38918.7,0.115855,0.3656
485001,2,4.32927,-38918.2,0.123298,0.43
490001,0,-1.65789,-38917.9,0.510077,0.3102
495001,0,-1.41949,-38917.5,0.363275,0.3198
500001,1,0.173475,-38917.9,2.05949,0.3784
505001,0,-2.81885,-38918,1.71484,0.2942
510001,0,-1.56489,-38918.5,0.410847,0.3186
515001,1,1.42911,-38917.6,0.531885,0.3764
520001,1,-1.92035,-38919.1,1.57431,0.395
525001,0,-1.34497,-38918.4,0.289879,0.4304
530001,0,-1.15042,-38917.7,0.0695376,0.3526
535001,0,-2.65694,-38918.9,1.46806,0.3666
540001,1,1.11397,-38917.6,0.884288,0.3126
545001,2,2.06798,-38915.3,1.23779,0.395
550001,1,-0.17628,-38918.1,2.28865,0.2988
555001,0,-1.74067,-38917.7,0.608763,0.3156
560001,0,-1.63981,-38917.7,0.502493,0.374
565001,0,-2.7892,-38917.7,1.66772,0.3336
570001,0,-2.05264,-38918.6,0.885349,0.3362
575001,1,0.280879,-38918.9,0.966594,0.3152
580001,1,-3.53583,-38917.9,3.27661,0.38
585001,0,-2.9969,-38917.8,2.02583,0.3794
590001,0,-1.41561,-38917.8,0.350381,0.4202
595001,0,-1.18289,-38919.7,0.258439,0.3912
600001,0,-1.10406,-38918.3,0.0114628,0.311
605001,0,-2.13387,-38918.2,1.12785,0.3848
610001,1,1.24349,-38918.4,0.655729,0.4566
615001,0,-1.33851,-38917.5,0.283205,0.3702
620001,1,-2.9207,-38915.6,2.75947,0.4648
625001,0,-1.54159,-38918,0.552305,0.3914
630001,1,-5.72696,-38924.3,3.87612,0.3268
635001,0,-1.15936,-38917.9,0.141164,0.3296
640001,0,-4.21577,-38917.7,3.12158,0.3822
645001,0,-2.23851,-38920,1.22563,0.4054
650001,2,2.59186,-38915.1,3.06198,0.3294
655001,0,-2.24407,-38917.5,1.2242,0.3862
660001,0,-1.27176,-38917.8,0.329213,0.347
665001,1,-0.282454,-38918.2,2.25117,0.4214
670001,0,-1.86465,-38919.7,0.741533,0.3438
675001,0,-3.29314,-38917.8,2.26988,0.3068
680001,1,-1.39351,-38915.1,1.60858,0.303
685001,0,-1.13679,-38917.5,0.0559294,0.3812
690001,0,-2.25527,-38918.5,1.19484,0.3548
695001,0,-1.12848,-38918.4,0.0152696,0.3704
700001,0,-1.49579,-38918,0.434224,0.371
705001,0,-1.13216,-38918,0.0678559,0.3214
710001,0,-1.68962,-38917.9,0.642881,0.2924
715001,0,-2.45629,-38926.4,1.15957,0.3694
720001,0,-1.27837,-38917.6,0.260605,0.3668
725001,1,2.2821,-38918.2,0.0606255,0.3336
730001,0,-4.35201,-38918.8,3.28773,0.3332
735001,2,0.550487,-38919.6,1.55431,0.3646
740001,0,-1.45003,-38919.7,0.403699,0.3382
745001,0,-2.38378,-38918.8,1.43315,0.394
750001,0,-1.63448,-38917.5,0.745363,0.3622
755001,0,-1.89123,-38919.9,0.9712,0.3868
760001,3,1.52695,-38914.2,3.0387,0.4234
765001,0,-1.11395,-38919,0.123942,0.3336
770001,1,-9.02123,-38918.4,3.008,0.414
775001,0,-1.39663,-38917.9,0.438442,0.367
780001,2,1.72604,-38917.4,0.519257,0.3106
785001,1,0.344023,-38919,1.0329,0.3664
790001,0,-2.0277,-38917.8,1.13828,0.4536
795001,0,-1.12609,-38918.2,0.26609,0.4094
800001,1,-0.42379,-38918.2,0.689504,0.3716
805001,0,-1.03306,-38917.7,0.0945523,0.3318
810001,1,0.740683,-38918.7,1.28666,0.3744
815001,0,-1.7624,-38917.7,0.852764,0.3812
820001,0,-3.02171,-38917.6,2.09866,0.3798
825001,2,-1.87044,-38910.6,1.89922,0.4082
830001,2,0.954209,-38916.4,0.873399,0.3504
835001,1,-0.648052,-38919,1.53588,0.4056
840001,0,-1.0749,-38919.7,0.0905957,0.4084
845001,0,-1.07161,-38918,0.227092,0.3754
850001,0,-1.3257,-38918.7,0.451954,0.3826
855001,1,1.06762,-38917.2,0.681528,0.4118
860001,1,1.83514,-38919.3,0.378722,0.4102
865001,2,2.84896,-38926.5,0.939721,0.3748
870001,0,-3.46649,-38918.1,2.61523,0.3152
875001,0,-0.751257,-38919.2,0.000343513,0.376
880001,0,-1.09149,-38918.3,0.314464,0.399
885001,0,-3.09997,-38918.3,2.27831,0.4198
890001,0,-1.53338,-38919.5,0.737016,0.378
895001,0,-1.11039,-38919.5,0.341246,0.3804
900001,1,1.05539,-38919,0.309863,0.411
905001,0,-2.17406,-38918.1,1.375,0.4162
910001,0,-3.03749,-38919.1,2.26385,0.3948
915001,2,3.54641,-38923.8,0.233508,0.3882
920001,1,-2.5201,-38915.4,1.03255,0.3976
925001,0,-0.860169,-38918.5,0.0744,0.4084
930001,0,-1.74787,-38919.2,0.925929,0.3354
935001,0,-1.89417,-38918.4,1.09033,0.4464
940001,0,-1.15635,-38920.8,0.290011,0.3156
945001,0,-1.64295,-38918.5,0.881733,0.418
950001,0,-2.46312,-38918,1.69439,0.3736
955001,0,-1.01052,-38918.1,0.240873,0.4266
960001,1,-1.35287,-38914.3,1.31185,0.4254
965001,0,-0.976136,-38922.2,0.0720418,0.3674
970001,2,3.39647,-38920.9,1.63802,0.343
975001,0,-1.14018,-38918.3,0.292098,0.359
980001,1,0.885245,-38917.5,0.308596,0.3968
985001,1,0.262653,-38923.3,1.27212,0.3474
990001,0,-1.73169,-38917.9,0.970591,0.4412
995001,0,-5.31928,-38920.4,4.5535,0.3654
1000001,0,-2.53621,-38917.9,1.75396,0.4304
1005001,1,1.07295,-38918.1,0.741266,0.3496
1010001,0,-0.837945,-38917.9,0.0480939,0.4252
1015001,0,-1.76398,-38918.3,0.974112,0.362
1020001,0,-1.54921,-38918.9,0.717337,0.392
1025001,0,-1.97051,-38918.4,1.20824,0.4084
1030001,0,-3.31753,-38918.2,2.5502,0.3718
1035001,0,-1.55316,-38918.9,0.776829,0.3748
1040001,0,-2.83568,-38918.1,2.07797,0.383
1045001,0,-2.37493,-38918.6,1.58759,0.3774
1050001,0,-0.786382,-38917.8,0.0206921,0.3766
1055001,3,6.36087,-38913.6,0.194459,0.3854
1060001,0,-1.84625,-38917.7,1.04718,0.429
1065001,0,-0.935476,-38919.2,0.160307,0.4298
1070001,2,1.37651,-38918.8,1.04149,0.3412
1075001,0,-1.03409,-38919.3,0.149213,0.3586
1080001,0,-3.8071,-38918,3.00448,0.3618
1085001,1,-0.412817,-38919.2,0.387895,0.488
1090001,0,-1.42206,-38918.1,0.546796,0.3594
1095001,1,1.35553,-38918.6,0.246942,0.4402
1100001,0,-0.958919,-38918.1,0.121624,0.3702
1105001,0,-2.02866,-38917.9,1.07665,0.3528
1110001,1,-1.09886,-38918.5,2.32542,0.3628
1115001,1,0.922259,-38917,0.496796,0.4242
1120001,1,-0.755057,-38919.4,0.903048,0.4714
1125001,1,-0.383335,-38917.9,0.552335,0.3846
1130001,1,0.613696,-38919,0.251466,0.388
1135001,0,-1.15319,-38917.7,0.209123,0.3284
1140001,2,0.321271,-38918.5,1.33089,0.3944
1145001,0,-1.93222,-38917.6,0.992595,0.4662
1150001,0,-1.23737,-38919.3,0.31791,0.361
1155001,1,1.946,-38918.7,0.264582,0.2734
1160001,0,-1.74642,-38918.2,0.818547,0.5144
1165001,1,0.964876,-38914.2,0.221277,0.48
1170001,1,-0.557742,-38919.2,2.24593,0.4572
1175001,0,-1.32903,-38918.1,0.364128,0.3914
1180001,0,-1.41046,-38917.8,0.463976,0.428
1185001,0,-2.8376,-38917.6,1.92699,0.4066
1190001,1,-0.686493,-38919.1,2.05021,0.3228
1195001,0,-2.90243,-38917.6,1.94513,0.4046
1200001,1,-2.55319,-38915,3.71442,0.3766
1205001,2,1.40121,-38912.4,0.492333,0.4966
1210001,0,-1.71349,-38917.6,0.74099,0.3916
1215001,1,1.6121,-38918.3,0.268461,0.3938
1220001,0,-1.90108,-38917.8,0.851574,0.3902
1225001,0,-1.32403,-38917.8,0.374987,0.3046
1230001,0,-1.3039,-38917.8,0.272745,0.346
1235001,1,-0.214291,-38919.8,0.111616,0.3526
1240001,0,-1.75597,-38919.7,0.685948,0.3224
1245001,0,-1.4968,-38917.8,0.496856,0.3696
1250001,1,0.746977,-38916.9,0.989317,0.3526
1255001,0,-1.56733,-38917.6,0.522201,0.331
1260001,0,-1.46196,-38917.5,0.434992,0.3696
1265001,0,-1.106,-38917.8,0.052658,0.3132
1270001,2,4.06032,-38914.9,1.37994,0.4638
1275001,1,1.78833,-38916.9,0.377919,0.5322
1280001,1,0.236289,-38916.3,0.779124,0.5278
1285001,0,-1.29601,-38918.2,0.345192,0.4032
1290001,1,-0.789723,-38920.2,0.359146,0.3936
1295001,0,-4.51225,-38918.3,3.45835,0.3944
1300001,0,-2.03536,-38919,0.981714,0.3478
1305001,2,1.1138,-38913.3,3.25248,0.419
1310001,0,-2.04072,-38917.6,1.07331,0.3754
1315001,1,0.205498,-38918.4,0.909995,0.3304
1320001,1,0.734887,-38917.4,0.946513,0.3608
1325001,0,-2.79991,-38918.1,1.75314,0.3842
1330001,0,-1.14202,-38917.5,0.195236,0.3854
1335001,1,0.750645,-38918.6,0.025636,0.314
1340001,0,-2.57411,-38917.8,1.5582,0.366
1345001,0,-1.28479,-38919.7,0.268948,0.3588
1350001,1,-3.07946,-38917.8,3.0707,0.339
1355001,0,-1.3594,-38917.5,0.360536,0.3964
1360001,0,-2.22934,-38917.6,1.19148,0.296
1365001,0,-2.54658,-38920.6,1.48427,0.3438
1370001,2,2.39916,-38918.1,0.363848,0.342
1375001,0,-1.7886,-38918.5,0.798014,0.3968
1380001,0,-2.90183,-38918.4,1.92855,0.375
1385001,0,-3.90304,-38917.6,2.88684,0.37
1390001,0,-1.20095,-38918.5,0.13603,0.3328
1395001,1,-0.593044,-38917.5,1.37276,0.386
1400001,0,-1.35843,-38917.7,0.390303,0.3744
1405001,0,-3.2854,-38919.6,2.23183,0.407
1410001,0,-2.31838,-38917.6,1.37564,0.3362
1415001,0,-1.17364,-38918,0.144929,0.3866
1420001,0,-2.32128,-38917.8,1.31607,0.3496
1425001,0,-1.17677,-38918.3,0.11769,0.3346
1430001,1,-4.541,-38917.7,0.293021,0.4142
1435001,1,2.35723,-38915.9,0.0663766,0.4116
1440001,0,-1.9796,-38917.7,0.968526,0.3398
1445001,2,5.04063,-38917.5,0.857705,0.3526
1450001,0,-4.87571,-38918.1,3.95686,0.3894
1455001,3,-0.213159,-38913.6,3.66559,0.3402
1460001,2,-0.108543,-38919.2,1.47874,0.343
1465001,1,-1.353,-38917,1.50971,0.3412
1470001,2,2.93414,-38915.5,0.227195,0.426
1475001,0,-1.79231,-38918.6,0.842798,0.399
1480001,0,-1.51235,-38918.3,0.493513,0.392
1485001,1,0.388584,-38917.5,0.81058,0.3938
1490001,2,2.17997,-38916.5,0.40937,0.3934
1495001,1,0.795331,-38918.5,1.15905,0.3724
1500001,0,-2.05635,-38919.3,1.00436,0.4064
1505001,2,3.55138,-38918.6,1.98721,0.3216
1510001,0,-1.28842,-38918,0.213766,0.2908
1515001,1,1.21617,-38916.9,0.233735,0.349
1520001,3,2.6172,-38917.9,0.228016,0.3522
1525001,0,-1.39116,-38920.5,0.366259,0.375
1530001,0,-1.11123,-38917.6,0.0487161,0.3572
1535001,1,-2.0428,-38918.8,2.05741,0.3578
1540001,0,-1.19531,-38917.8,0.171711,0.374
1545001,0,-3.84518,-38918.2,2.8821,0.3504
1550001,1,-1.16851,-38917.7,0.149337,0.3544
1555001,0,-0.981099,-38918.3,0.0222106,0.3158
1560001,1,0.264763,-38919.6,1.14185,0.353
1565001,0,-1.76231,-38918.2,0.677206,0.3166
1570001,1,-2.59517,-38917.8,0.158542,0.375
1575001,0,-1.25489,-38919.4,0.18295,0.4158
1580001,0,-1.08303,-38917.9,0.121493,0.3528
1585001,0,-1.55099,-38921.5,0.515261,0.3574
1590001,0,-4.96812,-38917.7,4.02514,0.3636
1595001,0,-2.47265,-38921.7,1.30881,0.3878
1600001,1,0.923333,-38917.8,1.37357,0.3882
1605001,0,-1.76439,-38917.7,0.819264,0.2584
1610001,0,-1.43463,-38917.7,0.472372,0.3264
1615001,2,1.31043,-38915.4,0.479713,0.3762
1620001,0,-4.75453,-38918.2,3.67276,0.3216
1625001,2,1.61178,-38916.3,2.1367,0.2698
1630001,0,-1.75801,-38918.3,0.704979,0.2802
1635001,1,-2.23088,-38918.4,1.30281,0.3354
1640001,1,-1.81481,-38916.1,2.89525,0.4072
1645001,1,-1.44812,-38917.8,3.55204,0.3872
1650001,0,-1.16314,-38917.7,0.155136,0.3414
1655001,1,-0.736402,-38915.7,1.25046,0.342
1660001,0,-1.55718,-38919.8,0.560659,0.4162
1665001,0,-1.27421,-38918.5,0.268803,0.3428
1670001,2,0.863605,-38914.3,0.701015,0.3666
1675001,0,-2.67429,-38918.5,1.64393,0.419
1680001,0,-2.21295,-38919.9,1.15228,0.4162
1685001,0,-13.1396,-38919.6,11.9961,0.3398
1690001,0,-2.00328,-38917.7,0.960723,0.3546
1695001,0,-1.1721,-38917.5,0.147357,0.3844
1700001,0,-1.13586,-38918.2,0.200402,0.323
1705001,0,-2.33989,-38917.8,1.38738,0.3612
1710001,0,-2.04567,-38918.8,1.11805,0.3558
1715001,0,-4.07215,-38917.7,3.11663,0.3344
1720001,0,-1.96438,-38918.5,0.957973,0.3416
1725001,1,0.72867,-38918.4,1.68655,0.3138
1730001,1,0.65135,-38917.8,0.672631,0.338
1735001,1,1.09063,-38918.5,0.151764,0.295
1740001,1,-2.52771,-38918.6,1.0386,0.319
1745001,1,-2.34073,-38915.9,3.68127,0.3036
1750001,0,-1.04367,-38917.9,0.143918,0.3768
1755001,1,2.22353,-38917.5,0.439129,0.3516
1760001,1,0.54184,-38917.9,1.55147,0.3312
1765001,0,-1.08088,-38918,0.0934554,0.377
1770001,1,0.53777,-38917.5,1.2244,0.3716
1775001,1,-2.0708,-38914.5,2.36164,0.3672
1780001,0,-2.91348,-38918.6,1.94132,0.3876
1785001,0,-1.20139,-38918.1,0.285946,0.353
1790001,0,-1.23787,-38917.9,0.363275,0.347
1795001,1,1.69071,-38920,0.131161,0.3836
1800001,0,-2.03685,-38917.9,1.13049,0.3362
1805001,0,-1.95695,-38917.8,1.04572,0.3742
1810001,1,1.31556,-38916.3,0.481103,0.4164
1815001,1,-0.21774,-38918.9,2.05741,0.4118
1820001,3,4.51844,-38918.9,2.19201,0.3888
1825001,0,-2.18572,-38919.3,1.19405,0.3918
1830001,0,-3.54682,-38919.4,2.54167,0.3414
1835001,0,-2.239,-38917.7,1.37597,0.3906
1840001,1,0.892929,-38917.5,0.196166,0.3114
1845001,1,0.635727,-38918.9,0.278706,0.3748
1850001,0,-2.9667,-38917.9,2.00645,0.343
1855001,3,-4.78145,-38917.3,2.96659,0.3858
1860001,1,-1.59655,-38913.9,3.51847,0.4718
1865001,1,1.28664,-38916.5,1.03559,0.436
1870001,1,0.757583,-38916,0.38008,0.3402
1875001,0,-1.89793,-38918.8,0.897485,0.3616
1880001,1,-6.40598,-38918.1,3.58662,0.3994
1885001,0,-1.97004,-38917.6,0.967802,0.3602
1890001,0,-1.14453,-38919.4,0.145431,0.4284
1895001,1,0.307464,-38921.7,0.0685136,0.3252
1900001,0,-2.41551,-38917.8,1.40695,0.4024
1905001,4,8.78378,-38917.8,0.0189353,0.3444
1910001,3,-0.472731,-38917.6,0.0822079,0.4104
1915001,1,1.40772,-38917.5,0.327406,0.4652
1920001,1,-0.836428,-38919.5,2.39619,0.3572
1925001,0,-2.83338,-38917.8,1.8563,0.4056
1930001,0,-2.60733,-38917.5,1.65306,0.3424
1935001,0,-2.32467,-38917.5,1.37604,0.3288
1940001,1,1.88961,-38919.3,0.34565,0.3406
1945001,0,-3.21479,-38918.2,2.32353,0.342
1950001,0,-1.03111,-38917.5,0.101809,0.3488
1955001,0,-1.9591,-38917.7,1.00326,0.3864
1960001,0,-1.26281,-38917.5,0.307186,0.3262
1965001,0,-1.85245,-38918.3,0.901813,0.4078
1970001,1,1.52788,-38918.1,0.711388,0.3482
1975001,0,-5.20987,-38917.8,4.23408,0.3738
1980001,0,-1.37715,-38919.5,0.337964,0.3786
1985001,0,-6.31038,-38917.7,5.28979,0.2998
1990001,0,-1.08049,-38919.1,0.0275518,0.3352
1995001,0,-2.51503,-38917.5,1.58057,0.3662
2000001,0,-2.99902,-38918.1,2.09898,0.3666
2005001,0,-1.7405,-38918,0.823575,0.3818
2010001,0,-1.65233,-38917.8,0.733988,0.3148
2015001,0,-1.25265,-38917.6,0.278738,0.3018
2020001,0,-2.03504,-38918.9,1.09103,0.421
2025001,1,2.3274,-38917.6,0.0941792,0.364
2030001,1,-1.01159,-38917.8,1.97611,0.3248
2035001,0,-1.56478,-38917.7,0.640731,0.386
2040001,0,-1.80051,-38917.7,0.845556,0.3912
2045001,1,-0.0853913,-38919.8,0.520402,0.3648
2050001,1,0.565814,-38920.7,0.0683071,0.4048
2055001,0,-1.1383,-38919,0.141013,0.342
2060001,0,-1.60353,-38918,0.662905,0.349
2065001,2,5.09896,-38920.4,0.306136,0.3588
2070001,0,-1.03918,-38919.4,0.112171,0.388
2075001,0,-1.30378,-38918.2,0.224938,0.35
2080001,1,1.53249,-38916.8,0.0153186,0.3862
2085001,0,-1.65252,-38918.8,0.647605,0.3232
2090001,1,-1.01372,-38915.6,0.818297,0.3488
2095001,1,0.477614,-38915.7,1.11437,0.4124
2100001,1,-4.24767,-38915.1,0.200571,0.436
2105001,2,1.95645,-38917.1,0.407057,0.4326
2110001,0,-2.51743,-38917.6,1.49966,0.3822
2115001,2,-2.74713,-38916.2,0.751884,0.365
2120001,0,-2.08596,-38918.1,1.11548,0.39
2125001,1,-1.02464,-38918.6,1.82901,0.343
2130001,1,-2.96183,-38919.3,4.15604,0.2748
2135001,0,-1.59209,-38918.2,0.490275,0.3592
2140001,0,-1.85574,-38918.3,0.882519,0.3844
2145001,1,-5.70811,-38911.4,0.125837,0.4048
2150001,0,-2.40551,-38918,1.3456,0.3346
2155001,0,-1.23687,-38917.5,0.226361,0.2962
2160001,0,-2.35512,-38918.5,1.37537,0.382
2165001,0,-1.21228,-38917.7,0.165155,0.3458
2170001,0,-1.39756,-38917.5,0.332677,0.33
2175001,0,-2.17714,-38918.3,1.1076,0.3608
2180001,1,0.823941,-38917.9,0.0605078,0.408
2185001,1,-0.770574,-38917.3,3.13758,0.339
2190001,0,-1.191,-38918.2,0.249169,0.317
2195001,0,-1.77257,-38923.2,0.782371,0.354
2200001,0,-2.70785,-38918.5,1.76403,0.362
2205001,0,-3.34792,-38918.8,2.32347,0.395
2210001,0,-1.92623,-38917.6,1.01567,0.3244
2215001,0,-1.6916,-38918.3,0.814055,0.3696
2220001,0,-2.66506,-38917.5,1.71326,0.3694
2225001,0,-0.90455,-38917.9,0.0196476,0.3808
2230001,0,-1.02262,-38918.3,0.0435783,0.3566
2235001,0,-1.0271,-38919,0.106,0.315
2240001,1,0.608417,-38917.8,1.65855,0.3778
2245001,0,-1.20268,-38918.5,0.184667,0.3694
2250001,3,2.8795,-38918.5,0.160183,0.4112
2255001,0,-3.05285,-38917.6,2.12559,0.3888
2260001,0,-2.62116,-38918,1.61233,0.3184
2265001,0,-1.39604,-38917.9,0.417633,0.3108
2270001,0,-1.68453,-38917.5,0.7572,0.3424
2275001,2,0.0169089,-38917.7,0.442019,0.3658
2280001,0,-1.35962,-38917.9,0.403256,0.3644
2285001,1,-0.531784,-38919.3,0.758951,0.322
2290001,1,1.76053,-38917.2,0.385043,0.4444
2295001,1,1.87748,-38918.1,0.138064,0.365
2300001,0,-2.52044,-38919.7,1.38806,0.3768
2305001,0,-2.76306,-38918,1.68316,0.3414
2310001,0,-1.42717,-38917.6,0.279971,0.4488
2315001,0,-2.34765,-38917.9,1.19489,0.317
2320001,3,1.84054,-38919,2.32118,0.3504
2325001,0,-1.46477,-38917.8,0.357425,0.3472
2330001,0,-3.52428,-38918.4,2.4036,0.4
2335001,1,-1.35175,-38918.3,0.736667,0.3546
2340001,1,1.09875,-38918,0.249536,0.3514
2345001,1,0.936785,-38915.8,0.235121,0.331
2350001,0,-3.57196,-38918.2,2.46609,0.3434
2355001,1,1.59005,-38918,0.655624,0.325
2360001,1,-3.3246,-38918.3,0.293242,0.387
2365001,1,1.30633,-38918.4,0.520888,0.312
2370001,0,-1.82004,-38918.5,0.589917,0.3252
2375001,0,-2.39958,-38918.2,1.11095,0.2952
2380001,0,-1.44257,-38918.1,0.269141,0.2786
2385001,0,-1.2981,-38918.1,0.0566355,0.2428
2390001,0,-1.56458,-38918.2,0.399434,0.329
