generation,leftchild,rightchild,abstime,lambdainit,lambdashift,muinit,mushift
1,1,2,0,0.0711965,0,0.005,0
5001,1,2,0,0.0515892,-6.72763e-05,0.000823285,0
10001,1,2,0,0.0517029,3.66889e-05,0.00296197,0
10001,5382,NA,184.325,0.135559,-0.0919806,0.275365,0
10001,1870,NA,193.109,0.0277566,-0.0591824,0.246181,0
15001,1,2,0,0.0520358,3.66889e-05,0.00414734,0
15001,3583,4994,179.859,0.11302,-0.0124839,0.0616746,0
20001,1,2,0,0.0505959,3.66889e-05,0.002227,0
20001,1403,NA,191.805,0.00423268,-0.00487545,0.0618212,0
25001,1,2,0,0.0502593,3.66889e-05,0.00254805,0
30001,1,2,0,0.0518323,5.80222e-05,0.00405028,0
35001,1,2,0,0.0509651,0.000147592,0.00511789,0
40001,1,2,0,0.0492873,0.000147592,0.00263387,0
45001,1,2,0,0.0509449,0.000147592,0.00443798,0
45001,1170,NA,195.418,0.103134,-0.0456478,0.818574,0
50001,1,2,0,0.0490805,0.000147592,0.000458842,0
55001,1,2,0,0.0510778,0.000194429,0.00404925,0
55001,381,NA,161.703,0.119788,-0.00801469,0.141831,0
60001,1,2,0,0.0476267,0.000208462,0.000614165,0
65001,1,2,0,0.0495018,0.000208462,0.0031591,0
70001,1,2,0,0.0495145,0.000208462,0.0031765,0
75001,1,2,0,0.0482219,0.000208462,0.000495287,0
80001,1,2,0,0.0468866,0.000316498,6.38127e-05,0
85001,1,2,0,0.0478508,0.000316498,0.000439449,0
85001,8916,NA,195.138,0.179901,0.00141697,0.04794,0
85001,3635,NA,189.087,0.202268,0.0260742,0.0421344,0
90001,1,2,0,0.047473,0.000287374,3.14752e-07,0
90001,3630,9893,193.882,0.350492,-0.0532437,0.109417,0
95001,1,2,0,0.0467111,0.000328128,0.000825204,0
95001,5925,NA,194.023,0.127226,0.0518639,0.211318,0
95001,772,NA,187.67,0.243671,-0.00204473,0.105849,0
100001,1,2,0,0.0469686,0.000578739,0.00292719,0
100001,5063,NA,191.285,0.2529,0.000926271,0.376109,0
105001,1,2,0,0.0452469,0.000578739,0.000250981,0
105001,3286,NA,193.564,0.134208,0.035463,0.0794423,0
110001,1,2,0,0.0455736,0.000578739,0.000238412,0
110001,1751,NA,181.821,0.143038,-0.107247,0.31254,0
115001,1,2,0,0.0460161,0.000578739,0.000345031,0
115001,615,8270,184.356,0.323893,0.0184487,0.253453,0
120001,1,2,0,0.0461719,0.000485124,0.000791893,0
125001,1,2,0,0.0481419,0.000165618,0.00083552,0
125001,704,6841,177.917,0.366993,-0.0975186,0.0859002,0
130001,1,2,0,0.0494243,0.000158859,0.00143279,0
130001,5454,7627,189.015,0.223756,-0.0279274,0.0281648,0
135001,1,2,0,0.0490525,0.000158859,0.00210227,0
140001,1,2,0,0.0485357,0.000151748,0.000700804,0
145001,1,2,0,0.050096,0.000151748,0.00243007,0
145001,675,NA,185.108,0.151472,0.0674302,0.426749,0
150001,1,2,0,0.0499566,0.000151748,0.00277445,0
150001,95,4248,168.299,0.100683,-0.0267879,0.111625,0
150001,1098,7849,188.214,0.119181,0.00448227,0.0455746,0
155001,1,2,0,0.0502932,-7.16952e-05,0.00171349,0
160001,1,2,0,0.0500111,5.21666e-06,0.00110968,0
165001,1,2,0,0.0512314,0.000128438,0.00491291,0
170001,1,2,0,0.0522715,-0.000177058,0.00331314,0
170001,5291,NA,190.911,0.0246865,0.0358947,0.0656606,0
170001,14,1513,138.797,0.210328,-0.0125298,0.125492,0
170001,1711,NA,187.414,0.0381196,-0.109238,0.0346541,0
170001,4,8317,168.341,0.102614,-0.00158933,0.323237,0
175001,1,2,0,0.0517262,-0.000177058,0.000209633,0
175001,3,NA,169.499,0.0494826,-0.114498,0.296788,0
175001,131,5731,182.702,0.266546,0.0236997,0.326393,0
175001,1120,NA,175.998,0.0244064,0.00428762,0.0175446,0
180001,1,2,0,0.053979,-0.00013989,0.00334299,0
185001,1,2,0,0.0529148,-0.000136358,0.00424172,0
190001,1,2,0,0.0529734,-0.00010963,0.00425312,0
195001,1,2,0,0.0513705,-0.00010963,0.00228555,0
200001,1,2,0,0.0529822,-0.000168536,0.0021995,0
205001,1,2,0,0.0517889,-0.000168536,0.00133347,0
210001,1,2,0,0.0539401,-0.000168536,0.0053488,0
215001,1,2,0,0.0532272,-0.000143663,0.00282829,0
220001,1,2,0,0.0529371,-0.000156752,0.0030977,0
225001,1,2,0,0.0521669,-0.000156752,0.00408775,0
230001,1,2,0,0.053793,-0.000246756,0.00233437,0
230001,2468,7991,185.256,0.128226,0.0812049,0.00130006,0
235001,1,2,0,0.053241,-0.000272683,0.00265961,0
240001,1,2,0,0.0530114,-0.000324264,0.00113863,0
245001,1,2,0,0.0543402,-0.000345001,0.00494638,0
250001,1,2,0,0.0527446,-0.000345001,0.00106977,0
250001,6405,9130,193.071,0.0845535,-0.0453407,0.066925,0
255001,1,2,0,0.0553211,-0.000345001,0.00377047,0
255001,1148,NA,171.722,0.0905533,0.00455981,0.0750533,0
260001,1,2,0,0.0567657,-0.000453127,0.00402698,0
265001,1,2,0,0.0562592,-0.000530365,0.00170415,0
270001,1,2,0,0.0569563,-0.000530365,0.00348666,0
270001,4631,8807,187.176,0.0131989,0.0285892,0.0961976,0
275001,1,2,0,0.0581612,-0.000530365,0.00497304,0
280001,1,2,0,0.0566428,-0.000527415,0.00150698,0
285001,1,2,0,0.0563986,-0.000527415,0.00382276,0
285001,3596,NA,192.113,0.156841,0.127257,0.187709,0
290001,1,2,0,0.0570051,-0.000488619,0.00465426,0
295001,1,2,0,0.0575377,-0.000515422,0.00480021,0
300001,1,2,0,0.0563209,-0.000433765,0.00390447,0
300001,1121,NA,192.827,0.174673,-0.0296709,0.0530977,0
305001,1,2,0,0.0543594,-0.000330386,0.00332012,0
305001,1485,9659,190.324,0.176318,-0.120402,0.104363,0
310001,1,2,0,0.053554,-0.000181729,0.00428286,0
315001,1,2,0,0.0537507,-0.000181729,0.00578106,0
320001,1,2,0,0.0540911,-0.000181729,0.00545004,0
325001,1,2,0,0.052803,-0.000181729,0.00250646,0
325001,712,6440,182.58,0.189532,0.012743,0.0201651,0
330001,1,2,0,0.052323,-0.000181729,0.00253853,0
335001,1,2,0,0.0526794,-0.000218171,0.00278094,0
340001,1,2,0,0.0564821,-0.000336172,0.00498295,0
345001,1,2,0,0.0563986,-0.000336172,0.00727488,0
345001,2599,8849,186.338,0.138345,0.000364343,0.143944,0
350001,1,2,0,0.053203,-0.000290505,0.00255747,0
355001,1,2,0,0.0540075,-0.000290505,0.00275603,0
355001,146,2505,162.661,0.386579,-0.00122176,0.376167,0
360001,1,2,0,0.0532942,-0.000290505,0.00196669,0
365001,1,2,0,0.0547546,-0.000322313,0.00227128,0
370001,1,2,0,0.0533063,-0.000322313,0.00115608,0
375001,1,2,0,0.0538306,-0.000322313,0.00111174,0
380001,1,2,0,0.0545325,-0.000322313,0.0035707,0
380001,1160,3074,170.767,0.808518,-0.0974345,0.232068,0
380001,1412,9351,186.113,0.062109,0.0738123,0.39232,0
385001,1,2,0,0.0546572,-0.000292947,0.00394339,0
390001,1,2,0,0.0551804,-0.000356301,0.00454274,0
390001,620,8891,181.609,0.230259,-0.0213935,0.181995,0
390001,5484,NA,191.452,0.0413758,-0.0358299,0.208404,0
390001,4923,NA,195.975,0.123924,0.106958,0.178656,0
395001,1,2,0,0.0546127,-0.000356301,0.00266787,0
400001,1,2,0,0.0550338,-0.000356301,0.00357553,0
405001,1,2,0,0.0536814,-0.000297459,0.00288232,0
405001,610,9349,191.678,0.103237,-0.11005,0.885334,0
410001,1,2,0,0.0528862,-0.000214811,0.00437556,0
415001,1,2,0,0.0532995,-0.000214811,0.00313618,0
415001,2891,NA,191.109,0.328902,-0.0909134,0.64398,0
420001,1,2,0,0.0508208,-0.000166511,6.17085e-05,0
420001,130,NA,180.195,0.103859,-0.0811667,0.233198,0
425001,1,2,0,0.0534635,-0.000187944,0.0039306,0
430001,1,2,0,0.0533922,-0.000297735,0.00262842,0
430001,3632,NA,195.715,0.491025,0.0932395,0.404523,0
435001,1,2,0,0.0552266,-0.000294579,0.00527903,0
435001,652,NA,184.584,0.137613,-0.0652735,0.132356,0
440001,1,2,0,0.0532671,-0.000266552,0.0021942,0
445001,1,2,0,0.0537728,-0.000266552,0.00240422,0
445001,1060,NA,188.079,0.043001,-0.0118237,0.0417145,0
450001,1,2,0,0.055406,-0.000282704,0.00589923,0
455001,1,2,0,0.0553193,-0.000221845,0.00448807,0
460001,1,2,0,0.0533438,-0.000250989,0.00316933,0
465001,1,2,0,0.0554413,-0.000477803,0.00222871,0
465001,8286,NA,195.441,0.503707,0.0122358,0.0257533,0
470001,1,2,0,0.0571841,-0.000427402,0.00463287,0
475001,1,2,0,0.0548154,-0.000427402,0.000873103,0
475001,5511,NA,195.247,0.422022,0.106408,0.758977,0
480001,1,2,0,0.0552269,-0.000452954,0.00246006,0
480001,6366,NA,193.64,0.35619,0.100058,0.0410258,0
485001,1,2,0,0.0562122,-0.000452954,0.00388724,0
485001,1315,8384,189.251,0.169981,-0.0636007,0.0276997,0
485001,3562,7211,176.486,0.0347646,0.0505171,0.0710076,0
490001,1,2,0,0.0549253,-0.000328743,0.0044205,0
495001,1,2,0,0.0529693,-0.0001852,0.00240829,0
500001,1,2,0,0.0528316,-0.0001852,0.00284879,0
500001,1021,3367,174.494,0.0274145,0.0528575,0.0280704,0
505001,1,2,0,0.0539144,-0.0001852,0.00353377,0
510001,1,2,0,0.0546129,-0.0001852,0.0050025,0
515001,1,2,0,0.0545645,-0.000305363,0.00360499,0
515001,1848,NA,178.275,0.0285384,0.00455402,0.124539,0
520001,1,2,0,0.0557023,-0.00035779,0.0059265,0
520001,848,NA,194.595,0.168187,0.0682896,0.381695,0
525001,1,2,0,0.0532769,-0.000322328,0.00205214,0
530001,1,2,0,0.0539377,-0.000322328,0.00250852,0
535001,1,2,0,0.0562101,-0.000322328,0.00491456,0
540001,1,2,0,0.0540704,-0.000322328,0.00254214,0
540001,7675,NA,194.705,0.013249,0.0856341,0.00472182,0
545001,1,2,0,0.0542284,-0.000322328,0.00306068,0
545001,1851,6901,183.855,0.193029,0.0185059,0.118232,0
545001,585,7440,187.988,0.109267,0.0653452,0.181959,0
550001,1,2,0,0.0556163,-0.000322328,0.00487732,0
550001,800,NA,188.709,0.0561597,0.05122,0.00452324,0
555001,1,2,0,0.0546293,-0.000292572,0.00402725,0
560001,1,2,0,0.054738,-0.000292572,0.00415298,0
565001,1,2,0,0.0543459,-0.000292572,0.00385889,0
570001,1,2,0,0.0556565,-0.000292572,0.00453302,0
575001,1,2,0,0.052451,-7.86435e-05,0.00285556,0
575001,1035,8982,169.678,0.0785208,0.0230555,0.234001,0
580001,1,2,0,0.0526126,-7.86435e-05,0.00349411,0
580001,2593,NA,195.404,0.44595,-0.0473284,0.15742,0
585001,1,2,0,0.05073,-4.25478e-05,0.000959111,0
590001,1,2,0,0.0520391,-4.25478e-05,0.00372885,0
595001,1,2,0,0.0494309,-3.16104e-05,0.000238774,0
600001,1,2,0,0.0527563,-3.16104e-05,0.0041971,0
605001,1,2,0,0.0507975,-3.16104e-05,0.00240564,0
610001,1,2,0,0.0525059,-0.0002582,0.00249698,0
610001,148,7954,173.651,0.0623763,-0.0249941,0.10878,0
615001,1,2,0,0.0526119,-0.000152073,0.00272618,0
620001,1,2,0,0.0543738,-0.000152073,0.00643951,0
620001,8,NA,165.666,0.201631,-0.115223,0.1535,0
625001,1,2,0,0.0516225,-0.000152073,0.000855494,0
630001,1,2,0,0.0555364,-0.000152073,0.00866113,0
630001,1573,7940,190.998,0.585909,0.0971538,0.189022,0
635001,1,2,0,0.0518098,-0.000152073,0.00192064,0
640001,1,2,0,0.0534095,-0.000152073,0.00361295,0
645001,1,2,0,0.0516546,3.96651e-05,0.00184592,0
650001,1,2,0,0.0508136,3.96651e-05,0.00158564,0
650001,42,NA,164.903,0.0793479,-0.020632,0.0948109,0
650001,1726,NA,190.416,0.00653916,-0.00148491,0.014802,0
655001,1,2,0,0.0510738,3.96651e-05,0.00272933,0
660001,1,2,0,0.0498291,3.96651e-05,0.000624535,0
665001,1,2,0,0.0524093,-0.000213675,0.000638832,0
665001,1099,NA,194.189,0.0150303,0.0589871,0.0982111,0
670001,1,2,0,0.0534419,-0.000213675,0.00483391,0
675001,1,2,0,0.052537,-0.000213675,0.00141303,0
680001,1,2,0,0.0533402,-0.000233664,0.00355623,0
680001,3301,9342,193.848,0.347837,0.00777317,0.189039,0
685001,1,2,0,0.0534744,-0.000233664,0.00297071,0
690001,1,2,0,0.052662,-0.000222347,0.0028984,0
695001,1,2,0,0.0542626,-0.000198645,0.00358414,0
700001,1,2,0,0.0537682,-0.000274431,0.00184101,0
705001,1,2,0,0.0523108,-2.63167e-05,0.00341713,0
710001,1,2,0,0.0527064,-0.000131059,0.00226049,0
715001,1,2,0,0.0558319,-0.000131059,0.00996414,0
720001,1,2,0,0.0513042,8.57279e-06,0.00240754,0
725001,1,2,0,0.0518983,8.57279e-06,0.00305872,0
725001,662,7957,151.194,0.0567881,0.0124733,0.0271832,0
730001,1,2,0,0.0513565,2.8002e-05,0.00437026,0
735001,1,2,0,0.0485759,2.8002e-05,0.000376633,0
735001,1024,NA,188.098,0.252106,-0.0164603,0.546505,0
735001,87,6779,172.445,0.0868458,0.0208874,0.0908438,0
740001,1,2,0,0.0504553,0.000260253,0.00449404,0
745001,1,2,0,0.0475979,0.000393256,0.00320544,0
750001,1,2,0,0.0470383,0.000393256,0.00110027,0
755001,1,2,0,0.0472311,0.000322427,0.00224665,0
760001,1,2,0,0.0475946,0.000322427,0.000713414,0
760001,549,NA,173.432,0.0285573,-0.00117025,0.135585,0
760001,1497,7014,177.711,0.0650967,-0.0105658,0.0372453,0
760001,1494,6101,186.719,0.592854,-0.111082,0.191565,0
765001,1,2,0,0.0486241,0.000322427,0.0038854,0
770001,1,2,0,0.0489486,0.000322427,0.00281463,0
770001,2200,NA,195.473,0.836405,-0.0626597,1.0039,0
775001,1,2,0,0.0483978,0.000322427,0.00273293,0
780001,1,2,0,0.047831,0.000322427,0.00198392,0
780001,1709,8668,189.107,0.198875,-0.00791448,0.110228,0
780001,1708,NA,193.836,0.136776,0.137985,0.156519,0
785001,1,2,0,0.0467403,0.000322427,6.88888e-05,0
785001,5628,NA,190.128,0.184617,-0.0227434,0.142616,0
790001,1,2,0,0.0472615,0.000319985,0.000890198,0
795001,1,2,0,0.0465868,0.000347022,0.000290677,0
800001,1,2,0,0.0483779,0.000347022,0.00309858,0
800001,749,NA,195.814,0.375786,0.0968636,0.00534486,0
805001,1,2,0,0.0479567,0.000347022,0.00232165,0
810001,1,2,0,0.0477795,0.00037277,0.000669463,0
810001,8876,NA,195.445,0.0249257,-0.0239543,0.152185,0
815001,1,2,0,0.0473046,0.00037277,0.00172311,0
820001,1,2,0,0.0476697,0.00037277,0.00193895,0
825001,1,2,0,0.0479693,0.00037277,0.00154159,0
825001,482,7235,179.973,0.193711,-0.0332164,0.243976,0
825001,2958,9011,192.658,0.746239,0.0133776,0.228642,0
830001,1,2,0,0.0468578,0.00037277,0.00140368,0
830001,4741,9588,194.954,0.296131,-0.00843397,0.0237663,0
830001,649,NA,187.221,0.340457,-0.0312216,0.373194,0
835001,1,2,0,0.0461052,0.000493559,0.00133894,0
835001,6478,NA,190.867,0.226724,0.0719215,0.117437,0
840001,1,2,0,0.0480316,0.000493559,0.00423083,0
845001,1,2,0,0.0460349,0.000520858,0.000172038,0
850001,1,2,0,0.0457215,0.000520858,0.00175127,0
855001,1,2,0,0.0459652,0.000520858,0.000609587,0
855001,2003,3814,171.633,0.196322,-0.0289655,0.0455264,0
860001,1,2,0,0.0471477,0.000520858,0.00422235,0
860001,283,4922,176.308,0.0810741,0.0194576,0.0446305,0
865001,1,2,0,0.0490117,0.000520858,0.00390861,0
865001,3770,NA,180.701,0.0420458,-0.0513637,0.0174706,0
865001,104,5947,176.224,0.0464212,-0.0847416,0.317795,0
870001,1,2,0,0.0456096,0.000616684,0.000888902,0
875001,1,2,0,0.0417994,0.000941196,0.000352317,0
880001,1,2,0,0.0428922,0.000828973,0.000390712,0
885001,1,2,0,0.0439,0.000828973,0.00131676,0
890001,1,2,0,0.04294,0.000828973,0.00118081,0
895001,1,2,0,0.0425365,0.000828973,0.000405124,0
900001,1,2,0,0.0443623,0.000854814,0.00136626,0
900001,105,5854,173.554,0.17023,-0.0589724,0.110351,0
905001,1,2,0,0.0432672,0.000854814,0.000969996,0
910001,1,2,0,0.0425432,0.000854814,0.000592938,0
915001,1,2,0,0.0442878,0.000890494,0.00226841,0
915001,607,6715,176.439,0.157699,-0.0974579,0.0387466,0
915001,2825,5319,171.004,0.0926509,-0.0310669,0.156484,0
920001,1,2,0,0.0431382,0.000890494,0.000869853,0
920001,1748,9559,195.974,0.785246,-0.0242891,0.175091,0
925001,1,2,0,0.0427126,0.000890494,0.000949063,0
930001,1,2,0,0.0432046,0.000890494,0.00202389,0
935001,1,2,0,0.0431068,0.000890494,0.00133739,0
940001,1,2,0,0.0445476,0.000890494,0.00260411,0
945001,1,2,0,0.0423294,0.000890494,0.000268886,0
950001,1,2,0,0.0426264,0.000890494,0.000297089,0
955001,1,2,0,0.0425895,0.000890494,0.000373958,0
960001,1,2,0,0.0433804,0.000890494,0.00178001,0
960001,3,NA,188.464,0.014666,0.0662031,0.556662,0
965001,1,2,0,0.0460203,0.000760918,0.00276717,0
970001,1,2,0,0.0441599,0.000760918,0.00039138,0
970001,2366,NA,180.807,0.0163253,0.00378891,0.160827,0
970001,945,7420,151.927,0.066844,-0.0496656,0.0870391,0
975001,1,2,0,0.0445732,0.000760918,0.00178801,0
980001,1,2,0,0.0439681,0.000803141,0.00154632,0
980001,3957,9773,189.679,0.208501,0.0400896,0.144766,0
985001,1,2,0,0.0456243,0.000803141,0.00321339,0
985001,1965,NA,179.432,0.0283671,-0.00575689,0.263458,0
990001,1,2,0,0.042591,0.000897229,2.05183e-06,0
995001,1,2,0,0.0422603,0.000847892,0.000535605,0
1000001,1,2,0,0.0431777,0.000819083,0.0003312,0
1005001,1,2,0,0.0434639,0.000819083,0.000921175,0
1005001,2751,NA,189.829,0.082393,-0.0218031,0.163014,0
1010001,1,2,0,0.0435057,0.000819083,0.00033277,0
1015001,1,2,0,0.0431448,0.000819083,0.000694433,0
1020001,1,2,0,0.0437074,0.000894157,0.00195151,0
1025001,1,2,0,0.0423457,0.000894157,0.00029787,0
1030001,1,2,0,0.0422723,0.000992221,0.000590799,0
1035001,1,2,0,0.0426754,0.000992221,0.000577273,0
1040001,1,2,0,0.0421632,0.000992221,0.000282797,0
1045001,1,2,0,0.0424728,0.000992221,0.00125689,0
1050001,1,2,0,0.0427557,0.000877762,3.61168e-05,0
1055001,1,2,0,0.0444334,0.000718339,0.0013496,0
1055001,55,NA,169.071,0.0328548,-0.0492711,0.0908404,0
1055001,2060,NA,186.909,0.194021,-0.0646346,0.258301,0
1055001,88,1685,151.181,0.118813,-0.000820804,0.0455261,0
1060001,1,2,0,0.0440647,0.00071082,0.000173255,0
1065001,1,2,0,0.0431805,0.000723862,2.20007e-05,0
1070001,1,2,0,0.0438912,0.000723862,0.000101507,0
1070001,2040,5544,182.463,0.0742913,-0.0395597,0.0723478,0
1070001,7492,NA,193.841,0.548803,-0.0832202,0.0943129,0
1075001,1,2,0,0.045551,0.000723862,0.00240396,0
1080001,1,2,0,0.0437345,0.000750586,0.000657454,0
1085001,1,2,0,0.0438026,0.000750586,0.00123353,0
1085001,140,7006,177.787,0.428338,-0.0346905,0.198746,0
1090001,1,2,0,0.0457497,0.000560562,0.001789,0
1095001,1,2,0,0.0473464,0.000560562,0.00357987,0
1095001,666,NA,175.588,0.101457,-0.0371342,0.140449,0
1100001,1,2,0,0.044937,0.000601553,0.000956791,0
1105001,1,2,0,0.0481526,0.000358347,0.00271068,0
1110001,1,2,0,0.0480668,0.000408108,0.00311452,0
1110001,3166,NA,184.616,0.105778,-0.0831958,0.114086,0
1115001,1,2,0,0.0469092,0.000408108,0.00154019,0
1115001,408,NA,184.96,0.134981,-0.033637,0.163601,0
1120001,1,2,0,0.0476851,0.000278934,0.00139317,0
1120001,1072,NA,166.522,0.364554,-0.0237767,0.216632,0
1125001,1,2,0,0.048071,0.000278934,0.00204052,0
1125001,1843,NA,182.588,0.166903,-0.135507,0.0764419,0
1130001,1,2,0,0.0479383,0.000278934,0.00224874,0
1130001,2975,8580,188.494,0.0658426,-0.11201,0.133567,0
1135001,1,2,0,0.04835,0.000278934,0.00216918,0
1140001,1,2,0,0.0480498,0.00024605,0.00192331,0
1140001,2534,NA,190.839,0.0624612,0.0525024,0.1721,0
1140001,8726,NA,195.878,0.0598782,0.0393962,0.708399,0
1145001,1,2,0,0.0485064,0.00024605,0.00182036,0
1150001,1,2,0,0.0478698,0.000217353,0.00158363,0
1155001,1,2,0,0.049926,0.000231596,0.00460355,0
1155001,95,1562,151.476,0.0872983,-0.00240116,0.030195,0
1160001,1,2,0,0.0481456,0.000231596,0.00167185,0
1165001,1,2,0,0.0486398,0.000231596,0.000675712,0
1165001,3,NA,149.322,0.159224,0.0041139,0.206022,0
1170001,1,2,0,0.0504191,0.000231596,0.00454674,0
1170001,1618,NA,187.296,0.127237,-0.00524663,0.100824,0
1175001,1,2,0,0.0494423,0.000231596,0.00197954,0
1180001,1,2,0,0.0490765,0.000231596,0.00154732,0
1185001,1,2,0,0.0481905,0.000231596,0.000879571,0
1190001,1,2,0,0.0490405,0.000231596,0.0039013,0
1190001,1559,8649,191.695,0.209419,-0.0393961,0.0709334,0
1195001,1,2,0,0.0491269,0.000231596,0.00196562,0
1200001,1,2,0,0.0515887,0.000231596,0.0061644,0
1200001,3,NA,138.888,0.144403,-0.0303131,0.167424,0
1205001,1,2,0,0.0496551,0.000132773,0.00220422,0
1205001,3,NA,153.902,0.112948,-0.00514613,0.326366,0
1205001,13,NA,185.992,0.251411,0.0330073,0.309262,0
1210001,1,2,0,0.0495413,0.000147713,0.00220967,0
1215001,1,2,0,0.0499422,0.000147713,0.000976891,0
1215001,3423,9772,193.868,0.0883159,0.0592689,0.0540514,0
1220001,1,2,0,0.0515604,3.66606e-05,0.00352634,0
1225001,1,2,0,0.0497657,3.66606e-05,0.000969209,0
1230001,1,2,0,0.0513997,3.66606e-05,0.00289239,0
1235001,1,2,0,0.0523332,3.66606e-05,0.00377319,0
1235001,4297,NA,193.701,0.385479,-0.109624,0.00371713,0
1240001,1,2,0,0.0523983,3.66606e-05,0.00357738,0
1245001,1,2,0,0.0512572,-1.41604e-05,0.00168281,0
1250001,1,2,0,0.0516008,-1.41604e-05,0.00265402,0
1250001,6083,9551,191.497,0.180803,-0.0145603,0.0369909,0
1255001,1,2,0,0.0517455,-1.41604e-05,0.00315156,0
1260001,1,2,0,0.051315,-1.41604e-05,0.0027955,0
1265001,1,2,0,0.0520024,-1.41604e-05,0.00325073,0
1270001,1,2,0,0.0509577,-1.41604e-05,0.0018509,0
1270001,3,NA,117.792,0.0375206,0.00818591,0.037707,0
1270001,4827,NA,191.975,0.0193295,-0.0338776,0.13065,0
1275001,1,2,0,0.0516942,-1.41604e-05,0.00438181,0
1275001,3,NA,173.618,0.0134368,0.0477568,0.0639818,0
1280001,1,2,0,0.050749,5.93128e-05,0.00115628,0
1280001,3906,5791,180.565,0.0622884,0.112475,0.0940625,0
1285001,1,2,0,0.0494087,6.86937e-05,0.00140306,0
1290001,1,2,0,0.0514848,0.000110337,0.00389363,0
1290001,2336,7682,180.515,0.457159,-0.0866521,0.0898284,0
1295001,1,2,0,0.0510439,0.000110337,0.00423335,0
1300001,1,2,0,0.0515335,0.000110337,0.0037325,0
1305001,1,2,0,0.049354,0.000110337,0.00121341,0
1305001,56,4328,177.442,0.0660481,0.0136915,0.0788485,0
1305001,620,8891,183.706,0.127097,0.0460858,0.176822,0
1310001,1,2,0,0.0499831,0.000110337,0.00154735,0
1315001,1,2,0,0.0516941,0.000110337,0.0053652,0
1315001,1156,NA,179.765,0.00162499,-0.115541,0.0943894,0
1320001,1,2,0,0.0492766,0.000110337,0.00190313,0
1320001,3495,7371,189.306,0.159407,0.000267718,0.0895601,0
1325001,1,2,0,0.0510249,0.000110337,0.00394345,0
1330001,1,2,0,0.0495364,0.000110337,0.00110058,0
1335001,1,2,0,0.051948,-2.78481e-05,0.00214152,0
1335001,4907,NA,192.328,0.0959344,-0.0832217,0.206839,0
1340001,1,2,0,0.0510405,-2.78481e-05,0.00259078,0
1345001,1,2,0,0.052037,-2.78481e-05,0.00159146,0
1350001,1,2,0,0.0514609,-2.78481e-05,0.00242167,0
1350001,8465,NA,194.684,0.241775,-0.104054,0.160141,0
1355001,1,2,0,0.051149,-2.78481e-05,0.00174411,0
1360001,1,2,0,0.0521961,-8.47498e-05,0.00238635,0
1365001,1,2,0,0.0509136,4.15853e-05,0.00472795,0
1370001,1,2,0,0.0515003,-4.91125e-05,0.00287866,0
1370001,2151,NA,194.941,0.0827924,-0.0294199,0.365627,0
1370001,4465,NA,190.634,0.139073,-0.00949561,0.214527,0
1375001,1,2,0,0.0515129,-4.91125e-05,0.00102144,0
1380001,1,2,0,0.0509686,-7.42467e-06,0.000816141,0
1385001,1,2,0,0.0510583,-7.42467e-06,0.00258554,0
1390001,1,2,0,0.0523616,-7.42467e-06,0.00339301,0
1395001,1,2,0,0.0490363,0.000112255,0.000436682,0
1395001,3561,8811,192.022,0.201437,0.00138429,0.251333,0
1400001,1,2,0,0.0495761,0.000112255,0.00198527,0
1405001,1,2,0,0.0516692,0.000112255,0.00359385,0
1410001,1,2,0,0.0491984,0.000123873,0.0012633,0
1415001,1,2,0,0.0505383,0.000123873,0.00364756,0
1420001,1,2,0,0.050119,0.000123873,0.00304921,0
1425001,1,2,0,0.0518671,4.36287e-05,0.00363426,0
1430001,1,2,0,0.0501583,4.36287e-05,0.00156233,0
1430001,1811,NA,194.061,0.595896,0.0160954,0.929883,0
1435001,1,2,0,0.0502082,7.70377e-05,0.00187702,0
1435001,62,NA,181.223,8.05626e-05,-0.0375648,0.057582,0
1440001,1,2,0,0.0504778,7.70377e-05,0.00294424,0
1445001,1,2,0,0.0491781,7.70377e-05,0.000568187,0
1445001,1172,NA,183.916,0.0304246,0.0339943,0.053644,0
1445001,158,1633,158.105,0.018372,0.0389521,0.0119766,0
1450001,1,2,0,0.0493625,7.70377e-05,6.41855e-05,0
1455001,1,2,0,0.0500427,7.70377e-05,0.000744233,0
1455001,207,NA,180.048,0.141527,-0.0663452,0.233575,0
1455001,1360,8694,191.825,0.37313,0.0212971,0.477038,0
1455001,2361,NA,177.865,0.066903,-0.00251293,0.127407,0
1460001,1,2,0,0.050652,7.70377e-05,0.00330236,0
1460001,3512,NA,184.52,0.195415,-0.0593953,0.360685,0
1460001,777,NA,172.524,0.234499,-0.0632478,0.194047,0
1465001,1,2,0,0.0506909,7.70377e-05,0.00299324,0
1465001,127,NA,192.861,0.191017,-0.0525491,0.32476,0
1470001,1,2,0,0.0502257,0.00013867,0.00295885,0
1470001,337,NA,182.045,0.0485584,-0.0284761,0.103556,0
1470001,488,NA,192.699,0.102784,-0.0599796,0.403156,0
1475001,1,2,0,0.0503451,-8.23107e-05,0.000410212,0
1480001,1,2,0,0.0521092,-8.23107e-05,0.00164932,0
1485001,1,2,0,0.051393,-4.39625e-05,0.00273248,0
1485001,409,NA,195.292,0.104556,0.0183655,0.227916,0
1490001,1,2,0,0.0514784,-4.39625e-05,0.00326805,0
1490001,586,9804,191.546,0.225542,0.116812,0.0845813,0
1490001,2639,9258,188.833,0.213149,0.00558112,0.0799918,0
1495001,1,2,0,0.0524773,-4.39625e-05,0.00486608,0
1495001,2977,NA,193.722,0.00941512,0.0673944,0.0658655,0
1500001,1,2,0,0.0511769,-7.15544e-06,0.00401758,0
1505001,1,2,0,0.0504642,-7.15544e-06,0.00257775,0
1505001,6211,NA,189.072,0.00898557,0.0395821,0.0896751,0
1505001,1395,NA,176.044,0.054294,-0.0370337,0.0180113,0
1510001,1,2,0,0.0522326,-7.15544e-06,0.00394382,0
1515001,1,2,0,0.0504443,7.1486e-06,0.00120946,0
1515001,1087,NA,191.988,0.0316047,-0.0181346,0.259071,0
1520001,1,2,0,0.050849,7.1486e-06,0.0017698,0
1520001,1354,NA,184.531,0.408037,-0.0827426,0.311416,0
1520001,410,3943,177.521,0.0488446,-0.019583,0.00156455,0
1520001,5461,8857,185.599,0.492,-0.00154977,0.236371,0
1525001,1,2,0,0.0509764,-8.62561e-05,0.00304447,0
1530001,1,2,0,0.0528154,-0.000127325,0.00283491,0
1535001,1,2,0,0.0526353,-0.000127325,0.00153387,0
1535001,1095,NA,195.266,0.132398,0.14385,0.0811293,0
1540001,1,2,0,0.052165,-0.000104602,0.00179972,0
1545001,1,2,0,0.0509671,-0.000104602,0.000375624,0
1550001,1,2,0,0.0520737,-0.000104602,0.00195727,0
1550001,5482,NA,195.742,0.321903,-0.0386658,0.470184,0
1555001,1,2,0,0.050846,-0.000104602,0.000315356,0
1560001,1,2,0,0.05071,-0.000104602,0.00159514,0
1560001,3174,NA,184.828,0.0841285,-0.0638219,0.143632,0
1565001,1,2,0,0.053337,-0.000123972,0.00329183,0
1570001,1,2,0,0.052451,-0.000129801,0.00120101,0
1570001,281,9275,183.946,0.287456,-0.182718,0.225563,0
1575001,1,2,0,0.0517377,-5.02252e-05,0.00432105,0
1580001,1,2,0,0.0506008,-5.02252e-05,0.00067525,0
1585001,1,2,0,0.0527226,-5.02252e-05,0.0017676,0
1590001,1,2,0,0.0496052,7.06982e-05,0.000867353,0
1595001,1,2,0,0.052872,7.06982e-05,0.00716756,0
1600001,1,2,0,0.0498543,7.06982e-05,0.00153886,0
1600001,5005,NA,186.709,0.0114666,0.030396,0.0860833,0
1605001,1,2,0,0.0498091,7.06982e-05,0.000755916,0
1610001,1,2,0,0.0501518,7.06982e-05,0.00115575,0
1615001,1,2,0,0.0519642,-3.73938e-05,0.00325652,0
1615001,94,NA,150.869,0.0959078,-0.0887414,0.0539861,0
1615001,1083,NA,190.389,0.294741,-0.151316,0.0141734,0
1620001,1,2,0,0.0526643,-3.73938e-05,0.00382014,0
1625001,1,2,0,0.0527543,-3.73938e-05,0.00452308,0
1625001,5255,8644,188.888,0.143023,-0.0637701,0.00707946,0
1625001,231,NA,179.121,0.0997284,0.00396396,0.266597,0
1630001,1,2,0,0.0523768,-3.73938e-05,0.00286303,0
1635001,1,2,0,0.0501022,-3.73938e-05,0.000692789,0
1635001,6403,NA,195.991,0.208792,-0.0358971,0.58355,0
1640001,1,2,0,0.0521255,-3.73938e-05,0.00275453,0
1640001,953,9080,187.39,0.246246,-0.0185065,0.108073,0
1645001,1,2,0,0.051186,-8.88916e-05,0.00155817,0
1645001,4004,NA,190.898,0.0430446,0.0633618,0.0325657,0
1650001,1,2,0,0.0513585,-8.88916e-05,0.00193069,0
1655001,1,2,0,0.0504772,-8.88916e-05,0.000921867,0
1655001,61,NA,187.836,0.0580221,0.00985416,0.440903,0
1660001,1,2,0,0.0520643,-8.88916e-05,0.00072736,0
1665001,1,2,0,0.0512262,-0.000116951,0.0019502,0
1670001,1,2,0,0.0527124,-0.000116951,0.00267965,0
1670001,1114,8812,182.381,0.20972,0.045642,0.241137,0
1670001,1465,8601,190.169,0.244769,0.135751,0.000340581,0
1675001,1,2,0,0.0525448,-0.000116951,0.001713,0
1680001,1,2,0,0.0532818,-0.000116951,0.00228888,0
1685001,1,2,0,0.0543381,-0.000116951,0.00482126,0
1690001,1,2,0,0.0520067,-0.000116951,0.0027793,0
1695001,1,2,0,0.0514889,-1.95659e-05,0.00252506,0
1700001,1,2,0,0.0496583,1.59999e-05,0.000487871,0
1705001,1,2,0,0.050161,1.59999e-05,0.000723847,0
1710001,1,2,0,0.0493437,1.59999e-05,0.000463093,0
1715001,1,2,0,0.0500631,2.59213e-05,0.000952071,0
1720001,1,2,0,0.0514865,-0.000153613,0.00173325,0
1725001,1,2,0,0.0517253,-0.000153613,0.000582176,0
1725001,4162,NA,181.224,0.0277715,0.00593117,0.0559651,0
1730001,1,2,0,0.051951,-1.31314e-06,0.00299906,0
1730001,1460,NA,190.205,0.0344699,-0.117626,0.0179676,0
1735001,1,2,0,0.0513546,-1.31314e-06,0.000703783,0
1735001,595,NA,188.38,0.0188734,0.0210102,0.31265,0
1740001,1,2,0,0.0488748,0.000158726,0.00154832,0
1740001,1700,NA,186.748,0.111116,-0.145954,0.435602,0
1745001,1,2,0,0.0506325,0.000158726,0.00330561,0
1745001,53,7579,161.987,0.120229,-0.0484237,0.145544,0
1750001,1,2,0,0.0484337,0.000158726,0.00016568,0
1755001,1,2,0,0.0487913,0.000158726,0.000779347,0
1755001,5402,NA,190.247,0.00773241,0.0134633,0.0333997,0
1760001,1,2,0,0.0495826,0.000175646,0.00321483,0
1760001,1058,NA,160.566,0.0968012,-0.0545082,7.99836e-05,0
1765001,1,2,0,0.049449,0.000175646,0.00294833,0
1770001,1,2,0,0.0503341,0.000175646,0.00305144,0
1770001,2041,9461,192.636,0.0711876,0.00620272,0.148548,0
1775001,1,2,0,0.0501968,0.000175646,0.00356551,0
1775001,620,8891,176.305,0.199389,0.0531677,0.28574,0
1780001,1,2,0,0.0485903,0.000269725,0.00314596,0
1785001,1,2,0,0.048189,0.000326231,0.0010904,0
1790001,1,2,0,0.0474712,0.000326231,3.86399e-05,0
1795001,1,2,0,0.0494273,0.000326231,0.00338315,0
1795001,1787,NA,169.725,0.104613,0.00464587,0.105377,0
1800001,1,2,0,0.0475436,0.000400137,0.00134227,0
1805001,1,2,0,0.0471926,0.000400137,0.00190432,0
1810001,1,2,0,0.0474805,0.000365635,0.00242502,0
1810001,152,8310,172.394,0.0772839,-0.0083216,0.151813,0
1815001,1,2,0,0.0480821,0.000365635,0.00165298,0
1815001,4552,8220,190.195,0.0487087,-0.00294693,0.173042,0
1820001,1,2,0,0.0480809,0.000365635,0.00198506,0
1820001,3907,NA,186.656,0.155637,0.0436744,0.128323,0
1820001,2530,NA,180.679,0.0395341,-0.00243345,0.161045,0
1820001,490,6672,187.534,0.140441,-0.055167,0.0907681,0
1825001,1,2,0,0.0484331,0.000365635,0.00414814,0
1830001,1,2,0,0.0487242,0.000365635,0.00444093,0
1835001,1,2,0,0.0467897,0.000365635,0.00021865,0
1840001,1,2,0,0.0471805,0.000365635,0.00106949,0
1840001,2854,NA,191.657,0.0355061,-0.0428352,0.322573,0
1845001,1,2,0,0.0475301,0.000264624,0.000440315,0
1845001,3475,NA,187.961,0.243099,-0.00648154,0.187265,0
1850001,1,2,0,0.0484329,0.000334427,0.00278726,0
1855001,1,2,0,0.0468691,0.000334427,0.000593526,0
1855001,8951,NA,194.424,0.158289,0.184712,0.193687,0
1855001,346,7911,190.777,0.11322,0.11682,0.0786283,0
1855001,813,8784,192.017,0.374014,-0.0199796,0.860865,0
1860001,1,2,0,0.0507979,0.000145077,0.00482406,0
1860001,8,NA,142.113,0.0139499,-0.0725805,0.0635862,0
1865001,1,2,0,0.0497717,7.60209e-05,0.000939704,0
1865001,2354,NA,171.103,0.000531988,-0.0757969,0.0060499,0
1870001,1,2,0,0.0503824,7.60209e-05,0.00242554,0
1870001,310,3248,170.527,0.193388,-0.0868457,0.0261551,0
1875001,1,2,0,0.0500128,6.82853e-05,0.00294871,0
1880001,1,2,0,0.0516596,6.82853e-05,0.00407638,0
1880001,500,3016,164.736,0.73884,-0.0241059,0.45149,0
1885001,1,2,0,0.0504142,0.000112255,0.00262482,0
1890001,1,2,0,0.0497751,8.83996e-05,0.00312833,0
1895001,1,2,0,0.0478344,0.00016145,0.000837335,0
1895001,1180,8399,191.023,0.538802,0.00986646,0.00366332,0
1900001,1,2,0,0.0500846,0.00016145,0.00322841,0
1905001,1,2,0,0.0506735,0.00016145,0.00323118,0
1905001,4764,NA,192.244,0.0309534,-0.0381358,0.0246394,0
1905001,5535,NA,187.42,0.156816,0.0011715,0.0307511,0
1905001,657,9603,183.694,0.200591,-0.0207972,0.213993,0
1905001,6251,NA,194.584,0.00737017,0.118685,0.196071,0
1910001,1,2,0,0.0498509,0.00016145,0.00182594,0
1910001,885,NA,192.513,0.138504,0.115169,0.118341,0
1910001,215,9729,152.482,0.0328874,-0.0265083,0.0272106,0
1910001,2544,NA,193.098,0.167639,0.244137,0.496146,0
1915001,1,2,0,0.0489102,0.00016145,5.35903e-05,0
1915001,811,NA,170.394,0.00726118,-0.0834569,0.112734,0
1920001,1,2,0,0.0497733,0.000202674,0.00424539,0
1920001,4363,NA,189.419,0.0449812,0.0198796,0.208853,0
1925001,1,2,0,0.0492606,0.000202674,0.00268858,0
1930001,1,2,0,0.0490714,0.000202674,0.0018898,0
1935001,1,2,0,0.0488763,0.000202674,0.00184075,0
1940001,1,2,0,0.0488031,0.000190287,0.000618033,0
1940001,2312,NA,169.811,0.0941699,0.0187575,0.0371382,0
1945001,1,2,0,0.0479384,0.000190287,0.000293167,0
1950001,1,2,0,0.0488427,0.000190287,0.00103682,0
1955001,1,2,0,0.0494124,0.000190287,0.00161678,0
1960001,1,2,0,0.0493999,0.00017571,0.00161989,0
1965001,1,2,0,0.0500504,9.2409e-05,0.000753513,0
1970001,1,2,0,0.0498113,9.2409e-05,0.000467122,0
1970001,2592,9635,192.467,0.0470644,0.0412223,0.0542463,0
1975001,1,2,0,0.0503283,9.2409e-05,0.00156526,0
1980001,1,2,0,0.0504318,9.2409e-05,0.00420774,0
1985001,1,2,0,0.0507337,9.2409e-05,0.00310044,0
1990001,1,2,0,0.0504742,0.000220327,0.0047612,0
1995001,1,2,0,0.049075,0.000157927,0.0010281,0
2000001,1,2,0,0.0483345,0.000157927,0.000277463,0
2005001,1,2,0,0.04853,0.000157927,0.00081329,0
2010001,1,2,0,0.0486508,0.000157927,0.00075423,0
2015001,1,2,0,0.0497762,0.000157927,0.00203608,0
2020001,1,2,0,0.0497312,0.000157927,0.000785367,0
2025001,1,2,0,0.0499499,0.000157927,0.0017265,0
2025001,1018,NA,181.397,0.0425285,-0.00328274,0.0434355,0
2030001,1,2,0,0.0486361,0.000157927,0.000986741,0
2030001,1180,8399,179.809,0.164834,-0.031109,0.22935,0
2035001,1,2,0,0.0487645,0.000157927,0.000887527,0
2040001,1,2,0,0.0491144,0.000157927,0.0018765,0
2045001,1,2,0,0.0509928,0.000157927,0.00361342,0
2045001,205,5193,169.614,0.333098,-0.0870507,0.0289894,0
2050001,1,2,0,0.0517417,8.34952e-05,0.00484167,0
2050001,4194,7808,189.627,0.0225543,0.0964805,0.254612,0
2055001,1,2,0,0.0514892,-2.94684e-06,0.00133553,0
2060001,1,2,0,0.050042,-2.94684e-06,0.000328347,0
2065001,1,2,0,0.0494312,-2.63441e-05,0.000417063,0
2065001,320,6527,171.744,0.0586711,-0.0767454,0.0156595,0
2065001,1628,4055,175.807,0.0204962,0.0546779,0.0114812,0
2070001,1,2,0,0.0494772,-2.63441e-05,0.000303145,0
2075001,1,2,0,0.052538,-2.63441e-05,0.00381968,0
2080001,1,2,0,0.0510984,-8.16175e-05,0.00148515,0
2080001,6083,9551,192.735,0.226073,0.0392052,0.0164722,0
2085001,1,2,0,0.0516528,-0.000191138,0.00150251,0
2090001,1,2,0,0.0528521,-6.93538e-05,0.00407136,0
2090001,2044,9138,188.857,0.223838,0.12703,0.105414,0
2095001,1,2,0,0.0524349,-6.93538e-05,0.00319669,0
2095001,222,NA,146.226,0.133699,-0.0462076,0.0730115,0
2100001,1,2,0,0.0516759,-3.54834e-05,0.00179937,0
2100001,86,9609,194.531,0.575856,0.0649372,0.824669,0
2105001,1,2,0,0.0504116,-3.54834e-05,0.00112854,0
2105001,783,6991,186.325,0.0839136,0.00486674,0.119366,0
2105001,481,8349,192.923,0.0962911,-0.149782,0.206728,0
2110001,1,2,0,0.0519708,-0.000111201,0.00174136,0
2115001,1,2,0,0.0525794,-0.000111201,0.0031471,0
2115001,7390,9806,194.585,1.0654,0.126682,0.16158,0
2115001,6877,NA,193.703,0.130502,0.0026439,0.190032,0
2120001,1,2,0,0.051027,-0.000111201,0.000636732,0
2125001,1,2,0,0.0540361,-0.000111201,0.00477122,0
2125001,1749,NA,190.538,0.0598183,-0.0486081,0.297412,0
2130001,1,2,0,0.052266,-0.000111201,0.0045938,0
2130001,1086,8689,193.594,0.27558,0.0031646,0.0503281,0
2135001,1,2,0,0.0528279,-8.54484e-05,0.00452482,0
2140001,1,2,0,0.0511194,-4.86117e-05,0.000662973,0
2145001,1,2,0,0.051949,-4.86117e-05,0.00411653,0
2145001,2958,9011,193.559,0.671128,0.10435,0.925947,0
2150001,1,2,0,0.0524351,-4.86117e-05,0.00310251,0
2155001,1,2,0,0.051536,-7.83682e-05,0.00186167,0
2160001,1,2,0,0.0518131,-0.000188908,0.000251997,0
2165001,1,2,0,0.0525543,-0.000188908,0.00242932,0
2170001,1,2,0,0.0528786,-0.000185734,0.00287445,0
2175001,1,2,0,0.0526357,-0.000185734,0.00331887,0
2180001,1,2,0,0.0539022,-0.000185734,0.00401688,0
2180001,580,7702,150.558,0.188776,-0.0037106,0.19886,0
2185001,1,2,0,0.0502029,5.28189e-06,0.000828958,0
2185001,1248,3340,169.976,0.0594966,-0.0294049,0.0257683,0
2190001,1,2,0,0.0502135,5.28189e-06,0.000208783,0
2195001,1,2,0,0.0518715,5.28189e-06,0.000646089,0
2200001,1,2,0,0.0503876,3.47738e-06,0.000120916,0
2205001,1,2,0,0.049802,0.000215007,0.00419916,0
2210001,1,2,0,0.0482739,0.000215007,0.000793643,0
2215001,1,2,0,0.0476199,0.000215007,1.76771e-05,0
2220001,1,2,0,0.049109,0.000215007,0.00174506,0
2225001,1,2,0,0.0475472,0.000255232,0.000409013,0
2230001,1,2,0,0.0488612,0.000255232,0.00317292,0
2235001,1,2,0,0.0492482,0.000183293,0.000276178,0
2240001,1,2,0,0.0485646,0.000183293,0.000427953,0
2240001,1063,9067,188.468,0.0499464,-0.0512389,0.0347189,0
2245001,1,2,0,0.0498628,0.000183293,0.0038597,0
2250001,1,2,0,0.0492869,0.000183293,0.00253613,0
2250001,4433,NA,185.418,0.251608,-0.124398,0.199596,0
2250001,388,NA,193.812,0.0715863,-0.0517217,0.076185,0
2250001,205,NA,195.481,0.224332,-0.060275,0.368506,0
2255001,1,2,0,0.0486932,0.000183293,0.00109799,0
2260001,1,2,0,0.0502919,0.000172962,0.00303301,0
2265001,1,2,0,0.0501494,0.000133924,0.0018574,0
2270001,1,2,0,0.0486855,0.000188296,0.00110863,0
2275001,1,2,0,0.0494949,0.000188296,0.00277173,0
2275001,3400,NA,195.237,0.0911899,-0.0815044,0.0910009,0
2275001,3561,NA,194.906,0.028382,0.0876058,0.854708,0
2280001,1,2,0,0.0503349,-1.73675e-05,0.000717189,0
2285001,1,2,0,0.0502679,-1.73675e-05,0.000678693,0
2285001,3582,NA,191.618,0.431604,-0.0846181,0.00149987,0
2290001,1,2,0,0.0517193,-1.73675e-05,0.00233471,0
2290001,561,NA,172.635,0.0625482,0.00993435,0.0696893,0
2295001,1,2,0,0.052826,-0.000294501,0.00212679,0
2295001,1172,2256,159.892,0.122615,-0.0232908,0.0251125,0
2300001,1,2,0,0.0546423,-0.000402933,0.00403457,0
2305001,1,2,0,0.0544424,-0.000402933,0.00196094,0
2310001,1,2,0,0.0560776,-0.000475845,0.00324162,0
2315001,1,2,0,0.055525,-0.000417475,0.00403473,0
2320001,1,2,0,0.0578451,-0.000401468,0.00585564,0
2320001,2153,9842,193.442,0.678182,0.0328388,0.00966055,0
2320001,1828,NA,176.293,0.10479,-0.0990275,0.0801951,0
2320001,446,NA,195.135,0.0733753,0.0817788,0.0208211,0
2325001,1,2,0,0.0546291,-0.000379664,0.00296333,0
2330001,1,2,0,0.0554991,-0.000379664,0.00267084,0
2335001,1,2,0,0.0560449,-0.000505301,0.00427872,0
2335001,968,NA,193.596,0.0248757,0.129509,0.36655,0
2340001,1,2,0,0.0566809,-0.000505301,0.00287355,0
2340001,1401,NA,194.875,0.00248708,0.0223266,0.267568,0
2345001,1,2,0,0.0571992,-0.000515171,0.0052672,0
2345001,214,7518,177.681,0.152432,0.0327542,0.130679,0
2350001,1,2,0,0.0556083,-0.000515171,0.00192041,0
2355001,1,2,0,0.0570582,-0.000571473,0.00320998,0
2355001,1444,8861,191.665,0.0383166,-0.00985674,0.0411997,0
2360001,1,2,0,0.0553524,-0.000571473,0.00158638,0
2360001,5656,9732,193.549,0.924037,-0.0239468,0.306339,0
2365001,1,2,0,0.0572345,-0.000571473,0.00267419,0
2365001,2937,NA,195.693,0.0474773,0.0618043,0.0558366,0
2370001,1,2,0,0.0584784,-0.000579204,0.00443272,0
2375001,1,2,0,0.0594464,-0.000663555,0.00599938,0
2380001,1,2,0,0.0576631,-0.000663555,0.00279228,0
2385001,1,2,0,0.0584787,-0.000663555,0.004924,0
2390001,1,2,0,0.0573891,-0.000663555,0.00270724,0
