generation,N_shifts,logPrior,logLik,eventRate,acceptRate
1,0,-509.94,-1.98862e+06,1,0
5001,24,111.024,-36452.7,3.17639,0.4042
10001,20,39.2109,-31793.4,0.287296,0.3764
15001,23,90.7271,-31613.5,0.6338,0.3486
20001,29,198.34,-31388.4,0.713969,0.3718
25001,28,187.984,-31161,0.260086,0.3884
30001,31,241.644,-31047.2,0.226834,0.3692
35001,32,260.558,-30954.9,1.25457,0.354
40001,34,296.618,-30670.5,0.264241,0.3564
45001,34,292.588,-30499.6,1.2571,0.3612
50001,34,303.183,-30450.5,0.542092,0.3584
55001,33,282.08,-30392.1,2.23826,0.3658
60001,32,262.52,-30369.6,1.69272,0.3694
65001,34,293.658,-30264.1,3.52991,0.3532
70001,34,299.425,-30220.1,1.36427,0.3518
75001,35,313.802,-30173.6,0.513617,0.3498
80001,34,296.521,-30165.7,0.572002,0.334
85001,37,345.076,-30127.9,0.24949,0.3464
90001,36,331.219,-30091,2.33026,0.3522
95001,37,356.227,-29955.7,0.067587,0.3418
100001,37,355.821,-29872,0.00232171,0.3648
105001,38,372.965,-29730.5,0.24629,0.3406
110001,37,352.99,-29607.3,3.2706,0.3508
115001,40,415.158,-29565.4,1.06117,0.342
120001,40,414.443,-29549.1,0.895228,0.3632
125001,36,336.138,-29543.9,1.09954,0.355
130001,36,342.585,-29441.6,0.149185,0.3388
135001,36,339.723,-29441.5,0.655728,0.3546
140001,33,286.575,-29436.2,0.325573,0.3498
145001,33,288.393,-29425.7,0.749049,0.348
150001,32,268.878,-29409,2.13281,0.3412
155001,32,268.722,-29407.5,1.07486,0.3268
160001,33,286.527,-29409.8,0.776924,0.3364
165001,34,304.426,-29385.9,0.576107,0.344
170001,35,326.889,-29331.8,0.00631845,0.3372
175001,35,323.319,-29311.1,1.00358,0.3422
180001,35,321.189,-29297.6,0.325519,0.333
185001,35,316.493,-29300.9,0.507447,0.3312
190001,34,303.979,-29290,0.170843,0.3362
195001,34,305.62,-29254.2,2.09347,0.3304
200001,34,305.127,-29258,0.333334,0.3298
205001,34,309.332,-29209.9,0.413422,0.3378
210001,35,326.866,-29196.9,0.580585,0.3206
215001,34,297.291,-29192.6,2.99336,0.3244
220001,34,298.164,-29165.4,0.3101,0.3182
225001,36,332.096,-29146.9,1.68688,0.3096
230001,34,297.72,-29127.8,0.122456,0.3208
235001,33,285.275,-29121.2,0.204366,0.3298
240001,33,286.716,-29127.5,0.753326,0.331
245001,33,289.255,-29129.7,0.800364,0.3316
250001,32,272.113,-29114.3,0.010702,0.3372
255001,31,256.052,-29120.6,0.0596927,0.3312
260001,31,255.474,-29118.6,0.600871,0.3188
265001,30,235.703,-29133,0.280233,0.3206
270001,26,163.098,-29065.3,0.152558,0.3572
275001,18,7.14278,-29031.8,0.678065,0.3514
280001,17,317.657,-29038,1.86447,0.3126
285001,5,97.7925,-29038.5,0.324368,0.3406
290001,2,40.6496,-28963.7,0.338452,0.2488
295001,1,21.4711,-28905.5,2.3769,0.1904
300001,1,22.9753,-28887.5,0.950299,0.2264
305001,1,23.7891,-28890.2,0.165477,0.175
310001,2,42.6914,-28886.2,0.420998,0.1936
315001,1,23.524,-28886.7,0.498587,0.1674
320001,2,41.1025,-28885.5,1.88638,0.1888
325001,2,40.8692,-28884.3,0.317836,0.2396
330001,2,38.6395,-28883,3.25036,0.2072
335001,1,21.8357,-28885.4,1.79808,0.1842
340001,1,23.6396,-28884.7,0.124111,0.188
345001,1,22.4488,-28885.2,1.33885,0.1696
350001,2,41.2152,-28884.8,1.40716,0.1848
355001,1,23.2818,-28884.6,0.294698,0.156
360001,1,23.4816,-28886.2,0.00293177,0.1946
365001,1,22.2715,-28884.8,1.33923,0.1876
370001,1,23.4601,-28883.7,0.293929,0.2198
375001,1,22.8718,-28885.6,0.580852,0.1758
380001,2,42.7896,-28883.9,0.160673,0.2472
385001,1,22.9644,-28885.8,0.824331,0.2102
390001,1,21.8575,-28886,2.03496,0.1602
395001,1,22.894,-28884.4,0.821131,0.2172
400001,2,42.4114,-28886.8,0.317119,0.1866
405001,1,23.0379,-28884.1,0.79909,0.173
410001,2,41.0509,-28884.1,0.424679,0.1666
415001,1,24.0934,-28887.3,0.0312105,0.227
420001,2,42.5149,-28884.6,0.48203,0.2488
425001,1,23.7501,-28885.6,0.269778,0.163
430001,1,22.3177,-28885.3,1.2622,0.1734
435001,1,21.7642,-28887.4,2.29456,0.2148
440001,1,23.3585,-28887.6,0.0768138,0.218
445001,2,41.6955,-28887.6,0.243529,0.1722
450001,1,23.4946,-28885.5,0.375188,0.2012
455001,1,22.8105,-28884.2,1.05598,0.2492
460001,1,23.7857,-28887.3,0.10869,0.2438
465001,1,23.3103,-28886.7,0.421717,0.2238
470001,1,23.869,-28887.6,0.145611,0.1574
475001,1,23.4798,-28883.8,0.12967,0.1772
480001,2,41.4448,-28885.2,0.205727,0.1934
485001,1,23.613,-28885.3,0.13118,0.189
490001,2,41.3434,-28885.3,0.106894,0.1778
495001,1,23.9192,-28887.3,0.0421598,0.1614
500001,1,22.6248,-28885,0.884109,0.1712
505001,2,37.5697,-28885.4,2.80542,0.175
510001,1,23.2604,-28884.3,0.47256,0.2354
515001,1,20.9485,-28888.2,2.455,0.2006
520001,2,39.4909,-28884.2,2.7869,0.175
525001,2,39.0368,-28884.3,1.61527,0.1576
530001,1,23.4628,-28884.2,0.19928,0.208
535001,2,42.1815,-28886.1,0.193558,0.199
540001,1,23.5448,-28885.9,0.209791,0.2036
545001,2,40.6264,-28885.5,0.14938,0.209
550001,1,23.1909,-28887.4,0.440307,0.2054
555001,1,23.7203,-28884.8,0.0628805,0.238
560001,1,23.1508,-28886,0.182277,0.1996
565001,1,22.3344,-28884.7,1.39031,0.1656
570001,5,98.9141,-28883.4,0.293311,0.2692
575001,2,39.9469,-28883.7,1.41048,0.2506
580001,1,20.1511,-28885.7,3.57536,0.2262
585001,1,23.4896,-28885.4,0.133265,0.196
590001,1,23.1077,-28886.2,0.382747,0.1716
595001,1,22.4981,-28884.6,1.0343,0.2084
600001,1,22.0417,-28887.4,2.02436,0.162
605001,1,23.4773,-28884.2,0.305906,0.3082
610001,2,38.2341,-28883.6,3.7081,0.1574
615001,1,22.0795,-28885.2,1.60401,0.188
620001,2,42.0219,-28886.9,0.938537,0.2516
625001,1,23.5336,-28885.7,0.313194,0.1898
630001,1,23.62,-28884.8,0.0207056,0.1656
635001,1,23.7156,-28885.8,0.129503,0.1674
640001,1,23.3986,-28884.9,0.333744,0.1622
645001,1,22.4351,-28885.2,1.07941,0.1738
650001,1,23.2685,-28886,0.409202,0.1728
655001,2,42.5159,-28880.5,0.028493,0.2556
660001,1,22.6226,-28884.9,1.11049,0.2762
665001,1,21.3703,-28886.1,2.39656,0.25
670001,1,23.7686,-28884.8,0.00494075,0.1652
675001,2,39.6005,-28882.7,3.70656,0.206
680001,2,41.7241,-28885.1,0.124965,0.2122
685001,2,40.2013,-28885.7,1.51362,0.2176
690001,1,22.2938,-28884,1.40451,0.1818
695001,2,42.7767,-28885.1,0.181768,0.206
700001,2,38.6068,-28885,3.55344,0.1902
705001,1,23.1728,-28886.4,0.724385,0.1698
710001,1,22.9935,-28888.1,0.469171,0.1624
715001,4,76.9414,-28879.9,2.50391,0.259
720001,1,23.5905,-28884.1,0.0982637,0.2422
725001,2,41.4378,-28884.7,0.67283,0.1806
730001,2,41.7338,-28884.7,0.242716,0.1734
735001,1,23.3606,-28885.1,0.0755306,0.2152
740001,1,23.5994,-28885.3,0.119622,0.1898
745001,1,19.5368,-28888.6,4.45418,0.1716
750001,1,23.2983,-28884.3,0.395715,0.1788
755001,2,42.3379,-28888.1,0.356556,0.148
760001,1,22.5302,-28884.3,1.20774,0.198
765001,1,22.7878,-28884.8,0.911741,0.1784
770001,1,23.0818,-28889.7,0.682381,0.1482
775001,2,42.1536,-28887.1,0.482167,0.1922
780001,1,23.3667,-28885.6,0.389967,0.1866
785001,1,23.2294,-28885.5,0.172099,0.1532
790001,2,37.4305,-28883.9,3.71055,0.1956
795001,1,23.6922,-28885.3,0.13305,0.2076
800001,1,22.9181,-28888.2,1.0471,0.1668
805001,1,23.481,-28886.8,0.235211,0.1688
810001,2,41.3775,-28883.5,1.17063,0.2106
815001,1,23.1511,-28884.6,0.417407,0.218
820001,1,21.5848,-28884.1,2.13838,0.1826
825001,1,21.8608,-28884.3,1.68624,0.2054
830001,2,41.4278,-28885.6,0.648094,0.1878
835001,1,22.9465,-28884.3,0.7927,0.2202
840001,2,41.5347,-28888.9,0.692346,0.21
845001,1,22.6591,-28885.6,0.780684,0.2168
850001,3,59.9357,-28884.5,0.00689073,0.1796
855001,3,57.8957,-28884.5,0.270199,0.28
860001,2,42.9215,-28890.2,0.548972,0.2386
865001,2,39.4522,-28884.8,3.31017,0.2344
870001,1,23.1792,-28884.2,0.532279,0.179
875001,2,41.564,-28884.4,1.01091,0.2266
880001,1,23.3411,-28884.6,0.250728,0.1958
885001,1,22.6805,-28884,1.01373,0.214
890001,1,23.5484,-28884.1,0.248544,0.1868
895001,1,23.4634,-28885.1,0.245386,0.1928
900001,2,42.3381,-28884.2,0.313549,0.2196
905001,2,41.7152,-28881.3,1.19689,0.2084
910001,2,39.5141,-28884.4,1.4213,0.1874
915001,1,23.3949,-28885.6,0.252982,0.1956
920001,2,41.7317,-28886.2,1.4456,0.2004
925001,1,23.1427,-28885.1,0.384361,0.2574
930001,1,23.4114,-28884.6,0.534921,0.1896
935001,1,22.569,-28886.3,0.733821,0.1782
940001,2,42.28,-28887.3,0.26094,0.189
945001,1,23.05,-28885.1,0.442698,0.1912
950001,1,23.4265,-28885.8,0.423685,0.1816
955001,1,23.1117,-28884.4,0.552717,0.226
960001,1,23.0658,-28885.9,0.481758,0.1876
965001,1,22.3626,-28883.9,1.42086,0.176
970001,1,23.3349,-28885,0.344659,0.1678
975001,1,23.1571,-28886,0.207919,0.2178
980001,1,22.0257,-28884.3,1.81288,0.1598
985001,2,42.2023,-28884.9,0.17865,0.1988
990001,1,23.6487,-28884.6,0.124139,0.2056
995001,1,23.311,-28885.7,0.19685,0.19
1000001,1,22.8279,-28886.1,1.15961,0.184
1005001,1,23.5171,-28883.9,0.0963235,0.1992
1010001,2,42.4971,-28883.9,0.161205,0.16
1015001,1,23.1619,-28884.1,0.682345,0.2176
1020001,1,22.9028,-28884.3,0.773343,0.1828
1025001,2,41.6158,-28885.9,0.124336,0.1526
1030001,1,22.6116,-28886.8,1.14746,0.1968
1035001,1,21.4987,-28884.6,2.2265,0.1876
1040001,1,23.2794,-28886.2,0.169153,0.191
1045001,2,40.3319,-28884.7,2.54188,0.1932
1050001,1,22.7221,-28886.9,0.805423,0.206
1055001,2,41.0522,-28886,1.76897,0.212
1060001,2,42.6986,-28886.3,0.246354,0.1628
1065001,1,20.712,-28884.5,2.87703,0.1682
1070001,1,22.9403,-28885.3,0.657213,0.1902
1075001,1,22.9259,-28884.8,0.925226,0.172
1080001,1,23.4332,-28885.1,0.100284,0.1508
1085001,1,21.7183,-28885.9,1.73514,0.2496
1090001,1,22.2458,-28883.9,1.47678,0.1962
1095001,2,42.112,-28883.4,0.463485,0.1632
1100001,2,39.6432,-28878.3,1.91808,0.238
1105001,1,21.4043,-28886.3,2.26872,0.2168
1110001,1,21.531,-28885.8,2.38947,0.1736
1115001,1,21.0584,-28885.1,2.68832,0.2148
1120001,1,23.5089,-28885.2,0.297614,0.2104
1125001,1,22.8503,-28885.1,0.92948,0.2232
1130001,1,22.9164,-28885.6,1.05822,0.2198
1135001,2,42.1627,-28885.9,0.889963,0.2228
1140001,1,19.1608,-28886.2,4.81094,0.1652
1145001,2,42.287,-28887.7,0.390152,0.249
1150001,1,23.6821,-28886.2,0.0469966,0.2618
1155001,2,41.6559,-28886.8,1.48453,0.2018
1160001,1,23.0802,-28886.3,0.852135,0.2398
1165001,1,22.865,-28885.7,0.80594,0.1862
1170001,3,60.2974,-28885.6,0.97026,0.2138
1175001,2,41.1899,-28887.2,1.3006,0.2342
1180001,1,23.2929,-28886.2,0.61122,0.2242
1185001,2,42.4756,-28888.7,0.882728,0.2222
1190001,1,22.7436,-28886.1,0.982101,0.2
1195001,1,23.995,-28885.5,0.0482661,0.1916
1200001,1,23.7447,-28888.3,0.319603,0.1606
1205001,1,22.5181,-28886.8,1.35208,0.2124
1210001,1,23.3133,-28884.7,0.46191,0.1646
1215001,1,22.7201,-28885.6,1.14222,0.2098
1220001,2,38.5532,-28887.6,0.405975,0.2142
1225001,1,21.6851,-28886.7,2.01894,0.1844
1230001,1,23.6067,-28884.6,0.014256,0.1656
1235001,1,23.8234,-28887.5,0.306609,0.1684
1240001,2,40.8244,-28883.8,1.24825,0.1918
1245001,1,22.2103,-28885.5,1.20541,0.1588
1250001,1,23.9333,-28886.1,0.0977799,0.1582
1255001,1,23.024,-28884.8,0.923875,0.173
1260001,1,23.0693,-28885.2,0.742606,0.1824
1265001,1,22.6796,-28885.9,0.824883,0.1866
1270001,1,23.6603,-28884.7,0.0630863,0.199
1275001,1,23.1453,-28884.3,0.620646,0.1962
1280001,2,41.283,-28885.2,1.20817,0.1742
1285001,1,21.9598,-28884.9,1.88216,0.226
1290001,1,22.4139,-28885.7,1.19787,0.2014
1295001,1,22.6282,-28884.7,0.889452,0.196
1300001,2,41.9802,-28884.8,1.13046,0.2096
1305001,2,40.1807,-28886.2,0.456453,0.215
1310001,1,22.6529,-28885.1,0.895272,0.175
1315001,1,22.0578,-28884.4,1.74622,0.1848
1320001,1,23.1132,-28884.5,0.687069,0.1812
1325001,1,23.0421,-28884.6,0.622031,0.1872
1330001,2,42.1866,-28886.4,0.677397,0.1838
1335001,1,22.2871,-28885.4,1.10774,0.199
1340001,1,23.2493,-28885,0.509853,0.2128
1345001,2,41.2598,-28889.5,1.56868,0.1886
1350001,1,23.1507,-28887.6,0.0863357,0.193
1355001,2,41.9506,-28884.9,0.781614,0.215
1360001,2,41.1066,-28885.3,1.43471,0.1908
1365001,1,23.5582,-28888.5,0.352119,0.1752
1370001,1,22.9272,-28884.4,0.805751,0.2312
1375001,1,23.6661,-28884.2,0.0234441,0.2062
1380001,1,22.8336,-28886.4,0.67499,0.1942
1385001,1,21.0234,-28887.8,3.08965,0.191
1390001,1,18.9988,-28887.6,5.13108,0.1848
1395001,1,21.5456,-28885,2.15979,0.1966
1400001,3,60.4338,-28885.2,1.15449,0.2566
1405001,1,23.3235,-28885,0.463116,0.188
1410001,2,42.2548,-28884.7,0.111783,0.2726
1415001,2,41.0531,-28885.1,1.74249,0.175
1420001,1,23.2034,-28884.4,0.438424,0.1728
1425001,1,23.0596,-28885.1,0.867288,0.186
1430001,1,23.1899,-28886,0.728349,0.2176
1435001,2,36.4698,-28884.4,2.81507,0.2102
1440001,1,23.401,-28883.9,0.309333,0.2186
1445001,1,23.2328,-28885.7,0.484424,0.1756
1450001,2,41.8936,-28883.1,0.300808,0.1866
1455001,1,22.4099,-28885,1.46866,0.1868
1460001,1,22.7785,-28887,0.562149,0.216
1465001,1,23.5378,-28886.7,0.58315,0.163
1470001,2,41.8544,-28884,0.426094,0.171
1475001,1,22.4846,-28887.7,1.46389,0.174
1480001,1,23.9049,-28886.1,0.033875,0.2336
1485001,1,19.4504,-28884.5,4.40462,0.1802
1490001,2,42.2071,-28886.1,0.310027,0.1672
1495001,1,22.7788,-28886.2,1.3051,0.185
1500001,2,39.3853,-28882.8,0.0719903,0.1976
1505001,1,22.8296,-28886.3,0.451582,0.2588
1510001,1,23.6548,-28884.4,0.23898,0.1954
1515001,3,62.0205,-28884,0.0760526,0.2518
1520001,1,23.639,-28883.8,0.121585,0.1898
1525001,1,20.9755,-28888.7,2.18796,0.2184
1530001,1,22.9108,-28884.3,0.681845,0.2336
1535001,1,22.672,-28884.3,0.930101,0.158
1540001,2,41.3439,-28887.7,2.23513,0.2004
1545001,3,60.3996,-28885.4,0.432901,0.1736
1550001,1,23.5795,-28888.1,0.236374,0.2252
1555001,1,23.2199,-28886.1,0.627996,0.1916
1560001,1,23.2774,-28886.5,0.541295,0.2422
1565001,1,20.6078,-28885.7,3.09873,0.1624
1570001,1,21.5573,-28886.4,1.94563,0.177
1575001,1,23.1005,-28887.2,0.25682,0.1838
1580001,1,20.3075,-28885.4,3.27979,0.1708
1585001,2,42.7796,-28885.5,0.240255,0.1654
1590001,1,23.2281,-28887.2,0.0600385,0.204
1595001,1,22.8055,-28885.8,0.864332,0.1926
1600001,1,23.5887,-28887.3,0.0477545,0.1732
1605001,1,23.6358,-28886.9,0.226821,0.1646
1610001,1,21.5392,-28885,2.30917,0.177
1615001,2,42.8627,-28885.5,0.0719013,0.2122
1620001,1,22.6958,-28886.4,0.858038,0.2122
1625001,1,22.056,-28884.4,1.59288,0.1858
1630001,1,20.4498,-28887.7,2.97705,0.1572
1635001,2,40.6428,-28883.3,2.00223,0.215
1640001,1,21.9489,-28885.5,1.75176,0.1616
1645001,1,22.1329,-28887.6,1.35867,0.1678
1650001,1,23.3835,-28886.2,0.642758,0.1974
1655001,1,23.4389,-28885.8,0.133224,0.2146
1660001,1,23.6943,-28886.3,0.00327989,0.2084
1665001,1,23.3844,-28886.5,0.311418,0.21
1670001,1,23.6903,-28885.4,0.120632,0.1768
1675001,2,39.3882,-28887.3,1.25611,0.1848
1680001,1,22.8877,-28886.5,1.14661,0.19
1685001,2,40.2365,-28884.8,1.64695,0.1566
1690001,1,22.9969,-28886.9,0.735972,0.1652
1695001,2,40.119,-28885.9,0.531382,0.1844
1700001,1,23.4047,-28891.6,0.534107,0.193
1705001,1,23.0306,-28885.1,0.736132,0.1898
1710001,3,60.8501,-28885,0.866636,0.1898
1715001,1,22.5981,-28887.1,0.718378,0.2026
1720001,1,23.4035,-28884.5,0.231612,0.2162
1725001,2,38.985,-28883.9,3.02794,0.1674
1730001,1,19.7959,-28887.5,4.09298,0.185
1735001,1,22.3275,-28886.2,1.23145,0.1768
1740001,3,59.6949,-28884.8,0.984997,0.1954
1745001,1,21.8609,-28887.4,1.92079,0.1738
1750001,1,22.5713,-28887.7,1.40514,0.195
1755001,1,22.1741,-28885.4,1.37928,0.1918
1760001,3,55.2275,-28886.9,2.58597,0.1678
1765001,2,40.5908,-28887.6,2.60515,0.2038
1770001,1,24.0812,-28889,0.0478967,0.1792
1775001,1,21.808,-28888.6,2.31696,0.201
1780001,2,41.7482,-28885.9,0.357679,0.1824
1785001,1,23.1163,-28886.8,0.882736,0.1778
1790001,1,22.1695,-28888.9,1.70875,0.176
1795001,1,22.7733,-28893.4,1.34321,0.2108
1800001,1,23.2019,-28890.2,0.69606,0.2044
1805001,1,22.7139,-28888.8,1.16756,0.2192
1810001,2,39.5477,-28887.3,2.53427,0.2188
1815001,3,60.973,-28884.7,0.95388,0.2686
1820001,3,55.8203,-28886.1,1.85451,0.2408
1825001,1,23.254,-28886.3,0.764068,0.2822
1830001,1,23.8031,-28887.4,0.26745,0.1968
1835001,1,23.1547,-28884.8,0.66384,0.1958
1840001,1,22.8521,-28886.3,0.876118,0.2222
1845001,1,23.5554,-28886.9,0.117424,0.2304
1850001,1,21.338,-28885.7,2.21609,0.2
1855001,1,23.7438,-28885.3,0.201417,0.142
1860001,1,22.2205,-28884.7,1.62808,0.2138
1865001,1,23.8223,-28885.8,0.191466,0.2324
1870001,2,42.7226,-28887.9,0.501663,0.2102
1875001,1,21.7114,-28885.5,2.24864,0.249
1880001,1,22.6549,-28886.1,1.33863,0.165
1885001,2,42.5889,-28884.4,0.0496286,0.191
1890001,2,40.6344,-28887.1,0.920779,0.245
1895001,1,21.6272,-28886.2,1.92553,0.2172
1900001,1,23.6309,-28884.7,0.0548999,0.1712
1905001,1,22.7895,-28884.8,0.931863,0.1658
1910001,2,39.1894,-28882.1,3.25256,0.1808
1915001,2,39.1551,-28889.2,2.11713,0.23
1920001,1,20.3246,-28885.3,3.26919,0.2318
1925001,1,23.5593,-28887.5,0.558792,0.1918
1930001,1,23.4459,-28885.4,0.108757,0.2384
1935001,1,23.5799,-28884.5,0.0455471,0.195
1940001,1,21.7588,-28885.5,1.96017,0.1926
1945001,1,22.2497,-28884.3,1.48581,0.1826
1950001,2,41.9353,-28884.5,0.0302492,0.2252
1955001,2,41.608,-28885.4,1.56726,0.2714
1960001,1,23.8892,-28887.7,0.124784,0.1802
1965001,1,23.6204,-28885.5,0.176966,0.216
1970001,1,23.5232,-28885,0.263568,0.1766
1975001,1,20.4565,-28885.5,3.40799,0.2006
1980001,1,21.6814,-28884.6,2.21365,0.168
1985001,1,22.6767,-28884.8,0.927112,0.1576
1990001,1,22.6295,-28886.3,0.765658,0.2176
1995001,1,23.7868,-28884.9,0.0794881,0.1518
2000001,1,22.771,-28886.7,1.24666,0.199
2005001,1,22.4523,-28885.6,1.47847,0.1728
2010001,2,39.322,-28886,0.816245,0.302
2015001,2,41.7992,-28884.8,0.520117,0.204
2020001,1,23.3397,-28885.4,0.494271,0.1682
2025001,1,22.642,-28885.4,0.817638,0.2852
2030001,1,22.8852,-28884.2,0.785095,0.1808
2035001,1,20.8919,-28885.7,2.55991,0.172
2040001,1,22.0074,-28884.3,1.67439,0.172
2045001,1,22.6979,-28885.6,0.960086,0.219
2050001,1,21.3781,-28886.6,1.95437,0.1842
2055001,2,40.3503,-28884.5,0.474615,0.1738
2060001,3,59.2264,-28883.3,1.33808,0.206
2065001,1,22.6049,-28884.6,1.15212,0.2308
2070001,1,21.9343,-28886.1,1.67038,0.1796
2075001,1,24.1498,-28889.5,0.0972642,0.1708
2080001,1,23.7272,-28886.3,0.174336,0.2072
2085001,1,21.6385,-28886.7,2.17238,0.16
2090001,1,23.5084,-28886.4,0.53673,0.1658
2095001,2,41.5109,-28887.1,0.534894,0.1842
2100001,1,23.0931,-28888.6,0.81638,0.1506
2105001,1,22.7483,-28885.7,1.12427,0.1732
2110001,1,22.8576,-28884.8,0.930104,0.211
2115001,1,23.8285,-28888,0.320918,0.1844
2120001,2,40.8417,-28881.8,1.10844,0.2084
2125001,1,23.1907,-28885.7,0.790548,0.2422
2130001,1,22.1905,-28886,1.68287,0.1732
2135001,1,22.7482,-28886.1,1.0663,0.2158
2140001,1,23.6975,-28886.6,0.319412,0.2082
2145001,1,23.5337,-28885.2,0.385047,0.1902
2150001,1,23.8308,-28885.3,0.0532176,0.2118
2155001,1,23.4644,-28885.9,0.144101,0.2402
2160001,1,22.9474,-28887.7,0.841064,0.207
2165001,1,23.1373,-28885.9,0.628294,0.1954
2170001,1,23.2669,-28886.9,0.579604,0.192
2175001,1,23.9282,-28885.7,0.02577,0.1942
2180001,1,23.5138,-28886.9,0.132536,0.1906
2185001,2,38.7949,-28886.1,3.74946,0.2236
2190001,1,18.8133,-28887.3,4.94437,0.2198
2195001,1,23.4032,-28885.9,0.458136,0.1792
2200001,2,41.2709,-28886.4,1.35523,0.1756
2205001,3,57.8329,-28886.7,2.19252,0.2152
2210001,2,36.9087,-28884.3,1.83387,0.1994
2215001,1,22.4193,-28887.1,1.6066,0.173
2220001,2,42.0447,-28884,0.1293,0.2032
2225001,1,23.5183,-28890.7,0.282932,0.2014
2230001,1,23.6948,-28887.3,0.17869,0.1784
2235001,1,22.5046,-28886.7,1.30196,0.1938
2240001,1,20.5747,-28887.4,3.38467,0.1898
2245001,3,54.6122,-28883.3,3.30739,0.2136
2250001,1,23.4908,-28886,0.364419,0.1984
2255001,1,23.7107,-28885.8,0.238107,0.2774
2260001,3,59.5898,-28884.7,0.53669,0.31
2265001,1,19.5432,-28886.4,3.94466,0.1814
2270001,1,23.7081,-28887.4,0.261451,0.1808
2275001,1,23.805,-28886.9,0.00928826,0.1874
2280001,1,23.5825,-28885.9,0.262146,0.1924
2285001,1,22.5687,-28892.6,1.27045,0.2184
2290001,3,61.0646,-28885.8,0.279715,0.2026
2295001,2,40.5779,-28888.3,1.262,0.221
2300001,1,22.128,-28889.9,1.43197,0.169
2305001,2,42.2571,-28889.4,0.238093,0.2102
2310001,2,41.8264,-28888.8,0.571114,0.174
2315001,2,39.3015,-28888.9,2.70956,0.171
2320001,1,22.566,-28890.2,1.29464,0.1866
2325001,1,23.279,-28887.5,0.644432,0.1798
2330001,1,23.2004,-28887.8,0.67155,0.248
2335001,1,23.7636,-28891.8,0.430184,0.2088
2340001,1,23.8581,-28889.6,0.116874,0.1596
2345001,1,23.6631,-28884.9,0.164991,0.2032
2350001,1,23.2312,-28885,0.664765,0.184
2355001,2,40.9855,-28888,1.7919,0.1854
2360001,1,22.9879,-28885.7,0.530143,0.1814
2365001,1,23.2617,-28888.5,0.699398,0.1948
2370001,1,21.3986,-28885.6,2.22065,0.1928
2375001,2,42.1406,-28886.5,0.0802781,0.1694
2380001,2,42.1049,-28879.7,0.190564,0.2804
2385001,2,40.567,-28881.9,0.0513994,0.3082
2390001,1,22.3054,-28885,1.34185,0.27
2395001,2,40.1934,-28883.5,0.902747,0.1686
2400001,1,23.6225,-28885.1,0.195098,0.1718
2405001,1,23.3388,-28885.7,0.516844,0.1796
2410001,1,22.1618,-28885.8,1.46196,0.166
2415001,1,22.5054,-28885,1.22363,0.1778
2420001,2,40.4269,-28886.5,0.471423,0.1734
2425001,1,21.7266,-28887.1,1.9195,0.2194
2430001,1,21.2172,-28886.2,2.73708,0.1796
2435001,1,22.2504,-28884.9,1.49947,0.2028
2440001,2,39.777,-28886.6,0.885308,0.181
2445001,1,21.5998,-28886.8,2.2123,0.1728
2450001,2,41.649,-28877,0.622922,0.2288
2455001,1,21.2984,-28885.9,2.30781,0.2164
2460001,4,76.8222,-28884.9,0.498835,0.2236
2465001,2,42.0004,-28885.2,0.780694,0.2476
2470001,1,22.4512,-28884.3,1.19721,0.1686
2475001,1,23.1223,-28886.2,0.636634,0.1854
2480001,1,23.1939,-28884.3,0.456633,0.1784
2485001,2,43.2259,-28884.8,0.0632997,0.1654
2490001,2,41.4445,-28884.1,0.698763,0.2178
2495001,2,42.2529,-28888.5,0.805993,0.1706
2500001,1,23.6905,-28887.2,0.20272,0.1636
2505001,1,22.8349,-28884.9,0.883527,0.1772
2510001,1,20.9947,-28885.7,2.74904,0.1766
2515001,3,58.5854,-28886.3,0.079178,0.2074
2520001,1,23.3007,-28886.2,0.536657,0.2118
2525001,1,23.5326,-28887.3,0.104001,0.1868
2530001,1,23.4751,-28885.4,0.289621,0.1708
2535001,2,42.3616,-28886.8,0.314042,0.2394
2540001,1,23.4481,-28885.2,0.518219,0.1706
2545001,1,23.7276,-28885.7,0.136379,0.1766
2550001,1,23.7203,-28886.2,0.335939,0.1806
2555001,2,42.7033,-28886.3,0.493258,0.244
2560001,1,23.9046,-28886.2,0.0200994,0.1784
2565001,1,22.1252,-28885.2,1.39373,0.1768
2570001,1,19.0641,-28886.6,4.6427,0.167
2575001,2,40.5355,-28886.4,0.687857,0.202
2580001,1,22.2496,-28884.8,1.36639,0.2748
2585001,1,23.2592,-28886.8,0.758246,0.2078
2590001,1,22.032,-28884.5,1.62797,0.1838
2595001,1,21.5294,-28885.4,1.9711,0.1624
2600001,1,23.3724,-28886.8,0.253542,0.207
2605001,1,23.2984,-28886.4,0.0910407,0.2014
2610001,1,22.3981,-28884.5,1.44501,0.188
2615001,1,24.0184,-28889.4,0.215709,0.1842
2620001,1,23.7092,-28884.4,0.0896321,0.231
2625001,2,41.449,-28887.9,0.903752,0.2014
2630001,1,23.6546,-28885,0.120468,0.235
2635001,1,23.1095,-28886,0.755152,0.188
2640001,1,23.4579,-28886.8,0.272147,0.166
2645001,2,41.69,-28887.2,1.01562,0.2238
2650001,2,42.6761,-28887.9,0.0735826,0.2242
2655001,3,59.6018,-28885.4,0.970058,0.1856
2660001,1,23.1107,-28886.8,0.799447,0.1634
2665001,1,21.1808,-28886.8,2.74281,0.1826
2670001,1,23.5441,-28888.2,0.00665218,0.1928
2675001,4,79.3452,-28885.2,0.0696631,0.2562
2680001,1,23.4928,-28886.8,0.381214,0.2718
2685001,2,40.8229,-28889.1,0.33604,0.1942
2690001,1,22.3787,-28886.2,1.36382,0.2118
2695001,1,23.6718,-28885.8,0.0940086,0.1774
2700001,1,21.1484,-28885.8,2.77204,0.171
2705001,2,42.2746,-28884.4,0.664212,0.1772
2710001,1,23.1199,-28885.3,0.360655,0.2096
2715001,1,23.2437,-28885.6,0.252668,0.156
2720001,1,23.1065,-28886.2,0.62996,0.18
2725001,1,22.9478,-28885.5,0.792906,0.2164
2730001,1,22.7592,-28884.7,0.967413,0.2272
2735001,1,23.7077,-28884.6,0.0343686,0.2002
2740001,1,23.2331,-28887.4,0.160304,0.1972
2745001,1,22.7906,-28885.2,0.676188,0.1562
2750001,1,23.7707,-28885.1,0.00565007,0.1864
2755001,1,22.8426,-28886.2,0.726418,0.1892
2760001,1,22.7149,-28884.2,0.975746,0.161
2765001,2,41.8098,-28886.5,0.197795,0.2006
2770001,1,23.0905,-28885.8,0.361501,0.2292
2775001,1,23.2557,-28885.5,0.56375,0.1906
2780001,1,23.1056,-28884.4,0.617645,0.1696
2785001,1,21.9362,-28886.1,1.81746,0.1792
2790001,1,23.1597,-28884.8,0.575507,0.1896
2795001,1,23.8276,-28885.2,0.0239358,0.1974
2800001,1,23.2565,-28886.4,0.641575,0.2112
2805001,1,23.4208,-28885.2,0.280969,0.1918
2810001,2,42.6775,-28884.7,0.0808009,0.189
2815001,2,39.883,-28884.4,1.14618,0.2264
2820001,2,41.1801,-28886.2,0.503392,0.1894
2825001,1,23.151,-28885.8,0.526463,0.3092
2830001,1,23.5546,-28884.3,0.267379,0.182
2835001,2,40.5483,-28885.1,0.610521,0.2116
2840001,1,23.5158,-28887.2,0.175681,0.2386
2845001,2,40.3756,-28884.1,1.46459,0.2262
2850001,1,23.7419,-28889,0.343133,0.2068
2855001,2,41.0345,-28885.5,0.309091,0.192
2860001,1,22.1426,-28885.7,1.2873,0.2108
2865001,1,22.294,-28885.6,1.52751,0.2032
2870001,2,42.2179,-28886.3,0.284651,0.2148
2875001,1,23.7983,-28884.5,0.0803693,0.1786
2880001,2,35.4432,-28889.1,0.764736,0.162
2885001,1,23.5646,-28885.2,0.377401,0.2352
2890001,1,23.398,-28887.3,0.69779,0.1872
2895001,1,22.7788,-28886.2,1.16578,0.1658
2900001,1,23.7946,-28887.4,0.106703,0.187
2905001,1,22.9588,-28885.2,0.983358,0.2382
2910001,2,36.0327,-28884.7,5.36147,0.19
2915001,3,59.9673,-28881.6,1.43672,0.2294
2920001,1,23.5071,-28886.3,0.210298,0.2206
2925001,2,41.6989,-28885.6,0.322564,0.224
2930001,2,42.8577,-28884.5,0.314811,0.2098
2935001,2,41.1228,-28883.5,1.54644,0.2234
2940001,1,23.2952,-28885,0.477119,0.194
2945001,1,23.2908,-28887.3,0.0335082,0.1614
2950001,1,23.4355,-28884.8,0.306416,0.212
2955001,2,43.0261,-28884.5,0.113246,0.196
2960001,1,21.4373,-28890.2,1.95339,0.196
2965001,1,23.5977,-28885.1,0.0613122,0.181
2970001,1,22.7291,-28891.7,0.363704,0.164
2975001,1,23.4201,-28885.7,0.127975,0.1864
2980001,1,20.1416,-28885.4,3.35555,0.1542
2985001,1,22.109,-28887.7,1.32915,0.2314
2990001,1,23.6893,-28886.5,0.283304,0.1802
2995001,1,23.5406,-28884.9,0.0859773,0.1652
3000001,1,22.6768,-28884.3,1.07402,0.2178
3005001,1,23.163,-28884.3,0.535737,0.1894
3010001,1,23.3493,-28886.4,0.365889,0.1822
3015001,1,22.104,-28886.3,1.53567,0.1958
3020001,2,40.7195,-28886.8,2.62617,0.2162
3025001,1,21.0099,-28888.3,3.06981,0.1772
3030001,1,22.9626,-28885.2,0.755533,0.2738
3035001,1,22.6254,-28885.5,0.905593,0.1858
3040001,3,60.979,-28884.1,0.496926,0.1912
3045001,2,41.8379,-28884.4,0.476139,0.2822
3050001,1,23.4382,-28888.2,0.0879617,0.1996
3055001,1,21.1668,-28885.1,2.772,0.1706
3060001,1,22.4174,-28884.7,1.44576,0.1766
3065001,1,23.0575,-28885.9,0.616984,0.1906
3070001,1,21.1547,-28884.7,2.62346,0.178
3075001,1,23.4999,-28885.7,0.321455,0.1914
3080001,1,21.6792,-28885,2.02674,0.1362
3085001,1,22.9528,-28885.1,0.792462,0.1682
3090001,1,22.3963,-28884.8,1.3447,0.15
3095001,1,22.7152,-28885.8,0.980416,0.1718
3100001,1,21.6183,-28885.1,1.8904,0.1786
3105001,2,40.5213,-28886.5,2.03734,0.1608
3110001,2,41.0868,-28884,0.312838,0.1952
3115001,1,21.6457,-28886.5,1.7396,0.1688
3120001,1,22.9895,-28888.1,0.728588,0.1862
3125001,1,22.8162,-28885.7,0.955108,0.2082
3130001,1,23.7642,-28885.4,0.0827465,0.1858
3135001,1,22.9648,-28885.7,0.757085,0.178
3140001,4,75.8307,-28884.4,2.85084,0.1878
3145001,1,22.468,-28885.4,1.24528,0.198
3150001,1,23.4624,-28884.7,0.472477,0.1658
3155001,1,22.1415,-28884.8,1.47908,0.1788
3160001,1,23.0503,-28887.2,0.557667,0.1686
3165001,3,60.9878,-28884.6,0.227884,0.2096
3170001,1,21.6384,-28885.8,2.39999,0.2252
3175001,1,23.4854,-28886.2,0.0736234,0.2194
3180001,2,41.3957,-28884.5,1.6844,0.1698
3185001,2,42.0123,-28885.9,0.355644,0.239
3190001,1,22.0164,-28884.8,1.78459,0.2152
3195001,1,21.4196,-28886.9,2.21383,0.1494
3200001,1,21.7629,-28887.2,1.56625,0.1888
3205001,3,56.679,-28883.2,2.06637,0.2174
3210001,2,42.5659,-28884.5,0.271898,0.194
3215001,2,40.8927,-28885.3,0.690232,0.193
3220001,1,23.5228,-28884.2,0.269624,0.2014
3225001,1,19.7991,-28884.8,3.79921,0.1864
3230001,1,23.6814,-28886.3,0.222485,0.2234
3235001,3,60.1901,-28876.5,0.00624824,0.3204
3240001,3,60.6388,-28877.1,0.102617,0.366
3245001,1,23.2211,-28885.9,0.81706,0.1892
3250001,2,42.6613,-28886.5,0.331235,0.2146
3255001,1,21.8851,-28885.6,1.94547,0.1576
3260001,2,42.8559,-28887.2,0.520269,0.1996
3265001,2,41.4261,-28885.8,1.66075,0.2554
3270001,1,22.9704,-28884.8,0.814865,0.1812
3275001,1,23.3036,-28884.9,0.617991,0.1898
3280001,1,23.1283,-28884.9,0.423851,0.2172
3285001,1,23.6177,-28890.8,0.409893,0.2292
3290001,1,23.2385,-28887.9,0.39509,0.246
3295001,1,22.4894,-28884.4,1.1385,0.2802
3300001,1,23.2412,-28885,0.454039,0.1842
3305001,1,23.5822,-28885.7,0.190046,0.2254
3310001,1,23.3125,-28887.6,0.611401,0.187
3315001,2,41.7295,-28886.1,0.453029,0.187
3320001,1,22.6434,-28887,0.952284,0.2002
3325001,1,23.1312,-28890.5,0.533169,0.1618
3330001,3,61.143,-28884.4,1.30826,0.2306
3335001,1,23.0467,-28893.1,0.143507,0.1798
3340001,1,20.8075,-28887.8,2.89249,0.1736
3345001,1,23.7652,-28885.3,0.00153477,0.1492
3350001,1,21.9378,-28888.9,1.39987,0.2044
3355001,1,23.2284,-28886.6,0.729525,0.1664
3360001,1,23.8179,-28887,0.0478692,0.166
3365001,1,23.0136,-28889.4,0.809003,0.194
3370001,3,57.6456,-28882.1,3.89644,0.2554
3375001,1,23.1105,-28886.4,0.542859,0.273
3380001,2,41.2275,-28888.4,0.869226,0.1732
3385001,1,22.1277,-28886.6,1.3116,0.18
3390001,2,42.0175,-28887.6,0.457647,0.1764
3395001,1,23.6901,-28887.1,0.0560237,0.2202
3400001,1,23.6123,-28885.6,0.123556,0.237
3405001,1,20.9792,-28889.3,3.08006,0.1892
3410001,1,23.7584,-28886.1,0.131587,0.1794
3415001,1,22.9013,-28885.5,0.63303,0.2524
3420001,1,22.6178,-28886.7,1.05716,0.1674
3425001,1,23.6885,-28886.4,0.186401,0.24
3430001,1,21.8783,-28889.8,2.20855,0.2232
3435001,1,22.3329,-28886.6,1.12376,0.1532
3440001,1,23.7826,-28887.6,0.023909,0.1824
3445001,2,42.2498,-28886.5,1.12126,0.2082
3450001,1,21.6609,-28887,2.15792,0.2132
3455001,1,23.3928,-28886.1,0.389514,0.2566
3460001,1,21.6218,-28887.3,2.2055,0.1648
3465001,2,41.453,-28884.7,0.770781,0.1646
3470001,2,41.2372,-28888.3,1.79227,0.208
3475001,1,23.3073,-28886.1,0.324008,0.2554
3480001,2,39.0102,-28881,1.15006,0.2872
3485001,2,39.7077,-28880.9,1.31363,0.3234
3490001,3,60.9386,-28886,0.672148,0.2558
3495001,1,23.4152,-28885,0.316193,0.2066
3500001,2,41.618,-28886.1,0.534797,0.1642
3505001,1,23.533,-28885.7,0.0639826,0.2024
3510001,2,41.6462,-28884,0.611833,0.1778
3515001,1,22.7826,-28886.5,1.25085,0.1698
3520001,1,23.7077,-28885.9,0.0679102,0.2034
3525001,3,53.0235,-28880.4,2.84645,0.2614
3530001,1,23.4362,-28887.2,0.499429,0.2004
3535001,2,42.0508,-28884.8,0.955071,0.1808
3540001,1,23.4934,-28884.6,0.120074,0.204
3545001,2,42.1659,-28888.1,1.2241,0.2552
3550001,1,23.2444,-28885.4,0.45361,0.1856
3555001,1,23.7775,-28885.9,0.0778231,0.1952
3560001,2,40.8298,-28888.9,1.5734,0.2032
3565001,1,23.9041,-28886.7,0.112053,0.201
3570001,1,22.3033,-28884.5,1.32691,0.179
3575001,1,22.4863,-28888,1.45638,0.1684
3580001,2,38.8076,-28888.1,2.68114,0.223
3585001,1,23.2944,-28886.2,0.183091,0.1498
3590001,1,23.1307,-28885,0.37109,0.199
3595001,1,22.5391,-28892.6,1.72567,0.2004
3600001,2,40.7769,-28887.4,0.0213471,0.198
3605001,1,23.0299,-28884.3,0.668882,0.2018
3610001,2,41.9899,-28886.1,0.0913724,0.2424
3615001,1,23.8058,-28884.6,0.0232967,0.2154
3620001,2,40.1375,-28886.3,0.909832,0.1946
3625001,1,23.6518,-28884.9,0.142747,0.2128
3630001,3,61.33,-28884.1,0.841076,0.2062
3635001,1,23.7056,-28884.7,0.137558,0.218
3640001,1,23.0271,-28886.8,0.574177,0.228
3645001,2,42.2828,-28883.7,0.460787,0.1884
3650001,2,42.9816,-28886.4,0.208397,0.2292
3655001,1,21.5575,-28885.3,2.11929,0.1546
3660001,2,43.1413,-28881.5,0.0387015,0.1946
3665001,1,21.4423,-28885.8,2.22091,0.1834
3670001,1,22.495,-28885.4,1.27164,0.1596
3675001,1,22.5621,-28884.9,1.24246,0.203
3680001,1,23.0054,-28887.1,0.65706,0.1918
3685001,2,42.876,-28883.4,0.0618006,0.2102
3690001,1,21.5538,-28885.3,2.29912,0.1726
3695001,1,22.1445,-28885.8,1.57576,0.2094
3700001,1,19.5061,-28886,4.04978,0.1998
3705001,1,22.6236,-28887.6,0.673984,0.2374
3710001,1,22.8903,-28885.8,0.810681,0.1816
3715001,1,23.5242,-28885.1,0.180915,0.165
3720001,1,22.9955,-28884.6,0.582591,0.235
3725001,1,23.4619,-28885.6,0.329184,0.195
3730001,2,41.3836,-28885.2,0.175455,0.1748
3735001,1,23.1383,-28887.1,0.352509,0.1864
3740001,1,23.7983,-28885.9,0.207374,0.2298
3745001,1,23.0052,-28886.2,0.78416,0.2184
3750001,2,42.3065,-28884.1,0.415306,0.2136
3755001,3,61.2578,-28886.8,0.248027,0.1902
3760001,1,23.1905,-28887.1,0.483085,0.1806
3765001,1,21.9773,-28885.6,1.51859,0.216
3770001,1,23.1663,-28888.5,0.676764,0.1646
3775001,1,22.9584,-28885.1,0.860471,0.2518
3780001,1,23.5993,-28887.9,0.183947,0.1588
3785001,1,23.7296,-28885.7,0.236425,0.2212
3790001,2,40.942,-28887,0.314889,0.2252
3795001,1,21.3622,-28884.7,2.2347,0.2134
3800001,1,23.4482,-28889,0.330779,0.173
3805001,1,22.4167,-28887.4,1.04008,0.1864
3810001,1,19.3605,-28884.8,4.24619,0.2252
3815001,1,23.2209,-28886.1,0.481086,0.2234
3820001,2,41.2969,-28889,0.107381,0.1872
3825001,1,23.356,-28885,0.169995,0.2016
3830001,1,23.5705,-28884.4,0.046794,0.1828
3835001,1,23.3516,-28884.5,0.340173,0.1844
3840001,2,38.6847,-28885.3,0.664826,0.1926
3845001,1,23.5106,-28887.8,0.511853,0.2234
3850001,2,40.5702,-28885.5,2.07355,0.1828
3855001,2,42.5036,-28885.1,0.132509,0.162
3860001,1,23.5527,-28884.8,0.116247,0.1884
3865001,1,23.2101,-28887,0.0693072,0.1532
3870001,1,22.5868,-28884.8,0.98165,0.151
3875001,1,23.1003,-28885.3,0.829214,0.2238
3880001,1,23.3668,-28885.5,0.517119,0.1996
3885001,1,23.7955,-28884.7,0.0094148,0.2044
3890001,2,40.9067,-28884.6,0.970612,0.1688
3895001,1,20.7829,-28890.4,2.70973,0.172
3900001,1,23.5706,-28885.2,0.167122,0.1872
3905001,1,23.3238,-28888.2,0.522639,0.1888
3910001,1,23.094,-28886.6,0.800393,0.1598
3915001,2,41.5123,-28884.2,0.697276,0.2058
3920001,1,23.1215,-28884.3,0.735796,0.1748
3925001,1,22.5448,-28885.6,1.47231,0.2698
3930001,1,22.7207,-28884.4,1.13727,0.1858
3935001,2,41.8589,-28883.2,0.822984,0.2496
3940001,1,21.6126,-28886,1.8316,0.18
3945001,1,21.8513,-28885.6,2.09087,0.1786
3950001,1,23.2658,-28886,0.149174,0.1944
3955001,1,22.1291,-28884.9,1.46852,0.1708
3960001,1,23.0917,-28884.5,0.529643,0.1894
3965001,2,42.128,-28883.8,0.0365669,0.169
3970001,1,23.2695,-28885.3,0.202846,0.1892
3975001,2,41.4499,-28884.8,1.06114,0.2742
3980001,2,42.9072,-28887.2,0.307707,0.1914
3985001,1,22.6409,-28886.1,1.17823,0.2018
3990001,2,41.4551,-28884.7,0.29847,0.1644
3995001,1,23.558,-28885.8,0.222279,0.1824
4000001,1,22.0044,-28885.4,1.70873,0.1464
4005001,1,23.5921,-28890.6,0.0141939,0.2164
4010001,1,23.349,-28887.5,0.47842,0.1942
4015001,1,23.095,-28891,1.01396,0.1904
4020001,1,23.6143,-28887.3,0.164888,0.2434
4025001,1,23.092,-28887.2,0.493013,0.226
4030001,1,22.4636,-28888.1,1.43259,0.2026
4035001,1,22.6694,-28886.1,0.899203,0.1932
4040001,2,39.0401,-28886.2,3.92035,0.1916
4045001,2,39.0118,-28886.6,0.157128,0.2198
4050001,1,23.2319,-28888.3,0.0504331,0.2182
4055001,1,21.2717,-28885.8,2.61406,0.1992
4060001,2,41.0591,-28884.4,1.17613,0.2258
4065001,2,42.6406,-28881.3,0.149792,0.2124
4070001,2,42.9358,-28884.4,0.19563,0.3016
4075001,1,23.1703,-28885.2,0.367881,0.171
4080001,1,23.2087,-28888,0.491736,0.192
4085001,1,23.4468,-28884.8,0.426832,0.199
4090001,3,54.0829,-28888.1,2.69121,0.1874
4095001,1,23.8816,-28886.7,0.0815547,0.2232
4100001,1,22.4419,-28884.7,1.36229,0.1846
4105001,1,22.7059,-28886.6,0.969108,0.1862
4110001,2,41.4188,-28886,0.720698,0.2084
4115001,1,22.325,-28889.4,1.37905,0.2158
4120001,1,23.4279,-28884.5,0.25414,0.1788
4125001,1,23.7881,-28885.5,0.173343,0.1884
4130001,2,40.952,-28884.4,0.357641,0.2056
4135001,1,23.7773,-28884.6,0.0329773,0.2778
4140001,3,60.7087,-28883.8,0.669521,0.2298
4145001,1,22.3846,-28887,1.55887,0.165
4150001,1,23.6651,-28884.6,0.0724955,0.2134
4155001,2,40.9878,-28885.1,1.67471,0.1844
4160001,1,23.1467,-28887.7,0.76978,0.1824
4165001,1,22.6319,-28884.8,1.14712,0.1456
4170001,1,23.244,-28884.8,0.480055,0.17
4175001,3,60.8068,-28884.3,0.14953,0.236
4180001,1,21.1905,-28886.2,2.22316,0.1904
4185001,2,40.295,-28880.2,2.35997,0.272
4190001,1,23.5452,-28884.5,0.191806,0.1786
4195001,3,60.5659,-28878.2,0.0520582,0.2168
4200001,1,21.4261,-28884.6,2.41259,0.271
4205001,1,23.1511,-28885.6,0.481306,0.1822
4210001,2,38.4082,-28886.4,1.76284,0.1698
4215001,1,23.4603,-28886.1,0.0352244,0.1772
4220001,1,21.6168,-28886.4,1.97352,0.1954
4225001,3,61.7449,-28883.7,0.481323,0.176
4230001,1,22.4172,-28885.7,1.62109,0.1604
4235001,1,23.3615,-28886.3,0.594044,0.1826
4240001,2,42.8695,-28885.6,0.0615002,0.2264
4245001,1,23.6642,-28885.1,0.162899,0.2284
4250001,2,40.9632,-28888.3,1.04737,0.2104
4255001,2,41.1679,-28886.6,0.716936,0.2004
4260001,1,23.1258,-28885,0.435563,0.1858
4265001,1,23.0734,-28887.2,0.307689,0.2038
4270001,1,22.3236,-28885,1.48288,0.1832
4275001,1,23.2787,-28884.9,0.330928,0.1806
4280001,2,40.4709,-28885.7,0.000538312,0.208
4285001,2,41.6992,-28884.9,0.575813,0.1956
4290001,2,42.7965,-28887.1,0.637789,0.237
4295001,1,20.0709,-28885.9,3.48292,0.2128
4300001,1,23.4127,-28886,0.316471,0.174
4305001,1,22.3458,-28887.3,1.03291,0.1722
4310001,1,20.8943,-28886.4,2.66487,0.207
4315001,2,42.4294,-28886.9,0.116425,0.1978
4320001,1,23.4452,-28885.6,0.120704,0.1974
4325001,1,22.6599,-28888.1,0.757473,0.2134
4330001,1,23.7061,-28884.5,0.0682435,0.1684
4335001,1,23.2886,-28884.5,0.572204,0.1532
4340001,1,23.7561,-28884.4,0.106299,0.2178
4345001,1,23.4945,-28885.2,0.250427,0.1886
4350001,2,40.4881,-28883.3,0.0425687,0.252
4355001,2,40.8155,-28886,0.929038,0.2304
4360001,1,23.6776,-28884.3,0.132207,0.1662
4365001,1,23.7965,-28890.1,0.180527,0.175
4370001,1,21.9411,-28886.7,1.90189,0.2178
4375001,1,23.3839,-28887.8,0.12802,0.1602
4380001,1,22.3288,-28885.2,1.32862,0.1778
4385001,1,22.416,-28887.9,1.61692,0.1896
4390001,1,23.1495,-28889.2,0.897844,0.1918
4395001,1,22.8711,-28887,0.738776,0.1748
4400001,1,23.6897,-28887,0.0151818,0.1744
4405001,1,22.2064,-28888,1.21607,0.2546
4410001,2,42.1142,-28886.9,0.190404,0.2424
4415001,2,41.566,-28881.2,0.0548137,0.2752
4420001,1,22.6507,-28887.1,1.05621,0.2568
4425001,1,22.9097,-28887.8,0.794129,0.1866
4430001,1,23.5683,-28888,0.203876,0.183
4435001,1,23.3693,-28887.8,0.281633,0.1956
4440001,1,23.2148,-28890.3,0.312426,0.2294
4445001,1,22.9042,-28888.8,0.65611,0.1754
4450001,1,22.9043,-28889,0.812329,0.2094
4455001,2,40.5476,-28890,1.68961,0.164
4460001,1,23.3241,-28890.5,0.199747,0.205
4465001,2,41.9492,-28888.8,0.525287,0.1808
4470001,2,41.7724,-28887.2,0.67062,0.1878
4475001,1,22.2637,-28889.8,1.19814,0.1786
4480001,1,21.92,-28886.4,1.78966,0.2064
4485001,1,23.2194,-28887.3,0.560695,0.1572
4490001,1,22.8729,-28887.6,0.604439,0.1744
4495001,1,23.1129,-28891,0.31048,0.1796
4500001,1,20.6233,-28887.8,3.1841,0.2004
4505001,1,23.1038,-28887.1,0.52356,0.1986
4510001,2,42.8306,-28887.6,0.501791,0.2424
4515001,1,22.1968,-28887.1,1.44422,0.2306
4520001,1,21.8638,-28890.5,1.97458,0.1854
4525001,1,22.4825,-28887,1.33962,0.1812
4530001,1,20.6654,-28886.5,2.93992,0.1524
4535001,1,22.4145,-28888.5,1.05858,0.1798
4540001,1,23.1802,-28890.6,0.311657,0.1834
4545001,2,42.0505,-28885.6,0.626409,0.161
4550001,1,22.5235,-28885.4,0.941105,0.1778
4555001,1,22.0764,-28885.5,1.80163,0.1936
4560001,1,21.4506,-28885.2,2.35654,0.2076
4565001,1,22.7361,-28884.9,1.15719,0.1996
4570001,1,23.7517,-28886.4,0.051446,0.1592
4575001,2,42.4522,-28887.6,0.106944,0.2244
4580001,1,23.5866,-28885.3,0.204695,0.1866
4585001,2,42.7615,-28887.4,0.231745,0.2274
4590001,1,23.891,-28887.3,0.0757723,0.1544
4595001,3,57.4517,-28885.9,1.94708,0.203
4600001,1,21.7529,-28885,1.84906,0.188
4605001,3,58.5598,-28885.5,0.211339,0.1904
4610001,1,23.3376,-28885.6,0.695072,0.1918
4615001,2,40.362,-28887.1,1.07755,0.2168
4620001,1,21.4819,-28884.5,2.24908,0.2296
4625001,1,21.7261,-28885.7,2.11302,0.1934
4630001,1,22.4715,-28884.9,1.37102,0.2032
4635001,2,42.2706,-28885,0.545151,0.1956
4640001,2,39.0209,-28882,0.138896,0.2118
4645001,2,38.3532,-28885.4,1.93585,0.2428
4650001,1,23.6399,-28885,0.142027,0.2328
4655001,3,59.0517,-28886.6,1.37515,0.1848
4660001,1,22.057,-28888.4,1.90354,0.2028
4665001,1,22.737,-28885.1,1.0061,0.1872
4670001,2,42.0445,-28888.1,0.650341,0.2242
4675001,1,22.3548,-28889,1.16784,0.229
4680001,1,23.481,-28884.5,0.367383,0.1974
4685001,1,23.1128,-28886.1,0.565977,0.1832
4690001,1,20.4793,-28885.3,3.18877,0.1802
4695001,1,22.919,-28885.7,1.05713,0.1532
4700001,1,23.0349,-28886.6,0.587699,0.2638
4705001,2,40.7357,-28886.9,0.0295128,0.1708
4710001,1,22.7544,-28885.5,0.922351,0.2134
4715001,2,43.0719,-28885.3,0.0266215,0.2294
4720001,1,23.326,-28885,0.436616,0.2306
4725001,2,42.1991,-28886.1,0.366843,0.1702
4730001,1,23.2443,-28888,0.788687,0.192
4735001,1,23.7941,-28885.4,0.0456223,0.2122
4740001,1,23.6966,-28886,0.0391336,0.2
4745001,1,23.2866,-28889.7,0.783331,0.2078
4750001,2,42.2916,-28887.7,0.786454,0.1624
4755001,1,21.2794,-28886.8,2.13767,0.223
4760001,1,22.77,-28886.5,0.60757,0.2336
4765001,1,23.5749,-28886.4,0.231698,0.2336
4770001,4,78.356,-28884,0.267102,0.223
4775001,1,23.8482,-28887.7,0.0457166,0.1794
4780001,1,21.604,-28885.6,2.09101,0.1794
4785001,1,23.3125,-28885.4,0.464885,0.2112
4790001,2,40.6348,-28887.6,0.607114,0.2036
4795001,1,23.1907,-28890.4,0.802064,0.2
4800001,1,23.0003,-28886,0.636273,0.1826
4805001,1,22.8677,-28888.3,0.961557,0.1896
4810001,1,22.5727,-28884.8,1.16964,0.184
4815001,1,23.5239,-28885,0.0168246,0.1854
4820001,1,23.1403,-28885.7,0.54585,0.1854
4825001,1,23.8538,-28890.3,0.209664,0.1746
4830001,1,23.0172,-28886.4,0.415935,0.1656
4835001,1,23.37,-28892,0.363249,0.2086
4840001,1,22.1591,-28886.3,1.23988,0.1808
4845001,2,42.4697,-28885.2,0.0245511,0.2016
4850001,1,21.5138,-28885,2.13371,0.2266
4855001,1,23.2083,-28887.6,0.708925,0.2094
4860001,1,23.6711,-28885.1,0.156485,0.1862
4865001,1,21.716,-28885,2.11291,0.1888
4870001,1,22.5838,-28886.2,1.4583,0.2248
4875001,1,21.5902,-28885.8,2.38511,0.2192
4880001,1,22.4111,-28884.4,1.28058,0.1714
4885001,1,23.5188,-28885.1,0.167198,0.1994
4890001,1,23.7215,-28885.3,0.156048,0.1708
4895001,1,20.1531,-28885.2,3.52178,0.2146
4900001,2,39.2616,-28883.2,2.09146,0.2398
4905001,3,60.5805,-28885.4,0.578521,0.2102
4910001,2,40.9593,-28883,0.78982,0.199
4915001,2,41.6866,-28887.4,0.679733,0.1958
4920001,1,22.7553,-28885.3,0.888124,0.2122
4925001,1,22.719,-28885.2,0.881612,0.1884
4930001,1,22.1756,-28886.3,1.30886,0.17
4935001,1,20.3816,-28885.8,3.14623,0.1688
4940001,2,36.1164,-28887.5,1.27231,0.1796
4945001,1,22.6646,-28887.8,0.941146,0.2108
4950001,1,22.8853,-28886.8,1.13717,0.2154
4955001,2,41.9246,-28883.5,0.457073,0.1748
4960001,1,21.7621,-28884.9,2.02469,0.1672
4965001,1,23.5899,-28884,0.234022,0.2122
4970001,1,21.093,-28885.6,2.77141,0.2072
4975001,3,58.4306,-28885.9,0.146697,0.1954
4980001,2,40.9162,-28883.7,0.798748,0.214
4985001,1,21.524,-28885,1.94744,0.2182
4990001,1,23.7593,-28885.8,0.0490191,0.1832
4995001,1,22.6567,-28886.2,0.851862,0.2196
5000001,1,22.9819,-28883.9,0.647873,0.2016
5005001,1,21.659,-28886.8,1.97692,0.1714
5010001,1,22.3034,-28885.4,1.30655,0.2188
5015001,1,22.8941,-28886.5,0.992378,0.1892
5020001,2,41.3271,-28883.4,0.0582453,0.2166
5025001,1,23.4767,-28885.2,0.0147985,0.1834
5030001,1,22.6687,-28885.8,0.933957,0.22
5035001,1,21.2702,-28884,2.37439,0.1682
5040001,1,23.6012,-28884.3,0.126695,0.1824
5045001,1,22.6809,-28885.1,1.29024,0.182
5050001,2,42.5557,-28884.8,0.546276,0.1806
5055001,1,20.9804,-28884.9,2.90729,0.2228
5060001,1,22.3026,-28887,1.36236,0.158
5065001,1,23.6571,-28885.6,0.255046,0.163
5070001,1,23.1642,-28886.1,0.853811,0.2268
5075001,2,40.0399,-28885.3,0.121705,0.1946
5080001,2,42.3469,-28884.7,0.20022,0.1864
5085001,2,41.6812,-28883.6,0.982634,0.2464
5090001,1,23.2795,-28885.7,0.478912,0.1736
5095001,1,23.8677,-28888.1,0.105069,0.1974
5100001,1,23.7248,-28884.2,0.0470072,0.1502
5105001,1,22.9912,-28885.3,0.538364,0.262
5110001,2,39.7644,-28882.5,0.674056,0.2068
5115001,1,22.7191,-28886.5,0.886508,0.1698
5120001,1,23.32,-28884.8,0.521877,0.2138
5125001,1,23.5488,-28885.1,0.337757,0.165
5130001,1,23.2402,-28887.4,0.16614,0.1932
5135001,1,23.3296,-28886.6,0.15258,0.211
5140001,1,22.7427,-28887.5,0.830906,0.193
5145001,1,22.5397,-28885.9,1.16115,0.188
5150001,3,61.1788,-28883.6,0.81438,0.2266
5155001,2,42.7284,-28886.6,0.168785,0.1832
5160001,1,23.3972,-28883.9,0.39113,0.1922
5165001,2,42.0127,-28884.6,0.418167,0.1542
5170001,1,23.2567,-28884.5,0.420309,0.1714
5175001,1,23.2869,-28884.2,0.470285,0.2366
5180001,1,23.2122,-28885.5,0.624563,0.1686
5185001,1,22.8993,-28886.2,0.532222,0.1606
5190001,2,41.6232,-28883.9,0.713727,0.2016
5195001,1,22.7869,-28884.6,0.793792,0.2164
5200001,3,57.8545,-28884.2,0.858422,0.1932
5205001,1,23.4987,-28884,0.157343,0.2208
5210001,1,22.4197,-28885.1,1.04702,0.205
5215001,1,23.1322,-28884.8,0.433321,0.2128
5220001,2,39.2071,-28887,3.62195,0.251
5225001,1,23.0235,-28890.4,1.05334,0.1862
5230001,1,21.8594,-28886.4,2.19666,0.1528
5235001,1,23.575,-28885,0.294717,0.1966
5240001,1,22.9686,-28884.3,0.864732,0.1814
5245001,1,23.3733,-28884.2,0.389501,0.1584
5250001,2,42.2293,-28885.8,0.485274,0.2028
5255001,2,40.8188,-28886.2,1.15614,0.277
5260001,2,42.3864,-28886.1,0.318413,0.1866
5265001,1,23.7674,-28885.6,0.0693055,0.187
5270001,1,24.1069,-28887.8,0.01206,0.1694
5275001,1,21.5656,-28885.7,2.15765,0.1772
5280001,1,18.1648,-28886.6,5.9124,0.202
5285001,2,41.5701,-28885,0.207329,0.2302
5290001,1,22.0276,-28886.6,1.89355,0.2104
5295001,1,23.7395,-28885.9,0.129081,0.2116
5300001,1,21.5325,-28885.6,2.21116,0.1868
5305001,2,40.9661,-28887.2,0.980646,0.1824
5310001,1,23.2891,-28887,0.29706,0.2042
5315001,1,23.5435,-28885.4,0.261084,0.1826
5320001,1,23.5966,-28885.2,0.14023,0.172
5325001,1,23.3369,-28884.6,0.436336,0.1478
5330001,1,23.0794,-28884.7,0.820299,0.1592
5335001,1,22.7786,-28884.7,1.10268,0.1604
5340001,1,23.2579,-28884.7,0.422587,0.205
5345001,1,18.7871,-28884.2,5.0449,0.1572
5350001,1,22.6074,-28884.4,0.939531,0.162
5355001,2,39.0802,-28886.2,1.17351,0.1578
5360001,1,23.5187,-28884.5,0.179598,0.1954
5365001,1,22.216,-28885,1.58679,0.1646
5370001,1,22.4931,-28885.5,1.1125,0.1746
5375001,1,23.0656,-28886.6,0.711601,0.155
5380001,2,36.4153,-28882.8,0.87884,0.164
5385001,1,23.1165,-28883.9,0.697815,0.1796
5390001,2,41.4746,-28884.2,0.014569,0.187
5395001,1,22.1864,-28887.5,1.05058,0.2888
5400001,1,19.4119,-28884.5,4.1454,0.1798
5405001,1,23.3454,-28884.3,0.465155,0.1828
5410001,1,21.0837,-28885.5,2.40058,0.2434
5415001,1,22.0921,-28889.8,1.69019,0.2302
5420001,1,23.5327,-28884.8,0.282916,0.1958
5425001,1,23.831,-28885.9,0.225891,0.199
5430001,1,23.7341,-28885,0.0661584,0.188
5435001,1,22.7858,-28885.7,0.985281,0.2196
5440001,1,23.7218,-28891.6,0.593219,0.2238
5445001,1,23.0669,-28888.5,1.08675,0.1744
5450001,1,23.3993,-28886.4,0.275354,0.2428
5455001,1,23.154,-28887.7,0.399339,0.1856
5460001,1,23.3982,-28886.4,0.461848,0.188
5465001,1,22.0382,-28884.8,1.91773,0.1882
5470001,2,40.299,-28879.1,0.890522,0.2592
5475001,1,23.2531,-28889.1,0.248801,0.2542
5480001,3,57.5003,-28885.8,1.57329,0.197
5485001,1,20.649,-28885.7,3.15765,0.2006
5490001,1,23.6776,-28888.6,0.34232,0.1872
5495001,1,21.7467,-28886.2,1.90342,0.2132
5500001,2,41.4294,-28889.4,0.116542,0.2112
5505001,2,38.8691,-28887.3,0.0446623,0.2116
5510001,2,41.0038,-28885.8,0.117147,0.2062
5515001,1,21.652,-28887,2.38563,0.214
5520001,1,20.0338,-28886.4,3.61256,0.2068
5525001,1,23.6797,-28886.6,0.0308752,0.1736
5530001,1,23.2421,-28885.1,0.359721,0.1688
5535001,1,22.7461,-28885.3,0.943575,0.2286
5540001,3,58.178,-28885.7,1.4531,0.1678
5545001,1,23.4701,-28885.1,0.319137,0.1862
5550001,2,36.2829,-28884.2,3.19187,0.1868
5555001,1,23.1424,-28886,0.635474,0.1866
5560001,1,22.8785,-28884.9,0.774662,0.1886
5565001,2,42.4587,-28885,0.475135,0.2096
5570001,2,37.9371,-28886.9,2.15255,0.243
5575001,1,23.6659,-28884.5,0.230079,0.2412
5580001,3,61.2089,-28884.2,0.268274,0.2132
5585001,1,21.3067,-28886.6,2.59112,0.2024
5590001,1,22.7819,-28885.6,1.09741,0.1806
5595001,1,22.4014,-28885.8,1.05167,0.1912
5600001,2,41.0719,-28885.6,1.14073,0.1656
5605001,3,60.6309,-28883.9,0.178012,0.2308
5610001,2,39.8511,-28883.5,0.406356,0.2156
5615001,1,23.5995,-28884.7,0.248823,0.1826
5620001,3,56.5132,-28883.2,3.33117,0.2202
5625001,1,21.4266,-28885.7,2.10186,0.319
5630001,1,20.3836,-28886.2,2.9881,0.2006
5635001,1,21.81,-28885,2.06223,0.169
5640001,1,23.3499,-28885.2,0.483574,0.182
5645001,1,23.1635,-28885.9,0.29571,0.1662
5650001,1,23.4839,-28884.6,0.300997,0.2194
5655001,2,35.2411,-28885.3,3.48112,0.175
5660001,1,21.9089,-28884.5,1.72316,0.1894
5665001,1,23.537,-28884.1,0.0719081,0.1816
5670001,1,23.6882,-28886.1,0.0286259,0.2182
5675001,2,40.9527,-28885.5,1.95522,0.2176
5680001,1,23.7035,-28884.6,0.064513,0.2014
