generation,N_shifts,eventRate
1,0,0.97068
5001,0,0.409388
10001,0,0.250815
15001,1,0.997632
20001,0,0.667615
25001,1,0.955748
30001,1,0.757954
35001,1,0.605528
40001,0,0.409293
45001,1,0.0599216
50001,2,1.53753
55001,2,0.377541
60001,0,0.181225
65001,1,1.08685
70001,1,1.80331
75001,1,0.792269
80001,1,0.432281
85001,1,0.624773
90001,1,0.99428
95001,1,0.208517
100001,0,0.0395413
105001,1,1.1176
110001,4,2.07084
115001,0,0.213937
120001,0,0.291323
125001,2,0.309185
130001,2,1.27607
135001,3,2.95812
140001,6,1.40207
145001,4,0.557717
150001,1,1.03616
155001,1,0.208428
160001,0,1.16457
165001,1,0.15041
170001,0,0.862969
175001,0,0.167247
180001,3,0.662494
185001,2,1.82812
190001,3,0.776275
195001,0,0.659253
200001,0,0.901123
205001,0,0.216471
210001,0,0.327219
215001,0,0.3894
220001,0,0.135883
225001,0,1.29162
230001,1,2.89368
235001,0,0.0192095
240001,0,0.228869
245001,0,2.58978
250001,3,2.5324
255001,0,0.070747
260001,2,3.14047
265001,0,0.649294
270001,2,1.03243
275001,1,0.0189987
280001,1,1.42593
285001,1,0.375271
290001,1,0.228683
295001,3,1.52273
300001,0,0.112317
305001,0,0.447271
310001,1,1.69864
315001,1,0.84426
320001,2,0.877223
325001,3,0.957998
330001,1,1.32527
335001,0,0.188128
340001,1,1.13267
345001,2,4.18033
350001,0,0.457542
355001,0,1.37439
360001,0,0.362392
365001,0,1.13292
370001,3,0.260283
375001,0,0.157277
380001,2,0.405849
385001,0,0.0438719
390001,1,0.0808295
395001,2,0.374509
400001,0,0.104553
405001,2,0.521724
410001,1,1.5957
415001,1,2.04303
420001,1,0.673913
425001,2,1.77714
430001,1,2.20219
435001,0,1.60764
440001,1,0.160484
445001,1,0.238136
450001,2,0.692888
455001,2,3.42882
460001,0,0.128003
465001,0,1.87089
470001,2,0.430309
475001,1,3.78122
480001,1,0.15439
485001,2,0.997148
490001,0,0.463528
495001,4,2.37024
500001,2,2.66105
505001,0,0.906966
510001,0,0.935281
515001,2,2.25435
520001,3,0.928642
525001,2,1.51667
530001,0,1.61341
535001,0,0.216494
540001,2,4.90343
545001,2,1.67462
550001,2,0.459572
555001,1,1.76203
560001,1,0.418085
565001,0,0.747895
570001,0,0.0861431
575001,2,3.22465
580001,0,2.14035
585001,0,0.260045
590001,1,1.33544
595001,3,0.514012
600001,1,2.69699
605001,0,0.242562
610001,1,0.808434
615001,2,0.260934
620001,2,2.4682
625001,1,0.386004
630001,0,1.26733
635001,0,0.505369
640001,3,1.06614
645001,0,0.00989936
650001,4,1.7307
655001,0,0.00869946
660001,0,0.822786
665001,1,2.51911
670001,1,1.61683
675001,0,2.9607
680001,1,1.07537
685001,0,1.63428
690001,0,0.0228567
695001,0,0.0674103
700001,0,1.87493
705001,0,0.00269586
710001,2,2.14739
715001,0,0.233686
720001,0,0.720638
725001,1,3.42006
730001,0,0.00495729
735001,0,0.0190134
740001,1,2.44587
745001,2,0.632173
750001,0,0.134894
755001,1,0.280245
760001,2,2.30553
765001,0,1.8904
770001,3,3.65561
775001,1,0.0533338
780001,1,0.0347828
785001,1,1.98553
790001,1,2.80021
795001,2,0.498655
800001,0,0.116034
805001,0,0.235734
810001,1,0.299909
815001,1,0.828843
820001,0,0.136336
825001,0,0.415445
830001,0,2.71143
835001,1,1.00028
840001,0,0.457243
845001,2,1.10143
850001,0,0.924486
855001,0,1.73845
860001,1,0.51582
865001,3,0.23069
870001,0,0.476314
875001,2,1.22582
880001,2,0.66489
885001,4,0.579967
890001,0,0.101089
895001,0,0.393944
900001,2,0.936732
905001,0,1.00265
910001,0,0.167139
915001,4,2.94138
920001,1,2.91046
925001,0,0.946061
930001,0,0.241944
935001,0,0.186329
940001,2,0.758125
945001,0,0.126492
950001,3,5.13459
955001,1,1.98037
960001,0,0.0561799
965001,1,0.0691967
970001,1,0.28208
975001,1,0.939806
980001,0,1.75989
985001,0,0.895062
990001,1,0.83696
995001,0,0.572922
1000001,0,1.17013
1005001,0,0.553872
1010001,2,3.12101
1015001,1,2.10354
1020001,1,0.762622
1025001,0,2.30912
1030001,0,0.817481
1035001,2,1.7803
1040001,1,1.4591
1045001,1,1.10817
1050001,1,3.01814
1055001,2,1.80856
1060001,0,0.580405
1065001,0,0.699958
1070001,0,3.26173
1075001,2,0.89203
1080001,0,0.549837
1085001,1,0.421878
1090001,3,1.27624
1095001,0,1.87076
1100001,1,1.12894
1105001,0,0.12947
1110001,1,0.562983
1115001,4,1.18184
1120001,2,1.93717
1125001,0,0.0471651
1130001,4,4.0372
1135001,0,0.141804
1140001,0,0.172921
1145001,3,3.86988
1150001,0,0.10513
1155001,2,1.79246
1160001,2,1.06747
1165001,1,1.55309
1170001,1,1.03989
1175001,0,0.460292
1180001,0,0.283306
1185001,2,0.321047
1190001,2,4.51446
1195001,0,4.71084
1200001,0,0.21754
1205001,0,1.742
1210001,1,1.48135
1215001,0,0.304801
1220001,0,0.567409
1225001,3,1.72704
1230001,0,0.261278
1235001,1,1.5657
1240001,0,0.755559
1245001,0,0.427963
1250001,1,0.32509
1255001,2,1.46489
1260001,1,0.0991489
1265001,0,0.823538
1270001,2,1.74788
1275001,0,0.132787
1280001,2,1.89368
1285001,0,0.525275
1290001,0,0.148092
1295001,0,0.224787
1300001,0,0.154905
1305001,0,0.415762
1310001,0,0.334835
1315001,0,0.270699
1320001,3,2.00178
1325001,3,3.00568
1330001,0,0.135464
1335001,0,1.33749
1340001,0,0.207194
1345001,1,2.29007
1350001,0,0.208571
1355001,2,1.90946
1360001,0,0.616457
1365001,1,0.493857
1370001,2,1.18028
1375001,1,1.63512
1380001,2,4.34751
1385001,1,0.0406033
1390001,1,5.42254
1395001,0,0.188295
1400001,2,0.477915
1405001,0,0.688342
1410001,2,0.270323
1415001,1,0.35817
1420001,0,0.813858
1425001,0,0.351332
1430001,1,2.94371
1435001,0,0.615316
1440001,1,1.72803
1445001,1,0.433566
1450001,5,1.33601
1455001,1,1.10072
1460001,0,0.520885
1465001,0,0.118718
1470001,0,0.228969
1475001,0,0.118226
1480001,0,0.0120049
1485001,3,0.838762
1490001,0,0.137283
1495001,0,0.536658
1500001,1,0.49337
1505001,0,0.211732
1510001,3,0.558132
1515001,0,0.302826
1520001,0,0.858109
1525001,1,1.34678
1530001,2,2.00359
1535001,1,0.107161
1540001,0,0.48554
1545001,0,0.193573
1550001,1,0.173318
1555001,0,0.949092
1560001,0,1.4182
1565001,0,0.194919
1570001,3,0.0155029
1575001,1,3.39502
1580001,0,0.0835441
1585001,0,0.187565
1590001,2,2.35511
1595001,1,1.16013
1600001,0,0.309992
1605001,3,2.83757
1610001,0,0.398694
1615001,1,1.002
1620001,0,2.1061
1625001,2,2.4576
1630001,0,0.377533
1635001,0,0.143085
1640001,5,5.63094
1645001,0,1.00822
1650001,0,0.371666
1655001,1,2.42915
1660001,0,0.117444
1665001,1,0.338915
1670001,0,0.406184
1675001,0,0.0697081
1680001,4,3.40284
1685001,0,0.0942354
1690001,1,1.5907
1695001,0,0.894795
1700001,1,0.478165
1705001,0,0.217248
1710001,2,4.40776
1715001,2,1.05103
1720001,0,0.904532
1725001,2,1.84015
1730001,1,0.755637
1735001,0,0.429751
1740001,1,1.26767
1745001,0,1.09758
1750001,0,0.327299
1755001,1,2.25362
1760001,1,2.06693
1765001,0,0.388481
1770001,1,1.02288
1775001,0,0.0758893
1780001,3,3.3744
1785001,0,0.00224783
1790001,1,0.782017
1795001,3,0.402629
1800001,1,0.553903
1805001,1,1.257
1810001,0,0.477703
1815001,1,1.72709
1820001,0,0.890613
1825001,1,0.652451
1830001,0,3.07461
1835001,2,0.509966
1840001,0,1.80944
1845001,2,0.715499
1850001,1,0.753123
1855001,1,0.294264
1860001,0,1.06343
1865001,0,0.131487
1870001,1,3.51147
1875001,3,2.17998
1880001,1,4.68683
1885001,3,0.0867928
1890001,1,0.600664
1895001,3,4.14576
1900001,1,0.883944
1905001,0,1.45539
1910001,0,0.37366
1915001,1,2.35375
1920001,0,0.957934
1925001,1,1.30043
1930001,0,0.14123
1935001,7,2.70388
1940001,2,2.20375
1945001,1,0.130154
1950001,0,0.276112
1955001,0,0.176843
1960001,1,1.06451
1965001,1,0.758819
1970001,0,0.292229
1975001,1,3.33231
1980001,0,0.154383
1985001,0,0.597137
1990001,0,0.0846958
1995001,0,1.22294
2000001,3,0.472567
2005001,0,0.0359563
2010001,2,0.475934
2015001,0,0.0268212
2020001,3,0.175094
2025001,1,2.10335
2030001,0,0.164506
2035001,0,0.266495
2040001,1,0.233472
2045001,2,0.861423
2050001,1,0.911153
2055001,0,0.802329
2060001,0,0.192637
2065001,1,0.47093
2070001,2,3.22739
2075001,0,0.376608
2080001,2,0.452821
2085001,0,1.05853
2090001,0,0.981955
2095001,2,1.43572
2100001,0,0.414424
2105001,2,0.503228
2110001,1,2.78721
2115001,0,0.0229415
2120001,2,1.03955
2125001,2,2.5346
2130001,0,0.684655
2135001,0,0.27501
2140001,0,0.510076
2145001,0,0.197947
2150001,0,0.996905
2155001,0,0.414675
2160001,1,3.13445
2165001,0,0.232391
2170001,1,1.3286
2175001,0,0.621767
2180001,1,1.15042
2185001,1,0.310722
2190001,1,2.06195
2195001,0,0.151569
2200001,1,0.714105
2205001,1,0.202036
2210001,2,2.87111
2215001,1,1.50307
2220001,1,0.766856
2225001,0,0.178885
2230001,0,0.123114
2235001,2,0.68183
2240001,1,0.831086
2245001,0,0.341565
2250001,2,0.537141
2255001,0,0.419658
2260001,1,1.44943
2265001,1,0.798414
2270001,1,0.26066
2275001,2,5.18221
2280001,0,0.0380854
2285001,0,0.306704
2290001,0,0.135018
2295001,0,0.243333
2300001,2,2.45096
2305001,1,2.19642
2310001,1,0.961548
2315001,2,0.874664
2320001,2,0.300806
2325001,0,1.0919
2330001,1,0.475038
2335001,2,0.580886
2340001,3,0.825686
2345001,1,1.32307
2350001,0,0.316135
2355001,3,0.550667
2360001,0,0.340692
2365001,2,0.255078
2370001,0,0.0815001
2375001,2,0.527044
2380001,1,0.671759
2385001,0,0.341399
2390001,0,1.59677
2395001,0,0.195606
2400001,1,2.65604
2405001,1,0.453361
2410001,2,0.479401
2415001,1,1.70499
2420001,2,1.49206
2425001,2,2.22575
2430001,1,0.8013
2435001,1,6.24785
2440001,0,0.307049
2445001,0,0.199982
2450001,1,1.22736
2455001,0,0.298446
2460001,2,0.937588
2465001,0,0.0938139
2470001,0,1.19647
2475001,1,0.432386
2480001,0,0.237755
2485001,0,0.138392
2490001,1,0.337738
2495001,1,1.7579
2500001,0,1.22458
2505001,1,1.87355
2510001,0,0.227362
2515001,3,1.09445
2520001,1,0.369284
2525001,2,1.81357
2530001,0,0.932741
2535001,2,4.10547
2540001,3,0.278676
2545001,3,1.44109
2550001,0,0.219381
2555001,1,0.48686
2560001,0,1.88268
2565001,0,0.913552
2570001,0,0.153535
2575001,0,0.225689
2580001,0,0.553278
2585001,1,0.801074
2590001,1,0.942152
2595001,0,0.450557
2600001,1,2.52675
2605001,2,0.631543
2610001,0,0.161022
2615001,4,2.39853
2620001,2,0.381202
2625001,0,2.5674
2630001,1,2.23563
2635001,0,0.315557
2640001,0,0.502568
2645001,0,0.7349
2650001,0,1.6985
2655001,0,1.16695
2660001,1,1.44487
2665001,1,0.186326
2670001,0,0.773982
2675001,4,2.91983
2680001,0,0.00188781
2685001,0,0.6149
2690001,1,1.94495
2695001,3,0.841689
2700001,0,0.746802
2705001,0,1.47873
2710001,1,0.851173
2715001,3,3.34621
2720001,3,1.28479
2725001,0,0.0123474
2730001,0,0.163689
2735001,1,0.750441
2740001,2,0.494865
2745001,0,0.0814626
2750001,2,2.36095
2755001,1,0.0804706
2760001,1,1.08528
2765001,2,2.48702
2770001,0,0.496888
2775001,1,0.565538
2780001,0,0.431943
2785001,0,0.48602
2790001,3,2.92033
2795001,2,0.459597
2800001,2,1.41916
2805001,2,0.12325
2810001,0,0.120956
2815001,3,1.77368
2820001,2,0.343588
2825001,0,0.0679046
2830001,1,0.610261
2835001,1,0.505113
2840001,0,0.117532
2845001,1,0.0657381
2850001,1,0.258234
2855001,1,2.26793
2860001,1,0.0173311
2865001,0,0.466818
2870001,2,0.858452
2875001,2,2.80812
2880001,4,4.35251
2885001,1,0.403479
2890001,1,0.764472
2895001,3,0.153967
2900001,1,0.763658
2905001,1,0.419362
2910001,0,0.889736
2915001,0,1.16695
2920001,1,0.209407
2925001,1,0.109894
2930001,1,1.35144
2935001,0,0.234639
2940001,1,1.1428
2945001,2,0.580712
2950001,2,0.850448
2955001,0,0.0572311
2960001,2,3.71238
2965001,2,2.17089
2970001,0,0.74903
2975001,1,0.255278
2980001,3,0.165583
2985001,0,0.646506
2990001,2,0.586658
2995001,0,0.119519
3000001,1,0.646647
3005001,0,0.29261
3010001,0,1.32195
3015001,0,0.99383
3020001,1,0.0753665
3025001,0,0.21051
3030001,0,0.56658
3035001,0,0.240189
3040001,0,0.770159
3045001,0,0.434425
3050001,0,0.221286
3055001,1,0.376742
3060001,1,0.979631
3065001,0,2.6069
3070001,0,1.03842
3075001,1,1.94303
3080001,1,0.0698855
3085001,0,0.763183
3090001,0,0.57962
3095001,1,0.356085
3100001,1,1.74332
3105001,0,0.0807006
3110001,0,2.96926
3115001,1,1.04551
3120001,0,0.516408
3125001,0,1.24968
3130001,0,0.454868
3135001,1,0.87971
3140001,1,0.375442
3145001,0,0.175094
3150001,0,0.151108
3155001,1,1.14446
3160001,0,0.101406
3165001,1,1.34682
3170001,0,1.2328
3175001,0,0.39832
3180001,2,0.459551
3185001,0,0.222151
3190001,2,2.01384
3195001,0,0.341852
3200001,0,0.814049
3205001,1,1.66069
3210001,4,2.82746
3215001,0,0.325349
3220001,0,0.579067
3225001,1,0.296028
3230001,2,0.868493
3235001,1,0.365242
3240001,0,0.140593
3245001,0,1.54453
3250001,1,0.384952
3255001,0,0.185579
3260001,0,1.1212
3265001,2,1.83346
3270001,6,2.93296
3275001,0,0.540517
3280001,2,1.48224
3285001,0,0.0321482
3290001,0,0.611162
3295001,1,0.0721637
3300001,3,1.09105
3305001,0,2.72797
3310001,1,0.464201
3315001,0,0.0219064
3320001,0,0.150301
3325001,1,0.228361
3330001,0,0.798725
3335001,3,4.6587
3340001,0,0.00103886
3345001,3,1.64733
3350001,0,0.188552
3355001,0,0.184134
3360001,0,0.52698
3365001,0,0.161579
3370001,0,2.72579
3375001,2,1.00735
3380001,0,1.52397
3385001,0,0.231051
3390001,0,0.571038
3395001,0,0.276938
3400001,3,2.59983
3405001,3,3.52619
3410001,1,0.338356
3415001,1,0.678073
3420001,0,1.73008
3425001,2,0.754866
3430001,1,0.65319
3435001,1,0.780004
3440001,2,2.52133
3445001,1,2.10694
3450001,6,0.217539
3455001,0,2.31668
3460001,0,0.105236
3465001,1,0.353796
3470001,0,0.285926
3475001,0,0.0506918
3480001,0,1.04329
3485001,0,0.12433
3490001,1,1.67108
3495001,0,0.525487
3500001,1,0.0660153
3505001,1,0.544412
3510001,2,1.16863
3515001,0,0.100183
3520001,1,1.39479
3525001,1,1.75847
3530001,1,0.403154
3535001,2,1.04991
3540001,3,2.93744
3545001,2,2.0335
3550001,0,0.942486
3555001,2,2.42694
3560001,2,0.204995
3565001,1,2.34398
3570001,0,0.0429552
3575001,0,0.165218
3580001,2,1.69549
3585001,2,3.95321
3590001,0,0.0929071
3595001,1,0.949684
3600001,0,0.00319553
3605001,1,0.414365
3610001,0,0.513326
3615001,2,1.9618
3620001,0,2.60609
3625001,1,0.599985
3630001,1,0.0726156
3635001,2,1.56723
3640001,0,0.290759
3645001,1,1.07946
3650001,0,0.0181306
3655001,1,1.32568
3660001,2,2.83967
3665001,0,0.0251968
3670001,1,1.51312
3675001,0,0.369149
3680001,0,0.0120787
3685001,3,1.24467
3690001,3,3.8779
3695001,1,1.36393
3700001,3,1.12085
3705001,1,0.579934
3710001,2,1.73635
3715001,0,2.84758
3720001,0,1.42804
3725001,1,0.804142
3730001,0,1.54608
3735001,2,1.67441
3740001,0,0.204811
3745001,0,1.10182
3750001,1,1.08059
3755001,0,0.0737477
3760001,0,0.0200161
3765001,4,3.16711
3770001,0,0.423544
3775001,0,0.514069
3780001,0,0.163315
3785001,0,0.0330734
3790001,0,0.11979
3795001,2,1.69806
3800001,1,0.383365
3805001,3,3.39161
3810001,2,3.16305
3815001,0,0.221514
3820001,1,0.576159
3825001,2,0.783743
3830001,0,0.456567
3835001,1,0.537967
3840001,0,1.23039
3845001,0,0.219666
3850001,0,0.443797
3855001,0,1.12295
3860001,2,1.00441
3865001,0,0.22507
3870001,1,0.461915
3875001,4,0.375632
3880001,0,0.00781162
3885001,0,0.432207
3890001,1,1.09438
3895001,1,5.20103
3900001,2,2.11909
3905001,2,1.00363
3910001,0,0.0468458
3915001,0,0.901388
3920001,1,0.259777
3925001,1,1.14383
3930001,0,0.979711
3935001,2,0.542782
3940001,1,1.43962
3945001,1,0.41115
3950001,1,0.261194
3955001,2,2.26431
3960001,0,1.24675
3965001,1,0.319634
3970001,4,1.84364
3975001,2,5.64238
3980001,1,0.191043
3985001,0,1.12836
3990001,2,0.250872
3995001,2,0.490927
4000001,1,1.31221
4005001,2,1.24999
4010001,2,0.907955
4015001,0,0.597168
4020001,2,0.390628
4025001,0,0.354005
4030001,0,1.22125
4035001,1,0.433322
4040001,0,1.44876
4045001,4,2.73775
4050001,1,0.285794
4055001,0,0.298689
4060001,0,1.18899
4065001,0,0.400169
4070001,0,0.199651
4075001,1,1.46673
4080001,2,0.782084
4085001,3,3.0356
4090001,1,1.39057
4095001,0,1.21224
4100001,0,0.656464
4105001,0,0.369786
4110001,2,1.27319
4115001,1,3.75205
4120001,1,0.430568
4125001,1,1.26074
4130001,0,0.226866
4135001,0,1.54368
4140001,3,0.479443
4145001,1,0.0155535
4150001,1,1.64702
4155001,0,0.348585
4160001,0,1.21194
4165001,0,0.0510607
4170001,0,0.0209309
4175001,2,0.960878
4180001,1,0.911909
4185001,1,1.56526
4190001,2,0.453395
4195001,0,1.72545
4200001,2,1.29024
4205001,1,2.48767
4210001,4,1.71356
4215001,1,1.35784
4220001,2,1.08843
4225001,1,0.310838
4230001,0,0.933699
4235001,2,1.13594
4240001,1,0.486008
4245001,0,0.470978
4250001,1,2.80206
4255001,0,0.516439
4260001,0,0.22326
4265001,0,0.131851
4270001,0,0.442953
4275001,3,3.40513
4280001,1,0.565084
4285001,0,0.0517247
4290001,4,2.57039
4295001,3,2.28766
4300001,0,1.27432
4305001,1,1.83217
4310001,0,0.445689
4315001,0,0.0542297
4320001,1,0.421581
4325001,0,0.153285
4330001,2,0.540975
4335001,2,0.272331
4340001,3,3.85744
4345001,2,1.41126
4350001,0,0.0902909
4355001,0,2.72753
4360001,0,0.270333
4365001,0,0.215922
4370001,0,0.111791
4375001,2,3.13367
4380001,1,0.0516756
4385001,0,0.472167
4390001,1,1.52334
4395001,0,0.00688766
4400001,0,0.227737
4405001,0,1.32026
4410001,0,1.34505
4415001,1,0.834687
4420001,0,0.216679
4425001,0,0.470336
4430001,0,0.184864
4435001,0,0.0292034
4440001,3,2.8491
4445001,3,0.294059
4450001,0,0.672474
4455001,1,1.48748
4460001,0,0.240248
4465001,1,1.24745
4470001,2,1.06727
4475001,3,1.98685
4480001,0,0.0828541
4485001,2,2.97891
4490001,1,0.176799
4495001,2,0.148816
4500001,1,0.574053
4505001,1,2.70926
4510001,4,3.07817
4515001,1,0.553786
4520001,0,0.238906
4525001,1,2.3135
4530001,1,2.47638
4535001,0,0.181202
4540001,1,0.394019
4545001,2,4.79648
4550001,1,1.75967
4555001,0,0.516587
4560001,2,2.26396
4565001,2,1.9745
4570001,0,0.515017
4575001,2,0.52854
4580001,3,1.0907
4585001,1,0.39793
4590001,0,0.0245042
4595001,1,2.55889
4600001,2,1.50359
4605001,0,0.0557099
4610001,0,0.27621
4615001,1,0.264842
4620001,1,0.778475
4625001,0,1.19252
4630001,1,0.941636
4635001,1,0.165949
4640001,0,0.552902
4645001,0,0.168219
4650001,0,0.964566
4655001,0,0.764488
4660001,0,0.853503
4665001,0,0.586253
4670001,0,0.247552
4675001,1,1.32505
4680001,0,0.0503972
4685001,0,0.686606
4690001,0,0.00588876
4695001,3,0.706722
4700001,2,0.364242
4705001,0,1.03135
4710001,1,1.31402
4715001,5,1.1119
4720001,1,0.808824
4725001,0,0.243388
4730001,1,0.448062
4735001,0,0.0206046
4740001,2,0.146712
4745001,1,1.32061
4750001,0,0.633414
4755001,1,0.712953
4760001,1,1.33466
4765001,0,0.0650021
4770001,1,0.922832
4775001,2,0.348097
4780001,0,0.524804
4785001,2,1.75023
4790001,0,0.320518
4795001,0,1.4917
4800001,1,1.52593
4805001,1,0.207246
4810001,0,0.0752933
4815001,2,0.584619
4820001,2,1.54588
4825001,0,0.975053
4830001,1,0.255971
4835001,0,1.48275
4840001,3,1.3159
4845001,0,0.177668
4850001,0,0.620422
4855001,0,0.441008
4860001,2,1.98353
4865001,0,0.0219664
4870001,0,0.0665826
4875001,2,3.36824
4880001,1,0.698549
4885001,1,0.58692
4890001,2,0.467331
4895001,0,0.656316
4900001,0,1.40783
4905001,0,1.37389
4910001,1,1.87749
4915001,1,0.0911326
4920001,1,0.629444
4925001,4,1.10177
4930001,0,0.271341
4935001,0,0.521948
4940001,0,0.858738
4945001,2,0.644815
4950001,0,1.18767
4955001,0,0.498511
4960001,1,3.19417
4965001,0,0.293796
4970001,0,0.236055
4975001,3,0.494356
4980001,0,2.57706
4985001,0,0.0203134
4990001,0,2.28023
4995001,0,0.572095
5000001,0,0.109738
5005001,0,0.621887
5010001,2,1.01562
5015001,0,0.0928742
5020001,0,0.824211
5025001,3,0.824909
5030001,1,1.51559
5035001,1,1.08702
5040001,1,2.4728
5045001,0,0.0539761
5050001,1,1.17254
5055001,1,1.47159
5060001,1,1.39672
5065001,0,0.213892
5070001,3,3.95533
5075001,1,0.220922
5080001,2,0.367047
5085001,5,1.47578
5090001,0,0.465767
5095001,4,3.02154
5100001,5,1.77404
5105001,2,1.7823
5110001,5,1.10226
5115001,0,1.11591
5120001,3,0.504303
5125001,2,0.87803
5130001,0,0.431844
5135001,0,0.0426179
5140001,1,0.303141
5145001,0,0.172922
5150001,0,0.589219
5155001,0,1.10366
5160001,3,0.484028
5165001,1,1.17542
5170001,2,2.72353
5175001,2,1.90715
5180001,0,0.656597
5185001,0,0.346162
5190001,0,0.594515
5195001,0,0.657409
5200001,0,0.174644
5205001,0,0.745266
5210001,0,0.260676
5215001,0,0.714653
5220001,1,2.60673
5225001,0,0.514001
5230001,1,1.50921
5235001,1,0.892652
5240001,0,1.22665
5245001,0,0.0429826
5250001,1,1.40889
5255001,1,1.00773
5260001,1,0.357438
5265001,0,0.652802
5270001,0,1.27197
5275001,0,0.270984
5280001,3,1.69052
5285001,0,0.0954927
5290001,0,0.942702
5295001,2,0.417692
5300001,3,0.514851
5305001,1,1.61821
5310001,1,0.140928
5315001,1,0.972037
5320001,0,1.19289
5325001,1,2.12595
5330001,1,0.497112
5335001,0,1.02628
5340001,1,1.09508
5345001,0,0.12684
5350001,1,2.49866
5355001,3,4.13178
5360001,0,0.769347
5365001,2,0.990776
5370001,3,6.98414
5375001,2,1.35044
5380001,2,0.865523
5385001,0,0.0942859
5390001,2,0.218047
5395001,0,0.681818
5400001,2,0.878872
5405001,0,1.37386
5410001,1,0.590158
5415001,4,0.553607
5420001,0,0.29671
5425001,2,0.554606
5430001,2,0.316002
5435001,1,0.962914
5440001,1,2.74419
5445001,1,1.51793
5450001,0,0.214841
5455001,1,1.06083
5460001,1,0.563699
5465001,3,2.70678
5470001,2,1.89141
5475001,0,0.0781478
5480001,2,1.85978
5485001,0,1.48152
5490001,2,2.11165
5495001,0,0.964869
5500001,0,0.288847
5505001,0,0.691015
5510001,2,2.23107
5515001,1,1.08887
5520001,1,1.6042
5525001,1,1.28764
5530001,0,0.829916
5535001,1,0.579479
5540001,0,0.209096
5545001,1,2.38989
5550001,1,1.24434
5555001,1,0.955549
5560001,0,0.0385265
5565001,3,0.90222
5570001,4,0.533723
5575001,0,0.19564
5580001,1,0.80707
5585001,1,0.665565
5590001,0,1.00979
5595001,1,0.607038
5600001,1,0.628707
5605001,0,0.238324
5610001,1,0.799804
5615001,1,2.0726
5620001,2,1.31829
5625001,0,0.207648
5630001,0,0.278762
5635001,2,0.49774
5640001,0,0.351786
5645001,2,3.09246
5650001,0,0.602867
5655001,2,1.38552
5660001,2,0.409198
5665001,1,1.72685
5670001,0,0.195147
5675001,1,2.14924
5680001,1,0.408267
5685001,0,0.142866
5690001,1,0.814976
5695001,2,2.39112
5700001,1,1.48706
5705001,1,1.00943
5710001,0,1.19419
5715001,0,0.383231
5720001,0,0.134307
5725001,3,0.353506
5730001,0,0.196719
5735001,0,0.166677
5740001,0,0.329878
5745001,1,1.88394
5750001,0,0.0466174
5755001,0,0.523006
5760001,2,0.925083
5765001,3,2.65867
5770001,2,2.46919
5775001,1,1.86779
5780001,2,2.54336
5785001,0,0.0287027
5790001,3,2.13096
5795001,0,0.0623491
5800001,0,0.000228678
5805001,0,1.21461
5810001,0,0.0841148
5815001,0,0.143343
5820001,0,0.955699
5825001,2,3.26177
5830001,0,0.0166277
5835001,0,0.0598675
5840001,1,0.23605
5845001,2,3.2204
5850001,0,0.135854
5855001,1,0.513549
5860001,3,1.25899
5865001,2,1.00918
5870001,0,4.098
5875001,2,2.40188
5880001,0,0.053245
5885001,1,1.2913
5890001,0,0.0595248
5895001,1,1.45258
5900001,3,2.98713
5905001,0,1.649
5910001,0,0.00287772
5915001,1,0.585895
5920001,3,0.243198
5925001,0,0.0346062
5930001,1,0.318378
5935001,0,0.586555
5940001,1,0.98678
5945001,0,1.02515
5950001,0,0.750915
5955001,0,0.0937355
5960001,4,0.394202
5965001,1,2.24499
5970001,1,1.36508
5975001,0,1.33236
5980001,3,0.694622
5985001,0,0.861515
5990001,2,1.36368
5995001,0,0.412414
6000001,0,1.04331
6005001,0,0.0635641
6010001,0,1.53897
6015001,3,3.06775
6020001,1,0.907185
6025001,1,2.37576
6030001,2,0.235139
6035001,0,1.8427
6040001,0,0.403048
6045001,1,0.264092
6050001,1,0.262107
6055001,0,0.244954
6060001,0,0.653593
6065001,1,2.68047
6070001,1,0.685574
6075001,0,0.34912
6080001,0,1.07213
6085001,3,1.51876
6090001,0,1.0175
6095001,0,0.596598
6100001,2,0.879955
6105001,0,0.358774
6110001,0,0.208576
6115001,0,0.109989
6120001,3,2.45394
6125001,0,1.3274
6130001,2,0.763271
6135001,1,1.24111
6140001,2,2.47304
6145001,1,2.06372
6150001,2,0.671721
6155001,1,1.95985
6160001,0,0.534407
6165001,0,0.672749
6170001,0,0.175174
6175001,2,1.44146
6180001,1,0.925498
6185001,3,1.10398
6190001,1,1.37949
6195001,0,0.595266
6200001,0,0.102301
6205001,1,1.59928
6210001,2,1.07146
6215001,0,0.531813
6220001,1,0.586837
6225001,1,0.263586
6230001,0,1.7285
6235001,2,3.66378
6240001,1,0.636473
6245001,2,0.582833
6250001,1,0.777793
6255001,0,3.86579
6260001,4,0.464738
6265001,1,0.371169
6270001,2,2.8352
6275001,0,1.10877
6280001,0,0.535966
6285001,0,0.831664
6290001,0,0.493155
6295001,3,0.40838
6300001,2,0.160666
6305001,1,0.267193
6310001,1,0.920186
6315001,1,0.661795
6320001,0,0.0828712
6325001,1,4.98328
6330001,1,0.110599
6335001,2,0.63944
6340001,0,0.902435
6345001,0,0.122641
6350001,1,0.138903
6355001,1,0.335305
6360001,0,0.177883
6365001,2,1.94321
6370001,1,0.657195
6375001,0,0.562745
6380001,2,2.3065
6385001,1,0.384962
6390001,1,2.17674
6395001,0,0.548798
6400001,1,0.395291
6405001,0,0.00837606
6410001,0,0.028493
6415001,0,0.356963
6420001,0,0.250664
6425001,1,1.92962
6430001,0,0.508632
6435001,1,2.66392
6440001,1,1.93178
6445001,1,0.51867
6450001,1,0.315151
6455001,2,0.587282
6460001,0,0.594064
6465001,1,1.21933
6470001,2,1.64394
6475001,2,0.515107
6480001,2,2.77945
6485001,0,0.278757
6490001,1,0.428005
6495001,2,0.588668
6500001,1,0.946432
6505001,0,1.18407
6510001,0,0.243434
6515001,1,2.05585
6520001,0,1.49724
6525001,3,3.52839
6530001,0,1.70959
6535001,1,0.715227
6540001,2,3.18975
6545001,0,0.796826
6550001,2,1.32706
6555001,0,0.0753215
6560001,0,0.732495
6565001,3,2.5603
6570001,0,0.406343
6575001,1,2.47172
6580001,2,0.765773
6585001,0,0.618567
6590001,0,0.360685
6595001,0,0.210584
6600001,2,1.89601
6605001,0,0.200516
6610001,0,0.360871
6615001,1,0.760998
6620001,0,0.00635346
6625001,1,1.21127
6630001,1,1.77257
6635001,2,4.14782
6640001,1,2.00667
6645001,0,1.20764
6650001,0,0.140142
6655001,0,2.2482
6660001,0,0.0283886
6665001,0,0.270285
6670001,0,1.13819
6675001,0,1.5256
6680001,0,0.0218659
6685001,0,1.25602
6690001,3,1.66836
6695001,1,0.89886
6700001,0,0.0221777
6705001,2,1.90374
6710001,0,0.645543
6715001,1,1.33386
6720001,0,0.318569
6725001,0,1.14827
6730001,3,2.41487
6735001,0,0.125185
6740001,2,0.0443533
6745001,2,1.21692
6750001,0,0.0387748
6755001,0,0.434665
6760001,0,0.536527
6765001,2,2.29027
6770001,0,0.0532156
6775001,0,0.210697
6780001,0,0.591785
6785001,1,2.27922
6790001,0,1.16182
6795001,1,0.317224
6800001,1,0.128827
6805001,2,0.836413
6810001,1,1.64613
6815001,0,1.4882
6820001,2,0.364014
6825001,3,1.47662
6830001,1,3.91399
6835001,0,0.163152
6840001,2,0.691894
6845001,1,0.544207
6850001,1,1.13321
6855001,3,1.55123
6860001,3,3.33124
6865001,1,1.10214
6870001,0,0.531565
6875001,0,1.81221
6880001,2,1.51986
6885001,0,0.857704
6890001,1,1.01104
6895001,4,2.58857
6900001,1,0.347365
6905001,0,0.416676
6910001,1,2.2129
6915001,1,0.554898
6920001,1,0.706589
6925001,1,0.45517
6930001,1,0.519348
6935001,2,1.5571
6940001,0,0.335074
6945001,0,0.296759
6950001,1,2.01872
6955001,2,2.6721
6960001,1,1.02923
6965001,2,1.49962
6970001,2,2.41552
6975001,1,0.808205
6980001,0,0.0889845
6985001,1,1.19822
6990001,0,0.0612945
6995001,0,0.214994
7000001,1,1.63754
7005001,1,0.917207
7010001,0,0.333493
7015001,0,0.134928
7020001,0,0.535098
7025001,1,0.75001
7030001,0,0.73924
7035001,3,0.899508
7040001,2,1.08708
7045001,0,0.132226
7050001,1,1.02147
7055001,4,1.07766
7060001,2,1.08255
7065001,0,0.0570822
7070001,0,0.192085
7075001,0,0.514856
7080001,0,0.227287
7085001,0,1.17678
7090001,1,0.399783
7095001,0,2.09857
7100001,0,0.0868521
7105001,0,0.137809
7110001,2,0.479179
7115001,1,0.90935
7120001,0,1.32853
7125001,0,0.0603263
7130001,3,1.59313
7135001,1,0.798056
7140001,0,2.1697
7145001,1,1.7699
7150001,2,0.684983
7155001,1,0.57398
7160001,0,0.02653
7165001,2,2.49682
7170001,0,1.4092
7175001,1,1.96221
7180001,3,2.51274
7185001,0,0.297324
7190001,1,1.94703
7195001,0,0.533974
7200001,0,0.0167992
7205001,2,1.62256
7210001,2,4.11762
7215001,1,0.171096
7220001,0,0.212863
7225001,1,1.22971
7230001,2,0.537995
7235001,1,0.323369
7240001,0,0.787985
7245001,0,0.493201
7250001,1,1.3015
7255001,0,0.625921
7260001,1,0.407847
7265001,1,0.982354
7270001,0,1.30547
7275001,1,0.50233
7280001,4,3.65897
7285001,1,0.626341
7290001,2,2.86661
7295001,0,0.893394
7300001,0,0.76966
7305001,0,0.0526184
7310001,5,0.60341
7315001,0,0.765284
7320001,0,0.862025
7325001,3,2.31644
7330001,2,0.528683
7335001,2,1.65756
7340001,0,1.59837
7345001,0,0.610886
7350001,0,0.0764459
7355001,0,0.421843
7360001,3,3.69144
7365001,1,0.291275
7370001,2,1.33167
7375001,1,1.07019
7380001,0,0.417801
7385001,3,0.449202
7390001,1,0.860833
7395001,0,0.451715
7400001,1,0.353931
7405001,1,0.240001
7410001,0,0.187311
7415001,0,0.821173
7420001,2,1.67329
7425001,2,0.236182
7430001,2,0.960875
7435001,0,0.619313
7440001,3,1.6391
7445001,3,2.26536
7450001,0,0.0634039
7455001,0,0.123363
7460001,0,0.429688
7465001,3,2.04857
7470001,1,0.973055
7475001,0,0.174569
7480001,1,0.647875
7485001,1,0.696517
7490001,1,1.10443
7495001,1,1.28326
7500001,2,0.482351
7505001,0,0.654317
7510001,0,0.169867
7515001,0,0.974263
7520001,0,0.721227
7525001,1,2.70481
7530001,1,0.910632
7535001,0,0.102648
7540001,2,1.45177
7545001,0,0.399226
7550001,1,0.799555
7555001,1,0.273268
7560001,0,0.14168
7565001,1,1.6121
7570001,1,1.21415
7575001,0,1.40712
7580001,2,2.90794
7585001,3,0.922828
7590001,0,1.71058
7595001,4,1.17523
7600001,0,0.266857
7605001,2,2.30083
7610001,1,2.3038
7615001,2,1.31796
7620001,1,0.185305
7625001,2,0.659293
7630001,0,0.125575
7635001,1,0.154204
7640001,0,0.0379909
7645001,1,0.493851
7650001,2,1.26187
7655001,1,0.550465
7660001,3,0.465522
7665001,1,2.5317
7670001,0,0.508649
7675001,1,3.04534
7680001,0,0.0250266
7685001,0,0.379219
7690001,2,1.4659
7695001,4,3.0963
7700001,1,1.042
7705001,2,0.155917
7710001,1,0.804781
7715001,2,1.88935
7720001,0,1.79949
7725001,1,0.910026
7730001,2,0.335056
7735001,2,0.933171
7740001,2,0.676175
7745001,2,1.35307
7750001,1,0.863329
7755001,2,1.2542
7760001,1,0.624153
7765001,3,1.9081
7770001,0,3.88337
7775001,0,0.0281439
7780001,0,0.0503441
7785001,3,2.98888
7790001,1,1.34601
7795001,1,1.52179
7800001,0,0.937171
7805001,3,0.405303
7810001,1,0.104963
7815001,1,1.07555
7820001,2,0.520223
7825001,2,2.17364
7830001,1,1.4832
7835001,0,1.31812
7840001,0,1.16553
7845001,2,1.80699
7850001,0,0.0947227
7855001,0,0.548486
7860001,0,0.311541
7865001,4,1.54412
7870001,1,0.687095
7875001,4,0.657264
7880001,0,0.28852
7885001,3,2.66571
7890001,1,3.06251
7895001,2,0.198034
7900001,1,1.42655
7905001,0,0.479677
7910001,0,1.24705
7915001,4,1.93862
7920001,0,0.532232
7925001,5,1.48051
7930001,0,0.0187488
7935001,0,0.0189544
7940001,0,3.08978
7945001,0,0.134549
7950001,0,1.01042
7955001,1,0.478767
7960001,2,0.642053
7965001,0,1.58456
7970001,1,0.369438
7975001,0,0.0240439
7980001,0,0.54388
7985001,1,0.60875
7990001,1,0.110228
7995001,1,0.175906
8000001,1,0.208531
8005001,0,0.0767573
8010001,0,0.0217746
8015001,1,1.27857
8020001,2,0.260253
8025001,3,2.51391
8030001,0,0.187591
8035001,0,1.33263
8040001,0,0.286662
8045001,0,0.22295
8050001,0,0.122881
8055001,0,1.56228
8060001,0,1.15748
8065001,0,1.32482
8070001,0,0.327751
8075001,2,1.95547
8080001,0,0.213206
8085001,2,1.97871
8090001,1,1.52129
8095001,1,2.80338
8100001,0,0.493747
8105001,3,4.01216
8110001,1,2.56848
8115001,2,2.44589
8120001,0,0.378818
8125001,0,0.685628
8130001,0,0.125401
8135001,0,1.9641
8140001,0,0.905901
8145001,0,0.140898
8150001,0,0.0852261
8155001,0,0.56348
8160001,0,0.394762
8165001,0,1.94988
8170001,1,0.212781
8175001,2,1.41273
8180001,1,0.362879
8185001,1,0.0410478
8190001,0,0.212323
8195001,2,1.28174
8200001,3,0.218901
8205001,2,4.00874
8210001,0,0.743005
8215001,0,0.00596764
8220001,0,0.14188
8225001,0,0.201505
8230001,3,1.74101
8235001,0,0.938427
8240001,2,0.304148
8245001,2,0.48422
8250001,0,0.1888
8255001,1,0.316071
8260001,2,1.35843
8265001,3,4.266
8270001,3,0.893412
8275001,1,0.388917
8280001,0,0.781297
8285001,1,0.298145
8290001,0,0.0901902
8295001,0,0.528357
8300001,2,0.514709
8305001,1,0.461286
8310001,1,0.763552
8315001,0,0.0784861
8320001,0,0.59777
8325001,0,0.395388
8330001,1,2.50487
8335001,0,0.0766784
8340001,1,0.891993
8345001,1,1.97098
8350001,0,0.643873
8355001,1,1.07733
8360001,0,0.426132
8365001,1,1.2671
8370001,1,3.56104
8375001,1,4.0242
8380001,1,0.574009
8385001,1,1.45988
8390001,1,0.789536
8395001,2,1.77723
8400001,0,0.0122947
8405001,2,0.627453
8410001,0,0.839648
8415001,0,3.34227
8420001,1,2.84665
8425001,0,0.046853
8430001,0,0.221993
8435001,1,2.16862
8440001,2,1.72618
8445001,1,0.816705
8450001,1,1.0491
8455001,0,0.495078
8460001,0,0.532157
8465001,0,1.11673
8470001,0,0.534077
8475001,2,1.25755
8480001,2,1.38902
8485001,0,0.156397
8490001,0,2.60397
8495001,0,1.15561
8500001,0,0.120339
8505001,0,0.811911
8510001,2,1.2323
8515001,1,0.770026
8520001,1,1.04384
8525001,0,0.212206
8530001,0,1.76667
8535001,4,1.24515
8540001,0,0.0101503
8545001,1,0.284098
8550001,1,0.202425
8555001,1,1.12018
8560001,4,2.07725
8565001,4,3.5801
8570001,1,1.7004
8575001,0,0.72019
8580001,0,0.526123
8585001,3,1.20881
8590001,1,1.17794
8595001,1,1.82366
8600001,0,0.28021
8605001,1,0.858764
8610001,1,1.33985
8615001,2,0.894773
8620001,0,0.311832
8625001,0,1.86321
8630001,1,0.667728
8635001,2,1.13169
8640001,1,0.527997
8645001,2,2.09998
8650001,1,0.447157
8655001,1,0.606282
8660001,2,1.14448
8665001,0,0.164213
8670001,1,1.90133
8675001,1,0.40755
8680001,1,0.958608
8685001,2,0.297415
8690001,0,0.498695
8695001,0,0.0194575
8700001,4,0.586537
8705001,0,0.0110697
8710001,0,0.0239778
8715001,2,2.00258
8720001,3,2.32816
8725001,0,2.038
8730001,0,1.71339
8735001,0,0.370676
8740001,3,1.14767
8745001,0,0.381053
8750001,0,0.0936414
8755001,1,0.512328
8760001,0,0.319471
8765001,0,0.899686
8770001,3,2.79417
8775001,3,0.240004
8780001,1,0.306511
8785001,1,1.07138
8790001,2,1.34021
8795001,0,0.822483
8800001,1,0.336295
8805001,0,0.231882
8810001,0,0.309816
8815001,0,0.037368
8820001,2,1.48493
8825001,3,3.68985
8830001,1,0.425875
8835001,5,1.71905
8840001,3,2.50521
8845001,3,1.01429
8850001,2,0.757616
8855001,2,0.178918
8860001,0,0.501517
8865001,1,0.178929
8870001,0,0.198806
8875001,0,0.247562
8880001,0,2.20734
8885001,1,0.77131
8890001,2,2.65174
8895001,4,0.702531
8900001,0,0.447129
8905001,0,1.21653
8910001,1,1.58261
8915001,0,1.26876
8920001,3,4.88739
8925001,0,0.172464
8930001,0,0.140466
8935001,1,0.277762
8940001,1,0.601645
8945001,2,0.586461
8950001,2,0.341689
8955001,0,0.673561
8960001,0,0.0405134
8965001,0,0.123201
8970001,2,0.318132
8975001,1,0.938614
8980001,0,0.0882915
8985001,1,1.926
8990001,1,0.339417
8995001,0,0.0623984
9000001,0,1.53111
9005001,1,0.0620036
9010001,0,0.851082
9015001,0,0.327115
9020001,4,3.16539
9025001,0,0.0759197
9030001,0,0.164827
9035001,0,0.12176
9040001,1,0.81916
9045001,0,0.0541866
9050001,0,0.156607
9055001,0,0.284174
9060001,3,0.789001
9065001,0,0.263792
9070001,0,0.176221
9075001,2,1.42249
9080001,4,1.61381
9085001,0,0.0927999
9090001,0,0.030115
9095001,1,1.67125
9100001,0,0.308105
9105001,0,0.299741
9110001,1,0.0983818
9115001,1,0.924795
9120001,1,0.204131
9125001,0,2.0926
9130001,1,0.152606
9135001,3,0.358515
9140001,3,1.82935
9145001,6,1.87408
9150001,2,0.396567
9155001,0,0.319017
9160001,0,1.22059
9165001,4,0.60721
9170001,0,0.147771
9175001,0,0.562702
9180001,2,0.772979
9185001,1,1.15254
9190001,2,0.780066
9195001,0,0.864038
9200001,0,0.467002
9205001,0,0.0605801
9210001,3,0.0443776
9215001,0,1.33754
9220001,4,2.45114
9225001,1,1.43683
9230001,0,0.0144799
9235001,2,0.292583
9240001,1,0.566782
9245001,1,0.663668
9250001,1,2.39907
9255001,0,0.687882
9260001,0,1.88689
9265001,0,0.322065
9270001,0,0.151791
9275001,0,0.337415
9280001,0,0.0588735
9285001,1,0.150901
9290001,1,0.444286
9295001,1,0.205541
9300001,1,0.273706
9305001,0,0.36727
9310001,0,0.613531
9315001,0,0.0174246
9320001,2,0.226075
9325001,5,0.864617
9330001,0,1.10445
9335001,1,0.899879
9340001,1,0.931328
9345001,0,0.0476322
9350001,2,0.126279
9355001,3,2.5668
9360001,0,0.0473363
9365001,2,0.310614
9370001,1,0.0723514
9375001,0,1.17812
9380001,0,0.03015
9385001,4,0.38569
9390001,0,0.0549992
9395001,2,0.803188
9400001,0,0.182276
9405001,2,0.406497
9410001,2,1.11993
9415001,0,0.0896146
9420001,0,0.122182
9425001,1,0.608023
9430001,0,0.3416
9435001,2,2.80928
9440001,1,2.84286
9445001,1,0.193771
9450001,0,0.281947
9455001,0,0.525892
9460001,1,0.334417
9465001,1,0.546629
9470001,0,0.490054
9475001,0,0.330611
9480001,1,0.139534
9485001,1,0.727385
9490001,3,4.11926
9495001,5,4.20807
9500001,0,1.44393
9505001,0,0.0868538
9510001,0,0.352557
9515001,1,0.518894
9520001,1,2.91345
9525001,0,0.123988
9530001,4,1.76672
9535001,0,0.451627
9540001,2,2.93356
9545001,1,1.13688
9550001,0,0.943469
9555001,0,0.00478035
9560001,0,0.569223
9565001,2,0.335319
9570001,1,1.36183
9575001,2,0.911888
9580001,2,0.619198
9585001,0,0.468844
9590001,3,1.10156
9595001,1,0.925693
9600001,2,0.110039
9605001,0,2.13225
9610001,1,1.93974
9615001,0,0.385452
9620001,1,0.709154
9625001,3,0.830192
9630001,2,2.55981
9635001,1,0.129384
9640001,0,0.213638
9645001,0,0.364485
9650001,1,1.14142
9655001,0,2.00976
9660001,1,0.629305
9665001,0,0.125552
9670001,1,1.02607
9675001,0,0.725051
9680001,1,0.781477
9685001,0,0.346417
9690001,2,1.61814
9695001,1,0.652645
9700001,0,1.23971
9705001,2,0.570439
9710001,0,1.00437
9715001,0,0.597044
9720001,0,1.78398
9725001,0,0.233063
9730001,0,0.712247
9735001,0,0.0849775
9740001,2,0.638206
9745001,2,2.80415
9750001,0,0.826622
9755001,3,1.97227
9760001,1,1.05259
9765001,1,0.899405
9770001,0,0.792536
9775001,0,1.38133
9780001,1,1.88882
9785001,2,1.11891
9790001,2,0.91102
9795001,1,1.37791
9800001,4,4.52798
9805001,1,0.337537
9810001,0,0.576991
9815001,0,0.268453
9820001,0,1.70903
9825001,1,0.956408
9830001,0,0.374333
9835001,2,0.471589
9840001,1,2.91347
9845001,2,1.07592
9850001,0,0.10206
9855001,1,0.447695
9860001,0,0.690115
9865001,1,1.2112
9870001,0,0.38057
9875001,0,0.493694
9880001,2,5.37256
9885001,2,0.629562
9890001,0,0.16423
9895001,0,0.688746
9900001,0,0.124506
9905001,0,0.0511228
9910001,3,0.0960542
9915001,0,2.33189
9920001,0,0.242863
9925001,1,1.08695
9930001,0,0.168075
9935001,0,0.941312
9940001,3,3.58987
9945001,0,0.217633
9950001,0,0.130894
9955001,0,0.0349308
9960001,0,0.000978701
9965001,0,1.00416
9970001,0,1.16091
9975001,2,2.17033
9980001,0,1.02493
9985001,2,0.542481
9990001,4,2.53901
9995001,2,1.61622
