generation,N_shifts,logPrior,logLik,eventRate,acceptRate
1,0,-621.752,-305478,2.41094,1
5001,20,187.133,-8644.39,0.592523,0.424
10001,25,277.189,-8351.61,1.73887,0.386
15001,28,332.404,-8176.24,0.141344,0.366
20001,31,392.651,-7978.74,0.879542,0.372
25001,22,229.603,-7608.57,0.177102,0.418
30001,10,8.06007,-7569.72,2.18224,0.324
35001,9,-8.54712,-7548.45,0.610028,0.338
40001,3,52.7995,-7545.69,4.53538,0.289
45001,2,43.8572,-7547.23,0.0100672,0.346
50001,2,38.5885,-7543.22,1.84912,0.298
55001,1,22.5038,-7542.04,0.0911378,0.187
60001,3,59.1417,-7538.69,0.368845,0.268
65001,1,21.5088,-7536.9,0.384854,0.143
70001,1,22.1367,-7537.73,0.105923,0.152
75001,1,19.1502,-7535.23,2.77789,0.183
80001,1,20.4607,-7537.07,0.447725,0.179
85001,1,20.3559,-7535.8,1.04519,0.207
90001,1,21.5718,-7537.41,1.28132,0.279
95001,2,41.3427,-7536.66,0.150977,0.289
100001,1,21.1217,-7535.66,0.699401,0.137
105001,2,39.718,-7534.09,2.16755,0.147
110001,1,21.7346,-7532.84,0.0834169,0.391
115001,2,41.5707,-7532.6,0.40859,0.312
120001,1,21.1183,-7535.55,0.417823,0.15
125001,2,38.1713,-7535.1,0.129786,0.362
130001,2,41.1073,-7533.1,0.907369,0.227
135001,1,22.2693,-7533.95,0.0944547,0.179
140001,1,21.8092,-7535.18,0.142379,0.211
145001,1,21.9779,-7535.37,0.13693,0.152
150001,1,18.7887,-7535.5,1.82881,0.148
155001,1,21.4543,-7532.93,0.805217,0.173
160001,1,21.0809,-7533.14,1.05847,0.281
165001,1,20.6319,-7533.11,1.07982,0.236
170001,3,57.3262,-7532.93,1.34712,0.336
175001,1,22.2212,-7536.14,0.102672,0.165
180001,1,22.014,-7535.97,0.400831,0.228
185001,1,20.3905,-7535.37,1.5837,0.146
190001,1,21.0987,-7535.02,1.6746,0.189
195001,1,20.727,-7535.22,1.74143,0.234
200001,1,21.6506,-7533.42,0.303283,0.161
205001,3,59.6023,-7530.71,0.429252,0.32
210001,1,22.2161,-7544.05,0.820721,0.202
215001,1,23.2226,-7539.23,0.0671737,0.153
220001,1,21.0121,-7532.91,0.537047,0.151
225001,1,21.455,-7533.36,0.166996,0.185
230001,1,21.3238,-7533.39,0.326227,0.186
235001,2,41.0884,-7540.78,0.237617,0.367
240001,2,38.878,-7531.92,0.262691,0.187
245001,1,21.3664,-7533.76,0.037434,0.149
250001,1,17.9646,-7532.69,3.97867,0.226
255001,2,36.673,-7531.67,2.4178,0.293
260001,1,20.5025,-7533.31,1.18671,0.221
265001,2,37.9789,-7530.62,0.9,0.308
270001,1,21.9891,-7534.82,0.320477,0.167
275001,2,39.4477,-7534.6,1.38476,0.244
280001,1,21.6265,-7535.17,0.574477,0.183
285001,2,36.8132,-7534.22,0.818918,0.228
290001,1,18.9112,-7539.24,1.90255,0.156
295001,1,22.1739,-7533.67,0.0160975,0.19
300001,1,21.4955,-7535.03,0.898143,0.181
305001,1,18.7936,-7536.88,2.36752,0.219
310001,2,40.0785,-7536.17,0.64107,0.174
315001,2,39.9062,-7534.13,0.30577,0.319
320001,2,39.7187,-7533.94,0.577543,0.241
325001,1,21.3086,-7533.91,0.600197,0.169
330001,1,20.3573,-7534.03,0.842771,0.272
335001,2,40.2298,-7532.19,1.06762,0.205
340001,1,20.3323,-7534.52,1.36505,0.345
345001,2,39.1122,-7535.69,1.56391,0.189
350001,2,37.4585,-7535.25,2.67921,0.169
355001,1,20.9359,-7533.99,0.479899,0.262
360001,1,21.9653,-7533.59,0.493828,0.225
365001,1,20.5088,-7536.42,0.637147,0.19
370001,1,20.1007,-7538.25,0.627969,0.183
375001,1,21.8932,-7535.04,0.917135,0.289
380001,3,57.897,-7533.69,1.40494,0.199
385001,2,38.6248,-7533.4,2.91323,0.194
390001,1,21.932,-7533.96,0.323068,0.302
395001,1,22.1747,-7533.44,0.215987,0.292
400001,1,21.4578,-7533.46,0.453309,0.181
405001,2,38.0354,-7538.76,3.50862,0.201
410001,1,21.3355,-7533.24,0.35052,0.27
415001,1,21.1066,-7534.01,1.00155,0.187
420001,1,21.5881,-7533.11,0.366533,0.19
425001,1,20.5682,-7534.75,1.74248,0.159
430001,1,20.2022,-7533.55,1.80906,0.215
435001,2,38.7087,-7533.01,1.09154,0.267
440001,2,38.6262,-7532.91,0.341116,0.193
445001,3,55.3954,-7532.15,1.28947,0.192
450001,1,20.2925,-7534.92,0.521188,0.268
455001,3,58.7236,-7533.77,0.000224561,0.247
460001,1,20.9593,-7534.4,0.655768,0.225
465001,2,36.5683,-7538.48,3.4033,0.196
470001,1,21.4185,-7534.04,0.936112,0.223
475001,1,21.6432,-7533.41,0.309123,0.186
480001,4,74.4075,-7530.63,0.948662,0.354
485001,1,21.2865,-7535.26,1.44765,0.26
490001,1,21.7019,-7532.91,0.386392,0.28
495001,1,22.5126,-7535.71,0.378853,0.2
500001,1,21.1941,-7534.11,0.83073,0.146
505001,1,21.1221,-7534.15,0.507997,0.29
510001,1,19.4032,-7538.13,0.990637,0.189
515001,1,20.4822,-7534.53,0.639402,0.173
520001,1,21.7557,-7534.31,0.205379,0.201
525001,1,20.0428,-7533.51,1.25694,0.29
530001,1,20.8843,-7538.29,0.963746,0.181
535001,1,20.8954,-7535.26,1.39293,0.228
540001,2,37.9635,-7535.35,0.214177,0.284
545001,1,20.8937,-7534.14,0.580399,0.26
550001,1,19.9484,-7533.33,1.38525,0.202
555001,1,20.5979,-7533.49,1.8504,0.129
560001,1,20.7762,-7533.74,0.111141,0.145
565001,1,19.0849,-7534.31,2.9289,0.169
570001,1,21.6294,-7534.36,0.151591,0.211
575001,2,40.0602,-7532.7,0.390761,0.278
580001,2,38.3095,-7532.67,0.436991,0.25
585001,2,39.2632,-7533.66,2.03662,0.245
590001,2,37.0021,-7536.99,3.78805,0.259
595001,2,31.7995,-7533.83,2.47528,0.166
600001,2,36.6849,-7535.65,0.98869,0.283
605001,1,22.0235,-7535.39,0.678141,0.146
610001,2,39.7009,-7534.17,1.0208,0.19
615001,2,38.5118,-7534.96,3.00572,0.195
620001,1,21.1125,-7533.77,0.632072,0.173
625001,1,22.4139,-7536.62,0.209445,0.166
630001,1,22.1411,-7534.02,0.135033,0.13
635001,1,22.0234,-7537.62,0.697242,0.201
640001,1,20.0372,-7533.55,1.87331,0.261
645001,1,21.3161,-7534.01,0.571162,0.216
650001,1,21.3742,-7533.33,0.596903,0.178
655001,1,19.8935,-7532.75,2.10995,0.246
660001,2,38.5187,-7531.36,1.09792,0.335
665001,1,21.1245,-7533.1,0.74793,0.178
670001,1,22.2197,-7533.87,0.365271,0.204
675001,2,39.91,-7536.13,0.255317,0.25
680001,1,20.3111,-7537.5,2.73565,0.214
685001,1,17.5179,-7534.14,3.26123,0.196
690001,1,20.6393,-7533.37,0.418745,0.174
695001,2,41.8196,-7536.86,0.139047,0.234
700001,2,41.0493,-7533.78,0.228565,0.25
705001,1,21.4181,-7534.05,0.189041,0.281
710001,2,34.8136,-7536.13,0.943292,0.232
715001,2,40.3884,-7537.31,0.340987,0.16
720001,1,20.7744,-7535.73,0.503572,0.182
725001,2,38.9067,-7533.33,1.95338,0.194
730001,1,21.6708,-7535.61,0.193003,0.205
735001,2,41.1414,-7534.17,0.0565727,0.421
740001,1,20.0213,-7535.14,1.41567,0.151
745001,4,76.4604,-7532.65,0.609046,0.424
750001,2,41.6425,-7535.54,0.142369,0.24
755001,1,19.082,-7534.49,2.62595,0.171
760001,1,19.8284,-7535.11,1.14798,0.163
765001,1,20.7354,-7535.5,0.111955,0.136
770001,1,21.0942,-7536.41,0.115518,0.26
775001,2,41.1469,-7538.66,0.92784,0.154
780001,1,21.9349,-7540.52,1.06634,0.185
785001,2,41.7539,-7535.96,0.41405,0.266
790001,1,18.7108,-7539.74,0.610335,0.242
795001,1,21.615,-7534.93,0.725538,0.182
800001,1,21.4274,-7534.95,0.507509,0.218
805001,2,40.3295,-7534.18,0.698098,0.288
810001,3,55.1362,-7534.6,0.354242,0.397
815001,1,19.7107,-7537.79,2.81629,0.164
820001,1,21.0261,-7532.79,0.262429,0.21
825001,1,20.255,-7533.14,1.2837,0.187
830001,3,56.7672,-7533.63,1.47508,0.325
835001,1,21.6013,-7533.08,0.0496675,0.229
840001,1,21.26,-7532.49,0.218444,0.187
845001,1,21.9279,-7533.92,0.0682445,0.209
850001,1,20.6429,-7533.17,1.23901,0.2
855001,2,39.5703,-7532.55,1.23541,0.159
860001,1,21.7412,-7540.94,0.0340107,0.171
865001,3,58.6262,-7531.48,0.437863,0.224
870001,1,20.6467,-7535.24,0.927657,0.148
875001,2,39.7766,-7532.57,1.40661,0.323
880001,2,41.3676,-7533.62,0.561771,0.297
885001,1,20.9845,-7537.51,0.300375,0.187
890001,1,21.9176,-7533.24,0.0844326,0.185
895001,1,21.0426,-7533.14,0.294416,0.181
900001,2,36.8217,-7536.15,0.628141,0.309
905001,1,21.1324,-7534.31,1.1976,0.259
910001,1,20.0831,-7535.93,0.79977,0.249
915001,1,21.3629,-7534.6,1.18681,0.249
920001,1,21.214,-7534.76,0.0713467,0.233
925001,1,20.6257,-7536.32,0.525168,0.144
930001,3,59.8416,-7531.79,0.206164,0.25
935001,1,20.7453,-7534.5,0.0511635,0.22
940001,1,18.8962,-7532.85,2.79631,0.176
945001,1,21.4016,-7532.96,0.238582,0.249
950001,1,16.988,-7532.82,4.25904,0.188
955001,3,58.2277,-7531.19,0.260938,0.342
960001,2,41.0717,-7533.73,0.111461,0.282
965001,1,20.6224,-7534.69,0.227595,0.172
970001,1,18.7616,-7534.79,2.4021,0.213
975001,1,22.4117,-7534.57,0.154272,0.218
980001,1,20.73,-7534.08,0.902415,0.217
985001,1,20.6465,-7536.12,1.46539,0.263
990001,1,21.9574,-7534.4,0.0516803,0.158
995001,1,20.4994,-7534.57,1.78568,0.211
1000001,2,37.1041,-7532.23,1.66072,0.328
1005001,1,21.9225,-7536.54,0.278152,0.196
1010001,2,40.5057,-7532.6,0.0416233,0.199
1015001,1,20.7972,-7535.18,0.301878,0.219
1020001,1,22.1312,-7534.39,0.145471,0.168
1025001,1,20.8238,-7534.41,1.44191,0.355
1030001,2,37.3228,-7532.31,0.865841,0.179
1035001,1,20.7768,-7533.36,0.84182,0.177
1040001,4,72.6442,-7539.72,0.851679,0.261
1045001,1,21.1389,-7534.48,0.655569,0.196
1050001,1,19.9732,-7533.24,1.73052,0.15
1055001,2,39.371,-7538.06,0.352661,0.251
1060001,2,39.6387,-7535.45,0.742142,0.214
1065001,2,35.9202,-7530.53,4.17379,0.321
1070001,2,40.0837,-7536.67,1.14731,0.291
1075001,2,36.7739,-7536.5,0.154616,0.263
1080001,1,20.7003,-7533.4,0.271222,0.242
1085001,1,19.2213,-7533.36,1.71263,0.224
1090001,1,21.1115,-7534.19,0.93625,0.264
1095001,3,55.7767,-7531.65,0.190789,0.298
1100001,1,20.0022,-7533.08,1.17718,0.168
1105001,1,18.5955,-7533.46,2.77952,0.341
1110001,1,20.3604,-7533.64,1.46847,0.164
1115001,1,19.6788,-7535.72,0.577617,0.269
1120001,1,21.2737,-7533.19,0.548935,0.248
1125001,1,21.7619,-7533.13,0.0157904,0.178
1130001,4,78.4457,-7534.9,0.399835,0.245
1135001,1,21.3161,-7534.73,0.764366,0.186
1140001,1,21.1603,-7537.43,0.33999,0.225
1145001,3,57.5602,-7535.98,0.00519549,0.217
1150001,2,38.5968,-7532.84,1.73732,0.205
1155001,1,20.7627,-7533.51,0.40651,0.309
1160001,1,21.4606,-7533.93,0.219685,0.143
1165001,1,21.3333,-7533.92,0.765959,0.197
1170001,2,37.2694,-7535.46,1.09912,0.241
1175001,1,21.0196,-7533.28,0.651324,0.157
1180001,2,37.4489,-7533.64,2.18612,0.288
1185001,1,21.7858,-7534.28,0.143361,0.228
1190001,1,20.8256,-7533.84,1.32437,0.2
1195001,1,19.1964,-7533.69,2.38826,0.141
1200001,1,21.0251,-7532.64,0.957811,0.225
1205001,1,19.4557,-7535.1,0.814189,0.133
1210001,3,57.5662,-7532.41,0.273409,0.196
1215001,2,41.0083,-7531.87,0.43735,0.187
1220001,1,21.4225,-7531.26,0.112887,0.293
1225001,1,20.9788,-7531.9,0.184042,0.172
1230001,2,36.1366,-7535.73,1.11305,0.255
1235001,1,20.3663,-7531.37,0.551691,0.309
1240001,3,55.7624,-7532.72,1.9424,0.334
1245001,1,21.5931,-7532.71,0.55926,0.181
1250001,1,20.1116,-7532.62,1.25422,0.176
1255001,1,21.3586,-7531.65,0.11349,0.216
1260001,1,20.2438,-7531.5,0.743625,0.139
1265001,1,20.3634,-7531.75,0.300432,0.163
1270001,1,20.3501,-7531.8,0.538078,0.243
1275001,2,39.6949,-7532.39,1.11753,0.179
1280001,1,20.7675,-7533.66,1.61456,0.148
1285001,1,21.7028,-7532.23,0.113455,0.238
1290001,2,39.5467,-7531.22,0.900518,0.253
1295001,1,18.9241,-7532.37,2.7019,0.256
1300001,2,39.2382,-7531.87,0.284979,0.239
1305001,1,20.1692,-7531.3,0.786245,0.148
1310001,1,20.6693,-7532.37,0.951269,0.217
1315001,1,20.341,-7533.18,1.90922,0.297
1320001,2,38.821,-7530.7,1.7463,0.282
1325001,1,19.4799,-7533.91,0.653741,0.169
1330001,1,19.5715,-7531.81,1.15416,0.234
1335001,1,19.1601,-7532.74,2.66851,0.155
1340001,3,56.4015,-7539.7,2.32511,0.45
1345001,4,78.9076,-7531.23,1.26733,0.261
1350001,1,21.5258,-7532.51,0.278773,0.168
1355001,1,19.2388,-7532.22,1.27553,0.175
1360001,3,57.1829,-7528.77,0.653787,0.241
1365001,3,59.2587,-7533.54,1.05436,0.347
1370001,4,73.2559,-7530.58,3.90827,0.272
1375001,1,19.9036,-7532.99,0.86535,0.219
1380001,2,37.3089,-7532.37,1.57793,0.211
1385001,1,19.8542,-7531.83,1.49971,0.268
1390001,1,21.1988,-7533.7,0.863264,0.168
1395001,1,18.6285,-7531.61,1.72465,0.183
1400001,2,40.3156,-7530.98,0.629385,0.177
1405001,2,40.1446,-7531.55,0.0606198,0.265
1410001,2,41.3826,-7531.68,0.0385916,0.307
1415001,1,22.1179,-7533.33,0.18705,0.133
1420001,2,39.8715,-7532.68,0.141535,0.357
1425001,2,38.2299,-7532.37,0.250773,0.18
1430001,2,38.7252,-7533.15,0.200076,0.22
1435001,1,20.2432,-7532.06,0.637997,0.202
1440001,3,55.0284,-7532.14,0.32694,0.35
1445001,2,41.2639,-7532.85,0.146017,0.261
1450001,2,38.73,-7533.02,0.0414831,0.185
1455001,1,21.419,-7532.11,0.126274,0.176
1460001,2,38.4971,-7533.58,1.99834,0.267
1465001,2,37.5632,-7533.49,0.0970943,0.177
1470001,3,57.7199,-7532.82,0.709663,0.3
1475001,1,19.9569,-7535.01,0.713621,0.268
1480001,1,20.977,-7531.65,0.142056,0.164
1485001,2,39.0326,-7532.07,0.49863,0.242
1490001,1,20.347,-7531.92,1.32977,0.169
1495001,3,57.1165,-7531.54,0.855522,0.278
1500001,2,40.8118,-7534.25,0.16015,0.275
1505001,4,79.3806,-7530.43,0.237661,0.388
1510001,4,66.6575,-7531.52,8.73989,0.2
1515001,3,56.3151,-7533.13,2.70503,0.198
1520001,2,39.5633,-7532.57,0.0420678,0.266
1525001,2,38.5815,-7531.28,1.11082,0.202
1530001,1,18.1279,-7531.96,3.05797,0.195
1535001,1,18.9032,-7531.96,2.19317,0.153
1540001,1,18.2804,-7533.44,2.05615,0.275
1545001,2,38.5267,-7530.92,0.593103,0.204
1550001,1,21.2039,-7532.03,0.242873,0.281
1555001,1,21.2522,-7535.29,0.0572974,0.156
1560001,1,20.0095,-7536.44,2.15075,0.158
1565001,1,21.8278,-7532.66,0.0473773,0.176
1570001,2,38.5479,-7533.6,0.34418,0.161
1575001,2,39.0948,-7533.45,0.894682,0.373
1580001,1,21.9859,-7532.59,0.00466505,0.14
1585001,3,58.0081,-7532.72,0.265984,0.291
1590001,1,20.4489,-7532.21,1.07862,0.214
1595001,1,21.2636,-7533.4,0.664887,0.148
1600001,1,21.0646,-7534.4,0.347031,0.268
1605001,2,39.2843,-7535.55,2.80683,0.237
1610001,1,20.9687,-7533.59,0.0470157,0.307
1615001,2,33.641,-7534.55,4.08992,0.287
1620001,2,40.5668,-7532.9,0.134717,0.162
1625001,2,38.4991,-7531.84,0.660351,0.349
1630001,1,20.7803,-7533.17,1.1451,0.158
1635001,1,19.808,-7533.27,2.08233,0.215
1640001,1,21.3585,-7534.01,1.00732,0.251
1645001,1,20.6394,-7532.21,0.477047,0.24
1650001,1,20.5572,-7532.32,0.854793,0.239
1655001,1,12.8826,-7535.01,7.07724,0.167
1660001,1,18.37,-7537.01,1.36529,0.164
1665001,2,38.4985,-7533.8,0.394525,0.278
1670001,2,38.5722,-7540.77,2.44838,0.231
1675001,2,39.7515,-7537.04,1.45129,0.208
1680001,1,21.1926,-7534.92,0.604874,0.149
1685001,1,21.5297,-7534.01,0.262339,0.182
1690001,1,21.2636,-7533.79,0.390397,0.164
1695001,2,40.1853,-7536.61,0.953647,0.274
1700001,2,41.6763,-7534.67,0.216894,0.275
1705001,1,20.13,-7535.69,2.20885,0.149
1710001,1,22.3203,-7537.01,0.189631,0.144
1715001,2,38.3607,-7532.3,0.528739,0.2
1720001,1,21.444,-7533.39,0.0533436,0.177
1725001,1,20.4068,-7532.84,1.43548,0.162
1730001,1,20.3634,-7537.34,0.722948,0.177
1735001,2,39.2417,-7536.17,0.793468,0.238
1740001,2,34.614,-7536.99,6.64986,0.236
1745001,2,39.8038,-7534.52,0.241396,0.171
1750001,3,56.776,-7533.73,3.08772,0.206
1755001,1,20.8217,-7532.28,0.484655,0.309
1760001,1,17.9026,-7532.68,2.92567,0.183
1765001,1,20.3803,-7532.52,1.43454,0.202
1770001,1,14.8567,-7533.46,7.2688,0.203
1775001,1,21.7051,-7533.9,0.509603,0.217
1780001,2,39.668,-7533.96,0.0736771,0.281
1785001,2,40.5092,-7530.96,0.170992,0.187
1790001,1,21.6815,-7539.06,0.366138,0.155
1795001,1,21.502,-7535.85,0.251293,0.154
1800001,1,22.5182,-7539.04,0.583201,0.202
1805001,3,58.6486,-7535.75,0.553621,0.291
1810001,1,21.7341,-7536.59,0.527527,0.218
1815001,1,22.2179,-7534.43,0.0356134,0.242
1820001,2,39.7103,-7533.39,0.163152,0.173
1825001,1,20.2408,-7532.52,1.05424,0.125
1830001,1,21.1074,-7535.88,0.513637,0.237
1835001,2,40.0471,-7533.38,0.173683,0.198
1840001,1,20.0849,-7532.03,1.1808,0.156
1845001,1,20.2255,-7531.85,0.582463,0.148
1850001,1,21.5019,-7532.83,0.00165476,0.164
1855001,1,21.988,-7533.81,0.0928465,0.132
1860001,1,20.0247,-7532.55,1.87531,0.148
1865001,3,58.3198,-7530.34,0.260506,0.375
1870001,1,20.3617,-7535.46,0.898239,0.151
1875001,2,39.788,-7531.99,0.936319,0.274
1880001,2,39.7752,-7538.57,0.71984,0.331
1885001,1,20.5275,-7533.44,0.992435,0.221
1890001,1,19.4133,-7535.1,2.02418,0.308
1895001,1,21.7598,-7531.95,0.0179715,0.212
1900001,1,20.5471,-7532.38,1.36513,0.262
1905001,2,39.6548,-7534.83,1.63969,0.178
1910001,1,18.742,-7533.7,0.8703,0.218
1915001,1,19.2886,-7534.39,0.652119,0.157
1920001,1,16.2713,-7531.83,4.49234,0.195
1925001,2,36.1626,-7532.14,0.302581,0.205
1930001,3,56.4535,-7531.09,0.77816,0.359
1935001,2,39.1256,-7531.68,0.411567,0.281
1940001,1,21.7378,-7534.22,0.115046,0.229
1945001,2,40.3943,-7532.72,0.845095,0.208
1950001,2,37.5996,-7533.44,1.12796,0.187
1955001,3,57.9906,-7535.7,1.08205,0.227
1960001,1,20.2756,-7533.22,0.275772,0.276
1965001,1,19.4269,-7533.09,2.08802,0.201
1970001,2,39.0664,-7533.46,0.444527,0.232
1975001,3,57.281,-7533.56,0.346556,0.346
1980001,2,39.9505,-7532.47,0.0702459,0.309
1985001,1,20.7784,-7535.46,0.444427,0.192
1990001,1,20.5614,-7536.98,0.667615,0.217
1995001,2,39.1732,-7538.25,1.5377,0.195
2000001,2,38.5158,-7532.9,1.21775,0.28
2005001,1,19.7279,-7531.46,1.47049,0.204
2010001,1,22.0428,-7536.69,0.159868,0.187
2015001,3,53.9416,-7532.94,2.18826,0.243
2020001,1,19.4295,-7531,1.98111,0.241
2025001,1,21.2938,-7532.58,0.576989,0.208
2030001,1,19.4433,-7533.08,2.63497,0.155
2035001,2,39.3035,-7531.58,0.124809,0.224
2040001,1,19.1345,-7532.02,2.26683,0.158
2045001,1,20.9204,-7533.25,1.09537,0.224
2050001,1,20.7975,-7531.09,0.201704,0.21
2055001,1,21.4339,-7532.8,0.618796,0.178
2060001,1,19.7742,-7533.16,1.60558,0.299
2065001,1,19.4845,-7532.64,2.62882,0.174
2070001,2,40.372,-7533.13,1.24323,0.318
2075001,2,41.2586,-7534.45,0.44138,0.23
2080001,2,40.3212,-7533.69,0.569178,0.156
2085001,3,58.7256,-7533.25,0.585232,0.229
2090001,1,21.571,-7532.9,0.658677,0.149
2095001,3,54.7039,-7531.72,1.18892,0.271
2100001,2,39.5161,-7533.3,1.11778,0.271
2105001,2,40.1428,-7532.25,0.0527612,0.254
2110001,3,58.4899,-7527.98,0.33347,0.35
2115001,2,39.3069,-7532.14,0.0768092,0.293
2120001,3,59.7754,-7530.01,0.0814111,0.294
2125001,1,20.775,-7533.61,1.32821,0.218
2130001,1,19.3409,-7531.57,1.94373,0.178
2135001,1,20.8894,-7532.5,0.634301,0.186
2140001,1,19.4177,-7532.51,1.79534,0.201
2145001,1,19.2385,-7531.61,1.93655,0.156
2150001,4,77.4701,-7533.22,1.20885,0.303
2155001,1,20.5643,-7533.85,0.765198,0.17
2160001,3,58.1034,-7529.47,3.01797,0.389
2165001,1,21.3742,-7531.22,0.0696311,0.18
2170001,2,39.1571,-7532.6,0.284983,0.234
2175001,1,17.6328,-7531.56,3.93028,0.154
2180001,4,72.3202,-7530.69,1.55778,0.385
2185001,2,38.3763,-7531.59,1.53257,0.189
2190001,2,38.916,-7536.07,0.0880017,0.303
2195001,1,20.3345,-7533.8,0.0441181,0.17
2200001,1,18.547,-7533.66,1.52357,0.163
2205001,1,19.9444,-7532.49,0.803828,0.242
2210001,1,21.0329,-7532.64,1.04083,0.157
2215001,2,38.3188,-7531.45,0.093653,0.197
2220001,2,37.1839,-7532.39,0.870002,0.215
2225001,2,38.5151,-7530.53,1.14653,0.293
2230001,1,18.6743,-7532.76,2.50802,0.137
2235001,1,18.4034,-7534.59,1.48639,0.295
2240001,1,21.7446,-7532.84,0.246526,0.147
2245001,2,39.6765,-7527.11,0.15181,0.179
2250001,2,38.5119,-7530.45,0.102977,0.282
2255001,1,21.9508,-7533.13,0.0919602,0.161
2260001,1,20.7844,-7532.47,0.212668,0.234
2265001,2,39.0862,-7531.35,1.00825,0.148
2270001,1,21.1411,-7532,0.79552,0.18
2275001,1,21.5028,-7532.69,0.0102288,0.228
2280001,1,20.9437,-7536.18,1.28022,0.15
2285001,1,21.0167,-7535.62,1.71872,0.185
2290001,1,21.7309,-7533.42,0.22465,0.157
2295001,1,20.3238,-7531.51,0.531712,0.21
2300001,1,20.2922,-7531.65,1.2361,0.144
2305001,1,20.8585,-7531.89,0.483515,0.189
2310001,2,39.4599,-7533.55,1.39043,0.18
2315001,1,19.6573,-7533.16,1.8819,0.17
2320001,1,19.6804,-7533.4,1.99948,0.162
2325001,1,21.459,-7532.56,0.167918,0.205
2330001,1,20.6597,-7531.31,1.10791,0.218
2335001,1,19.5777,-7531.82,1.52216,0.189
2340001,2,40.2938,-7531.86,0.0156272,0.199
2345001,3,59.2593,-7535.6,1.30506,0.28
2350001,1,20.7257,-7531.25,0.48723,0.252
2355001,1,20.3633,-7531,0.951576,0.154
2360001,1,20.747,-7531.12,0.611431,0.153
2365001,1,19.5531,-7532.51,0.633135,0.208
2370001,1,19.4255,-7533.26,1.89819,0.193
2375001,1,20.2587,-7531.31,0.246168,0.139
2380001,2,37.5839,-7536.18,2.37011,0.245
2385001,2,38.5428,-7530.34,2.97846,0.258
2390001,1,20.4821,-7533.3,0.189897,0.239
2395001,1,20.7368,-7531.83,0.74408,0.257
2400001,2,39.1136,-7531.48,0.111385,0.282
2405001,3,57.3846,-7531.42,2.22549,0.355
2410001,1,20.347,-7531.63,0.794439,0.248
2415001,1,18.5851,-7533.57,2.48813,0.324
2420001,2,37.271,-7531.13,1.44533,0.356
2425001,1,19.3631,-7532.37,2.48049,0.18
2430001,2,39.4932,-7530.16,0.501478,0.308
2435001,1,20.7858,-7532.28,0.292375,0.256
2440001,1,20.8193,-7532.61,0.375556,0.199
2445001,1,21.3451,-7541.2,0.0400717,0.182
2450001,2,36.7888,-7533.18,0.754551,0.178
2455001,2,34.8139,-7534.38,2.80012,0.155
2460001,1,18.8527,-7533.24,2.94805,0.166
2465001,2,38.8519,-7535.76,0.207975,0.231
2470001,2,37.7714,-7535.08,1.27769,0.268
2475001,1,19.2704,-7534.5,1.17875,0.145
2480001,1,19.8619,-7533.44,1.92876,0.253
2485001,1,20.956,-7533.52,0.676716,0.148
2490001,1,21.16,-7534.1,0.587856,0.23
2495001,1,19.1639,-7534.34,2.48399,0.248
2500001,1,19.5065,-7533.72,1.05435,0.2
2505001,1,20.9894,-7535.39,0.522658,0.192
2510001,1,20.3059,-7533.93,0.130493,0.205
2515001,3,57.4719,-7535.25,1.79757,0.211
2520001,1,19.8635,-7536.05,0.367691,0.221
2525001,1,19.6312,-7532.16,0.936046,0.179
2530001,1,20.4441,-7534.2,0.618908,0.223
2535001,1,20.4051,-7531.25,1.01384,0.153
2540001,3,58.0794,-7537.6,0.74805,0.195
2545001,1,18.7584,-7532.96,2.61978,0.268
2550001,1,20.1786,-7533.81,0.0607043,0.194
2555001,2,40.9091,-7529.73,0.0627559,0.183
2560001,1,18.4973,-7532.78,3.22755,0.192
2565001,1,21.352,-7532.94,0.732747,0.154
2570001,1,20.7324,-7532.91,0.357933,0.182
2575001,1,20.0328,-7533.08,2.09987,0.168
2580001,3,56.1802,-7533.65,1.73149,0.18
2585001,1,18.6998,-7535.26,2.44332,0.222
2590001,1,20.9645,-7532.27,0.354138,0.184
2595001,2,38.1333,-7532.63,2.06649,0.139
2600001,1,19.8709,-7533.31,0.993061,0.199
2605001,1,19.5502,-7538.31,0.634766,0.267
2610001,2,38.6491,-7532.48,0.434281,0.268
2615001,1,18.8676,-7532.43,2.00778,0.141
2620001,2,38.7803,-7531.59,0.827847,0.151
2625001,1,20.6051,-7532.99,0.976084,0.237
2630001,3,54.6243,-7528.87,0.874321,0.265
2635001,1,20.8515,-7533.41,0.555698,0.178
2640001,2,39.7425,-7532.32,0.726632,0.308
2645001,1,21.7695,-7532.28,0.0177321,0.164
2650001,1,19.4742,-7533.94,2.49413,0.172
2655001,1,20.6126,-7533.89,0.16432,0.158
2660001,1,21.5451,-7532.25,0.137987,0.21
2665001,1,21.4872,-7533.41,0.296039,0.206
2670001,2,37.7925,-7531.21,1.1125,0.341
2675001,2,39.3146,-7534.04,1.17356,0.257
2680001,1,19.5616,-7531.37,2.06677,0.291
2685001,1,21.2916,-7534.33,0.618288,0.155
2690001,1,21.3582,-7533.19,0.00748992,0.151
2695001,2,36.4279,-7534.6,0.142225,0.25
2700001,1,19.7867,-7534.49,1.06832,0.157
2705001,1,20.9507,-7531.96,0.0353259,0.178
2710001,1,19.7823,-7532.46,1.34766,0.154
2715001,1,21.2951,-7534.69,0.79518,0.192
2720001,2,39.2056,-7532.71,1.9137,0.231
2725001,2,40.9662,-7535.09,1.18187,0.19
2730001,1,18.8593,-7533.69,2.96963,0.28
2735001,2,35.7994,-7531.75,2.12889,0.257
2740001,1,21.6835,-7537.8,1.07076,0.294
2745001,2,39.2951,-7534.18,1.15063,0.272
2750001,1,20.7594,-7537.45,2.12261,0.23
2755001,1,21.8254,-7533.18,0.336322,0.235
2760001,1,20.5788,-7532.62,1.26187,0.222
2765001,1,22.1553,-7534.93,0.11946,0.167
2770001,1,21.9381,-7533.22,0.242862,0.171
2775001,2,37.318,-7530.21,1.44183,0.216
2780001,2,39.3872,-7534.24,1.44573,0.211
2785001,1,21.5064,-7533.44,0.363736,0.243
2790001,1,21.8038,-7534.68,0.578943,0.336
2795001,1,22.3026,-7535.13,0.258645,0.156
2800001,1,22.1819,-7537.94,0.726576,0.207
2805001,2,38.6669,-7531.85,0.121573,0.28
2810001,1,22.2964,-7537.01,0.102054,0.256
2815001,2,39.151,-7537.09,1.58345,0.225
2820001,2,42.0172,-7536.98,0.169621,0.322
2825001,1,21.7005,-7540.65,1.49179,0.195
2830001,2,40.9118,-7535.4,0.180763,0.207
2835001,2,38.5257,-7535.41,2.33402,0.247
2840001,1,21.7281,-7534.49,0.358671,0.154
2845001,1,20.3896,-7533.23,0.835816,0.136
2850001,1,19.5948,-7536.09,1.39159,0.185
2855001,1,19.8549,-7538.26,2.35679,0.17
2860001,2,40.3308,-7534.45,0.0705433,0.249
2865001,1,19.6542,-7532.97,1.9945,0.148
2870001,1,20.6586,-7533.79,1.2095,0.209
2875001,1,19.6852,-7532.43,2.31722,0.194
2880001,2,38.0766,-7533.1,2.63715,0.154
2885001,4,79.0198,-7531.07,0.653091,0.223
2890001,1,21.7162,-7536.46,0.847497,0.149
2895001,1,21.2138,-7534.67,1.23921,0.136
2900001,2,38.2158,-7528.92,2.94429,0.271
2905001,1,21.0718,-7533.18,0.564554,0.184
2910001,1,21.0255,-7533.34,1.15245,0.221
2915001,1,20.7888,-7536.05,0.0897216,0.178
2920001,1,19.983,-7534.41,1.60142,0.377
2925001,1,22.7736,-7536.48,0.00483108,0.296
2930001,1,20.3301,-7534.36,1.81409,0.225
2935001,1,19.9654,-7532.07,1.3957,0.293
2940001,1,20.552,-7531.73,1.03082,0.236
2945001,1,20.9756,-7534.21,0.307092,0.284
2950001,1,20.3799,-7532.93,0.631601,0.245
2955001,2,38.036,-7532.12,3.20225,0.355
2960001,1,19.6562,-7533.13,2.26885,0.2
2965001,1,20.3289,-7531.66,1.08903,0.214
2970001,1,21.5941,-7533.87,0.706496,0.166
2975001,1,19.6339,-7534.8,2.26942,0.341
2980001,2,41.9054,-7535.63,0.200252,0.238
2985001,2,37.256,-7530.86,2.95305,0.242
2990001,1,20.6498,-7533.23,0.807407,0.248
2995001,1,21.5677,-7532.56,0.172058,0.216
3000001,3,52.8396,-7534.52,0.251147,0.309
3005001,1,20.1275,-7534.87,0.595999,0.244
3010001,1,20.1378,-7534.1,0.886288,0.219
3015001,1,20.853,-7532.28,0.347344,0.169
3020001,1,19.9439,-7532.71,0.965854,0.159
3025001,1,20.0274,-7532.73,1.68981,0.219
3030001,1,21.1502,-7532.16,0.244732,0.194
3035001,1,20.7695,-7531.96,0.558688,0.163
3040001,1,21.1835,-7533.12,0.0072305,0.235
3045001,1,20.2933,-7533.08,0.414604,0.167
3050001,1,16.6951,-7535.3,3.72234,0.273
3055001,2,37.9483,-7533.51,0.90674,0.156
3060001,1,19.1775,-7534.06,1.41425,0.156
3065001,3,56.3206,-7534.11,1.88513,0.198
3070001,1,20.7708,-7538.47,0.848267,0.163
3075001,1,21.1908,-7532.92,0.241185,0.195
3080001,2,39.7788,-7533.91,0.562052,0.276
3085001,1,19.4721,-7533.08,1.33698,0.35
3090001,1,19.5853,-7531.81,2.09458,0.25
3095001,2,40.8426,-7535.22,1.30657,0.252
3100001,2,40.5179,-7533.57,0.206295,0.297
3105001,2,38.7947,-7534.54,0.383321,0.281
3110001,1,18.343,-7532.39,2.86981,0.185
3115001,1,19.4943,-7534.15,1.30284,0.298
3120001,3,58.609,-7532.65,0.379396,0.213
3125001,1,19.5848,-7535.17,2.28133,0.145
3130001,1,21.5352,-7533.79,0.204647,0.214
3135001,2,38.893,-7534.39,1.51027,0.163
3140001,1,21.1997,-7533.63,0.0457711,0.135
3145001,2,40.7581,-7531.53,0.327733,0.304
3150001,2,38.8695,-7535.25,0.316073,0.256
3155001,2,40.825,-7533.72,0.100534,0.336
3160001,2,40.9423,-7535.29,0.414872,0.175
3165001,1,19.6368,-7532.6,1.49489,0.209
3170001,2,39.9134,-7532.4,0.0601258,0.258
3175001,1,19.9015,-7533.41,1.56057,0.297
3180001,1,21.0354,-7532.82,0.0195242,0.186
3185001,3,55.5129,-7531.86,1.19028,0.304
3190001,3,57.5284,-7538.93,2.22123,0.327
3195001,1,20.9789,-7536.24,0.199462,0.151
3200001,2,40.7799,-7536.19,0.802127,0.3
3205001,1,20.3952,-7533.65,0.00309349,0.185
3210001,1,20.025,-7535.41,1.58907,0.21
3215001,4,74.8611,-7532.1,2.99912,0.366
3220001,1,16.9735,-7531.96,4.49071,0.131
3225001,1,21.7924,-7533.42,0.541344,0.147
3230001,1,20.4755,-7532.95,1.58446,0.222
3235001,1,21.1157,-7532.1,0.523675,0.243
3240001,2,39.0086,-7537.51,0.159338,0.342
3245001,1,20.0164,-7534.94,1.99311,0.151
3250001,1,21.9184,-7533.27,0.0147711,0.325
3255001,1,21.324,-7533.3,0.125632,0.295
3260001,1,21.0317,-7532.48,0.3101,0.159
3265001,3,58.0515,-7535.09,0.73359,0.247
3270001,1,21.3705,-7533.53,0.943679,0.147
3275001,1,21.553,-7532.78,0.557716,0.207
3280001,1,20.9175,-7531.42,0.156827,0.272
3285001,1,21.6952,-7531.79,0.0606393,0.149
3290001,1,19.5395,-7531.74,1.9635,0.262
3295001,2,39.6823,-7536.79,1.636,0.145
3300001,1,20.774,-7535.96,0.903236,0.209
3305001,2,35.4839,-7533.47,0.131787,0.196
3310001,1,21.2606,-7533.61,0.915922,0.206
3315001,1,19.8839,-7532.69,2.21801,0.192
3320001,3,58.8221,-7531.61,0.100149,0.226
3325001,2,40.5369,-7531.48,0.100378,0.263
3330001,2,40.4348,-7532.32,0.103258,0.311
3335001,1,20.9978,-7533.51,0.565508,0.164
3340001,1,19.4365,-7532.14,2.00689,0.156
3345001,1,22.1477,-7533.15,0.124366,0.216
3350001,1,21.6713,-7531.83,0.272944,0.208
3355001,1,21.4763,-7533.48,0.102131,0.169
3360001,1,21.336,-7532.02,0.185275,0.152
3365001,2,38.7303,-7533.39,1.12277,0.262
3370001,2,34.8088,-7530.87,2.54458,0.404
3375001,2,39.7224,-7534.35,1.47836,0.202
3380001,1,19.9146,-7532.09,1.58426,0.213
3385001,1,22.1977,-7535.22,0.190864,0.16
3390001,3,59.0013,-7535.35,0.175964,0.393
3395001,1,20.8153,-7534.88,0.615669,0.337
3400001,2,40.4485,-7535.34,0.885563,0.36
3405001,1,21.7334,-7532.94,0.213447,0.157
3410001,3,58.3649,-7531.88,0.0555811,0.402
3415001,1,20.573,-7532.66,0.825029,0.219
3420001,1,22.286,-7538.71,0.64532,0.158
3425001,1,20.5721,-7532,1.00765,0.14
3430001,1,19.3224,-7533.68,2.95595,0.2
3435001,2,40.1915,-7531.22,0.00231096,0.268
3440001,1,21.2498,-7531.8,0.569668,0.28
3445001,1,20.9098,-7531.49,0.123007,0.197
3450001,1,19.6253,-7533.39,2.02979,0.178
3455001,1,18.1147,-7536.55,2.74986,0.176
3460001,1,19.4907,-7534.57,1.3149,0.186
3465001,1,20.9335,-7533.13,0.533441,0.269
3470001,1,20.0245,-7532.67,0.766016,0.19
3475001,1,17.8516,-7532.9,3.26562,0.232
3480001,2,37.1345,-7532.52,2.0313,0.309
3485001,2,38.3223,-7532.04,0.434599,0.194
3490001,1,20.8233,-7531.91,0.775392,0.187
3495001,1,19.5643,-7531.57,2.26319,0.211
3500001,1,22.2538,-7533.38,0.165313,0.25
3505001,4,77.1921,-7534.68,1.53643,0.283
3510001,1,20.902,-7534.19,1.19198,0.246
3515001,2,38.0795,-7531.39,0.0134809,0.168
3520001,2,41.0325,-7532.81,0.318251,0.297
3525001,1,20.1938,-7533.45,1.65031,0.155
3530001,2,37.1728,-7533.4,2.64776,0.189
3535001,1,19.5447,-7533.56,1.53001,0.239
3540001,1,21.0882,-7531.73,0.036166,0.119
3545001,1,20.3575,-7534.44,0.941359,0.198
3550001,1,20.6939,-7532.53,0.590131,0.248
3555001,2,36.7084,-7532.99,2.14281,0.248
3560001,2,39.1082,-7531.94,1.12152,0.184
3565001,2,39.0476,-7531.68,1.20875,0.177
3570001,1,21.4449,-7533.08,0.529566,0.159
3575001,2,40.1471,-7532.45,0.280019,0.237
3580001,1,20.2856,-7535.07,0.319019,0.178
3585001,1,19.2144,-7533.99,2.44166,0.186
3590001,1,20.3971,-7531.71,1.46691,0.148
3595001,1,19.3449,-7531.94,1.91571,0.203
3600001,1,19.2448,-7537.22,1.93483,0.147
3605001,1,20.7561,-7531.57,0.81334,0.212
3610001,1,21.55,-7533.55,0.136938,0.185
3615001,2,37.632,-7532.35,0.684386,0.257
3620001,1,19.6935,-7533.03,1.08101,0.188
3625001,2,39.6122,-7532.13,0.361769,0.201
3630001,2,38.6651,-7532.64,0.112156,0.286
3635001,1,20.2929,-7536.66,1.16335,0.128
3640001,1,20.3875,-7534.51,1.44545,0.176
3645001,2,39.3707,-7532.05,0.0987323,0.216
3650001,2,37.1112,-7531.45,2.05496,0.266
3655001,1,21.2748,-7534.22,0.997969,0.175
3660001,1,20.6891,-7532.46,1.189,0.188
3665001,1,20.6587,-7532.46,0.757154,0.185
3670001,2,38.8449,-7535.37,0.300961,0.259
3675001,2,37.6502,-7533.46,1.83545,0.199
3680001,2,38.897,-7530.55,1.92762,0.232
3685001,1,20.8023,-7534.91,0.726362,0.181
3690001,1,20.3711,-7531.69,0.456754,0.228
3695001,2,35.605,-7530.42,0.171108,0.214
3700001,2,39.6732,-7531.92,0.467426,0.22
3705001,1,19.3888,-7532.87,2.39572,0.157
3710001,1,21.1013,-7531.52,0.00819878,0.207
3715001,1,20.9645,-7532.42,0.909605,0.205
3720001,3,59.4128,-7532.73,0.34321,0.274
3725001,1,21.0162,-7532.17,0.716124,0.159
3730001,2,39.4504,-7533.08,1.04858,0.267
3735001,3,57.5257,-7534.56,0.527653,0.236
3740001,1,18.322,-7533.92,3.3477,0.16
3745001,1,21.0193,-7532.07,0.235353,0.154
3750001,3,52.7479,-7533.12,2.10963,0.241
3755001,1,19.2044,-7533.52,2.47553,0.235
3760001,1,21.9377,-7533.29,0.336726,0.217
3765001,1,20.9415,-7533.43,0.0104351,0.28
3770001,2,38.0522,-7541,2.69645,0.189
3775001,1,18.0574,-7535.71,2.88147,0.192
3780001,2,37.8279,-7532.06,1.78914,0.364
3785001,1,22.0854,-7535.51,0.114381,0.189
3790001,1,20.7585,-7538.62,0.859645,0.191
3795001,1,21.2504,-7533.74,0.603717,0.172
3800001,1,20.6187,-7532.29,0.582668,0.235
3805001,2,39.0556,-7532.24,1.55954,0.219
3810001,2,39.5293,-7534.45,0.209465,0.181
3815001,3,56.3855,-7534.92,0.93702,0.379
3820001,1,21.4086,-7533.56,0.214906,0.155
3825001,1,19.8298,-7535.65,1.2568,0.155
3830001,3,57.4682,-7530.03,0.987201,0.382
3835001,1,19.3736,-7530.41,1.03782,0.204
3840001,1,19.7323,-7533.57,0.280136,0.233
3845001,1,20.456,-7534.66,0.882561,0.255
3850001,1,20.4956,-7529.73,0.318486,0.236
3855001,2,39.5329,-7532.56,0.992697,0.191
3860001,1,17.3806,-7531.39,2.83962,0.24
3865001,1,19.6492,-7531.05,1.44589,0.17
3870001,3,58.0089,-7534.04,0.88436,0.242
3875001,2,37.9278,-7532.29,0.147637,0.169
3880001,1,21.2506,-7532.27,0.555446,0.177
3885001,1,20.0843,-7532.2,0.0254264,0.244
3890001,1,19.2799,-7531.58,0.212594,0.153
3895001,1,20.1049,-7530.54,0.0715753,0.243
3900001,2,38.1892,-7531.83,0.215636,0.171
3905001,2,38.8652,-7532.73,1.84466,0.24
3910001,1,19.8894,-7531.95,1.68014,0.152
3915001,1,21.0085,-7532.72,0.283257,0.204
3920001,2,39.4087,-7533.16,0.483435,0.144
3925001,1,21.424,-7533.19,0.422588,0.171
3930001,2,38.894,-7534.14,0.588719,0.181
3935001,1,20.3724,-7535.63,0.535164,0.202
3940001,1,21.6415,-7532.18,0.241714,0.27
3945001,1,20.5206,-7530.58,0.883316,0.218
3950001,1,20.5761,-7530.01,0.0889549,0.289
3955001,3,56.5154,-7530.22,1.7787,0.332
3960001,1,19.4494,-7529.93,0.750173,0.14
3965001,1,19.5115,-7530.05,1.0446,0.218
3970001,1,20.6727,-7530.43,0.323343,0.193
3975001,1,19.2062,-7532.15,0.596344,0.206
3980001,1,19.7297,-7532.49,0.0194214,0.224
3985001,1,20.6503,-7530.27,0.564644,0.162
3990001,2,41.1461,-7526.83,0.240499,0.31
3995001,1,18.7012,-7531.15,0.994614,0.159
4000001,2,39.4577,-7533.43,0.507148,0.193
4005001,2,37.3896,-7530.54,1.36368,0.268
4010001,1,18.8518,-7532.96,1.24541,0.239
4015001,2,37.8328,-7531.97,0.896465,0.263
4020001,2,36.8775,-7534.63,3.1634,0.275
4025001,1,19.7818,-7533.3,2.05949,0.321
4030001,2,38.0355,-7533.06,0.499947,0.227
4035001,1,19.7887,-7533.14,0.780616,0.188
4040001,4,72.0644,-7529.1,0.357348,0.284
4045001,1,20.4785,-7531.12,0.527823,0.149
4050001,1,21.1213,-7532.62,0.305832,0.21
4055001,1,21.3916,-7532.13,0.144069,0.18
4060001,1,20.6224,-7531.98,0.269055,0.198
4065001,1,19.5134,-7530.25,0.822782,0.27
4070001,1,21.2387,-7532.57,0.765621,0.179
4075001,1,19.438,-7531.6,0.274193,0.304
4080001,1,20.7893,-7531.25,0.340792,0.187
4085001,1,20.1829,-7530.76,0.0967573,0.142
4090001,1,18.5957,-7530.35,1.35606,0.254
4095001,1,20.547,-7531.01,0.812826,0.181
4100001,1,20.8829,-7530.26,0.350663,0.202
4105001,1,17.3512,-7533.89,3.31009,0.168
4110001,1,21.0195,-7532.48,0.930819,0.209
4115001,2,37.1867,-7531.43,1.86364,0.294
4120001,1,19.6241,-7530.81,0.400806,0.19
4125001,1,20.7092,-7533.5,0.0291898,0.205
4130001,2,36.5567,-7532.09,1.9272,0.205
4135001,1,19.6651,-7536.11,1.97038,0.207
4140001,2,37.111,-7531.21,0.735637,0.149
4145001,3,56.8846,-7528.33,1.74572,0.39
4150001,1,16.6182,-7533.85,4.93119,0.173
4155001,1,20.0291,-7530.63,0.561182,0.243
4160001,1,18.4863,-7532.59,1.75514,0.299
4165001,2,37.8915,-7531.95,0.104343,0.332
4170001,1,21.2263,-7534.27,0.0420227,0.164
4175001,1,20.0883,-7530.42,0.286107,0.247
4180001,1,17.8553,-7532.5,1.95638,0.305
4185001,1,19.7862,-7530.57,0.467132,0.225
4190001,3,56.9083,-7531.59,0.819868,0.25
4195001,1,19.2066,-7531.26,0.33599,0.191
4200001,2,38.3218,-7530.31,1.24194,0.332
4205001,3,56.3057,-7529.43,1.31994,0.288
4210001,1,20.1078,-7530.63,0.766067,0.213
4215001,2,37.6041,-7532.77,0.602632,0.205
4220001,1,20.0043,-7530.06,0.198507,0.168
4225001,3,58.8565,-7537.06,0.143927,0.398
4230001,3,58.5032,-7530.2,0.840379,0.296
4235001,1,21.121,-7534.76,1.16663,0.182
4240001,2,38.6453,-7531.83,1.36541,0.241
4245001,1,19.6459,-7531.42,1.29783,0.223
4250001,2,39.4839,-7529.12,0.732569,0.33
4255001,1,20.5747,-7529.55,0.229549,0.277
4260001,1,18.9235,-7530.32,2.01338,0.257
4265001,2,35.7985,-7528.92,4.81027,0.193
4270001,1,20.1775,-7530.11,0.0574001,0.22
4275001,1,20.4986,-7531.73,0.0655385,0.166
4280001,2,38.2241,-7538.42,1.28367,0.284
4285001,1,20.8922,-7530.49,0.33495,0.154
4290001,1,21.2231,-7532.22,0.0775413,0.261
4295001,1,20.4046,-7531.57,0.636959,0.18
4300001,2,35.4093,-7530.56,0.0211271,0.311
4305001,1,18.6075,-7532.69,1.45706,0.198
4310001,2,35.1014,-7533.23,0.540975,0.252
4315001,1,21.1329,-7530.88,0.18217,0.208
4320001,1,21.4058,-7533.59,0.0187055,0.243
4325001,1,20.3662,-7532.32,1.37702,0.263
4330001,1,20.0391,-7529.97,0.978683,0.154
4335001,2,39.6662,-7530.16,0.358469,0.279
4340001,1,20.1838,-7530.13,0.527137,0.144
4345001,1,20.6915,-7531.25,0.783467,0.199
4350001,1,19.2483,-7530.87,1.90786,0.172
4355001,2,37.4947,-7531.09,2.82033,0.166
4360001,1,21.6246,-7532.63,0.267404,0.24
4365001,1,17.9598,-7531.39,3.6444,0.156
4370001,2,39.2452,-7530.26,0.435698,0.238
4375001,1,21.2723,-7530.59,0.351141,0.271
4380001,2,40.8542,-7533.07,0.198814,0.209
4385001,3,56.0931,-7526.54,1.21631,0.258
4390001,1,19.6804,-7530.95,1.80828,0.138
4395001,1,20.6346,-7530.23,0.387117,0.212
4400001,2,40.7579,-7532.05,0.701267,0.24
4405001,2,37.5476,-7529.19,1.64634,0.426
4410001,2,38.0095,-7529.65,0.270293,0.298
4415001,1,21.248,-7531.57,0.350862,0.173
4420001,1,20.6546,-7530.9,0.459872,0.307
4425001,2,36.5223,-7530.25,0.709411,0.288
4430001,1,20.7523,-7531.21,0.548912,0.206
4435001,1,21.0362,-7530.64,0.100758,0.229
4440001,2,38.7402,-7530.5,1.05537,0.194
4445001,1,20.1653,-7530.88,0.811348,0.319
4450001,1,18.0078,-7530.13,2.50824,0.263
4455001,2,39.7706,-7531.34,0.0047662,0.206
4460001,1,20.6034,-7531.63,0.556646,0.217
4465001,1,20.2713,-7532.4,0.741607,0.214
4470001,1,19.4481,-7531.86,1.49114,0.185
4475001,2,35.0318,-7529.99,5.14425,0.225
4480001,2,37.6598,-7535.78,0.944229,0.149
4485001,2,37.5218,-7530.92,0.70874,0.176
4490001,1,20.7641,-7531.46,0.168399,0.153
4495001,1,16.9527,-7530.49,3.32471,0.238
4500001,1,21.3514,-7533.22,0.0390428,0.224
4505001,1,20.9023,-7531.21,0.486489,0.313
4510001,2,35.6407,-7531.12,3.40735,0.204
4515001,2,38.6445,-7533.2,0.413809,0.287
4520001,1,19.9837,-7529.95,0.348971,0.219
4525001,1,19.5205,-7530.85,1.06796,0.165
4530001,1,20.046,-7533.21,0.877436,0.201
4535001,1,21.1464,-7534.11,0.515659,0.207
4540001,3,59.9358,-7532.75,0.178908,0.171
4545001,1,18.6655,-7533.55,1.76174,0.14
4550001,1,20.4356,-7531.51,0.906877,0.223
4555001,1,19.4064,-7531.53,0.724954,0.148
4560001,2,39.0645,-7533.72,0.6912,0.355
4565001,1,16.2874,-7533.84,5.48131,0.249
4570001,2,37.2065,-7531.05,0.844469,0.155
4575001,1,20.4595,-7530.86,0.214666,0.29
4580001,1,20.5952,-7531.26,0.541152,0.16
4585001,1,19.418,-7531.57,1.62644,0.147
4590001,2,37.9382,-7532.97,0.875722,0.327
4595001,1,20.7897,-7533.68,0.110684,0.161
4600001,1,17.8108,-7533.07,2.50187,0.2
4605001,1,19.012,-7534.08,0.217255,0.218
4610001,1,19.2103,-7533.61,0.558606,0.207
4615001,2,37.396,-7533.19,0.857169,0.274
4620001,1,19.9509,-7532.3,0.217346,0.189
4625001,2,39.5354,-7530.74,0.0844815,0.238
4630001,2,39.2077,-7531.85,0.394782,0.246
4635001,1,18.2714,-7530.71,2.72868,0.257
4640001,2,37.4053,-7533.45,0.207805,0.294
4645001,1,18.203,-7531.28,1.55259,0.333
4650001,2,39.7256,-7531.7,0.330667,0.279
4655001,1,20.4332,-7531.08,0.686536,0.168
4660001,1,20.5328,-7530.41,0.301445,0.228
4665001,2,35.3992,-7529.36,4.60911,0.154
4670001,2,38.7971,-7530.9,0.465013,0.179
4675001,1,20.1988,-7532.49,0.474711,0.278
4680001,2,38.7218,-7530.21,0.919752,0.205
4685001,1,21.535,-7530.5,0.0237491,0.151
4690001,1,19.8826,-7533.28,1.20598,0.2
4695001,1,19.8027,-7530.31,0.440914,0.391
4700001,3,58.6274,-7524.21,0.721787,0.255
4705001,1,19.8907,-7534.61,1.59794,0.28
4710001,3,51.1151,-7527.96,3.86404,0.303
4715001,1,18.6708,-7532.89,1.49913,0.191
4720001,1,18.6595,-7532.57,1.59317,0.157
4725001,1,20.3002,-7531.6,0.859053,0.257
4730001,3,58.4935,-7531.35,0.136678,0.217
4735001,2,34.0992,-7528.1,3.80977,0.186
4740001,1,19.5571,-7531.11,0.410612,0.219
4745001,1,20.9284,-7530.64,0.247405,0.185
4750001,1,20.902,-7530.68,0.0876262,0.188
4755001,1,20.4743,-7532.14,1.02411,0.163
4760001,2,36.336,-7532.22,2.29701,0.17
4765001,1,19.2952,-7530.19,1.26008,0.128
4770001,1,21.8711,-7531.64,0.0234574,0.159
4775001,2,37.6312,-7531.31,1.55295,0.166
4780001,1,18.5093,-7530.76,2.88748,0.142
4785001,2,36.419,-7532.63,0.910989,0.258
4790001,1,19.8912,-7531.26,0.349701,0.182
4795001,2,40.7798,-7533.48,0.236169,0.283
4800001,1,21.2903,-7530.72,0.25179,0.27
4805001,2,36.5061,-7531.01,0.32468,0.311
4810001,1,19.133,-7538.45,1.07933,0.148
4815001,1,20.8966,-7531.72,0.882263,0.174
4820001,2,37.0872,-7530.88,3.47032,0.186
4825001,1,20.3432,-7531.63,0.889998,0.15
4830001,1,21.3088,-7531.94,0.229334,0.136
4835001,2,38.8149,-7528.41,1.21289,0.231
4840001,2,37.8422,-7530.81,1.23171,0.16
4845001,2,37.3853,-7531.5,3.16358,0.221
4850001,3,54.9693,-7528.56,1.00095,0.296
4855001,2,35.4986,-7530.43,3.6113,0.362
4860001,2,37.1875,-7529.8,0.0306728,0.222
4865001,2,39.8911,-7530.83,0.836217,0.298
4870001,3,52.3617,-7531.33,0.495717,0.199
4875001,1,19.6028,-7530.41,0.279983,0.228
4880001,1,18.854,-7532.5,0.506171,0.161
4885001,2,36.6158,-7530.58,2.2753,0.186
4890001,2,40.2474,-7532.04,0.31968,0.238
4895001,2,38.8758,-7529.88,0.0248618,0.276
4900001,3,59.0606,-7530.86,0.0652166,0.192
4905001,3,56.4854,-7532.12,0.0878583,0.303
4910001,3,57.8415,-7530.77,0.844861,0.215
4915001,2,38.5639,-7531.7,0.274365,0.175
4920001,1,20.6254,-7532.85,0.310729,0.308
4925001,1,21.0729,-7534.22,1.33318,0.227
4930001,1,21.8428,-7533.63,0.455964,0.186
4935001,1,18.8543,-7531.17,2.19435,0.255
4940001,1,20.7101,-7531.22,0.501601,0.256
4945001,1,20.6784,-7530.49,0.660317,0.341
4950001,4,74.3436,-7530.65,0.033571,0.301
4955001,2,39.3975,-7531.95,0.0663896,0.197
4960001,1,18.4215,-7534.69,1.09999,0.15
4965001,1,21.0279,-7530.87,0.281547,0.26
4970001,1,19.7135,-7530.3,0.277862,0.165
4975001,1,21.554,-7531.7,0.15872,0.176
4980001,1,18.7898,-7529.8,1.84686,0.173
4985001,1,17.9022,-7531.29,2.68895,0.332
4990001,1,16.9065,-7530.11,3.28923,0.213
4995001,2,40.8203,-7537.47,0.0480665,0.173
5000001,1,20.6971,-7531,0.346713,0.213
5005001,1,19.5541,-7531.94,0.411866,0.252
5010001,1,20.9666,-7531.57,0.67606,0.294
5015001,2,40.0269,-7533.02,0.342085,0.218
5020001,1,20.422,-7531.55,0.835577,0.239
5025001,1,20.8264,-7531.03,0.829735,0.184
5030001,1,19.7899,-7530.77,0.60852,0.185
5035001,2,41.1721,-7533.48,0.626297,0.338
5040001,1,20.9357,-7532.85,1.03231,0.161
5045001,2,40.6984,-7531.62,0.262098,0.218
5050001,1,18.8202,-7537.18,2.70882,0.155
5055001,2,39.9457,-7531.78,0.746253,0.269
5060001,1,19.365,-7533.65,1.12656,0.168
5065001,1,21.0782,-7532.3,0.0399888,0.174
5070001,3,57.8616,-7535.01,0.65337,0.237
5075001,1,20.5666,-7534.39,0.61723,0.301
5080001,1,19.22,-7533.54,1.1212,0.269
5085001,1,20.0547,-7530.31,0.143866,0.167
5090001,2,34.9164,-7528.58,0.803043,0.19
5095001,1,18.6476,-7530.04,2.24139,0.187
5100001,3,51.887,-7532.63,0.396224,0.274
5105001,1,22.0617,-7534.85,0.124358,0.172
5110001,1,19.7984,-7530.61,1.16282,0.231
5115001,2,36.7786,-7532.45,0.638908,0.178
5120001,1,20.3288,-7531.69,0.412721,0.152
5125001,1,19.2952,-7531.12,0.271837,0.156
5130001,1,20.1813,-7530.24,0.859066,0.317
5135001,1,19.9346,-7530.98,1.81169,0.195
5140001,1,19.6223,-7532.26,1.88889,0.16
5145001,2,39.6389,-7529.59,0.166565,0.17
5150001,1,20.9295,-7530.82,0.267831,0.217
5155001,1,21.2813,-7532.18,0.283105,0.167
5160001,1,20.4421,-7530.25,0.431539,0.295
5165001,1,20.9886,-7531.17,0.104516,0.179
5170001,1,19.1791,-7534.61,1.33659,0.25
5175001,1,20.7612,-7534.46,0.770013,0.255
5180001,1,20.6452,-7531.14,0.362238,0.158
5185001,1,21.5324,-7532.25,0.00869025,0.182
5190001,1,20.189,-7532.32,1.27051,0.191
5195001,1,22.1385,-7533.89,0.0435378,0.191
5200001,2,37.421,-7529.46,0.315832,0.194
5205001,1,17.5904,-7535.91,2.83,0.203
5210001,2,40.1348,-7533.75,0.271064,0.19
5215001,1,20.1864,-7537.94,0.857746,0.226
5220001,1,18.7656,-7536.52,2.68807,0.176
5225001,1,17.9498,-7532,3.75142,0.267
5230001,3,57.8022,-7531.28,1.40818,0.173
5235001,1,20.4126,-7531.82,0.827575,0.195
5240001,2,37.6304,-7531.31,1.40653,0.246
5245001,1,20.9399,-7530.8,0.434877,0.207
5250001,3,56.0299,-7529.47,0.231624,0.392
5255001,1,17.3728,-7530.27,2.76547,0.228
5260001,2,36.9165,-7533.59,0.185079,0.321
5265001,2,39.1089,-7531.8,0.54411,0.214
5270001,1,20.2026,-7532.86,0.598104,0.155
5275001,1,21.5786,-7532.62,0.221579,0.244
5280001,1,20.2023,-7531.59,0.472268,0.248
5285001,1,20.6088,-7532.19,1.14105,0.226
5290001,1,20.5931,-7533.48,0.676659,0.198
5295001,1,20.5519,-7531.68,0.337716,0.242
5300001,1,20.2428,-7531.59,1.48733,0.166
5305001,1,21.2289,-7530.46,0.0850288,0.194
5310001,1,20.9757,-7531.7,0.67162,0.207
5315001,1,20.9686,-7531.58,0.054485,0.192
5320001,2,38.7324,-7531.51,1.34434,0.209
5325001,1,20.8749,-7531.88,1.11051,0.158
5330001,2,40.4783,-7539.57,1.23645,0.2
5335001,2,39.5127,-7530.34,0.94425,0.202
5340001,3,55.4358,-7532.96,3.01293,0.318
5345001,1,19.291,-7531.62,1.29082,0.163
5350001,1,20.15,-7532.52,1.07226,0.269
5355001,1,19.8691,-7533.64,1.48645,0.164
5360001,1,19.317,-7532.01,1.8187,0.23
5365001,2,37.7505,-7531.45,1.01128,0.235
5370001,1,21.5809,-7531.36,0.0632807,0.219
5375001,1,16.2054,-7533.3,5.02651,0.354
5380001,1,20.1899,-7530.58,0.662413,0.315
5385001,1,19.4461,-7531.95,1.53925,0.166
5390001,1,21.2307,-7530.22,0.0481902,0.16
5395001,4,74.8491,-7532.4,1.19823,0.3
5400001,1,20.5932,-7530.41,0.716672,0.2
5405001,2,34.9945,-7531.02,0.076683,0.264
5410001,1,19.5252,-7531.76,1.00493,0.212
5415001,1,20.8272,-7533.29,1.12878,0.177
5420001,1,21.5906,-7536.25,0.950281,0.15
5425001,2,37.0681,-7529.71,2.25288,0.213
5430001,2,39.1061,-7531.18,1.39799,0.248
5435001,1,20.2338,-7529.85,0.447273,0.203
5440001,1,19.8046,-7531.76,0.975846,0.142
5445001,1,20.894,-7531.12,0.359942,0.174
5450001,1,19.2789,-7530.49,1.70796,0.143
5455001,1,20.8733,-7531.81,0.292825,0.251
5460001,1,18.2247,-7533.27,2.18692,0.193
5465001,2,36.9636,-7531.19,1.2368,0.239
5470001,1,19.9379,-7531.11,0.820004,0.147
5475001,1,19.2351,-7532.89,0.953764,0.216
5480001,1,18.74,-7530.48,1.42731,0.19
5485001,3,56.6966,-7530.54,1.77186,0.263
5490001,1,17.6482,-7533.89,4.3294,0.225
5495001,1,21.161,-7532.08,0.117376,0.353
5500001,1,19.7303,-7531,0.610726,0.166
5505001,1,17.1693,-7532.97,1.75787,0.162
5510001,1,16.3474,-7532.07,2.37103,0.247
5515001,2,33.1438,-7531.99,3.08825,0.315
5520001,1,21.0575,-7531.25,0.326258,0.202
5525001,2,39.9873,-7531.85,0.510257,0.334
5530001,2,37.8225,-7532.01,2.94861,0.278
5535001,2,36.2791,-7530.7,0.464201,0.202
5540001,1,20.567,-7531.59,0.287172,0.194
5545001,2,36.5028,-7530.15,3.41932,0.196
5550001,2,38.5115,-7529.05,1.92415,0.207
5555001,1,19.252,-7531.93,1.36144,0.148
5560001,4,76.3643,-7530.26,0.805427,0.294
5565001,1,22.0487,-7533.31,0.149174,0.159
5570001,2,40.9269,-7530.11,0.452656,0.315
5575001,1,19.6695,-7531.25,1.64627,0.191
5580001,4,76.7431,-7527.18,0.168397,0.322
5585001,2,37.5902,-7530.62,2.36149,0.24
5590001,2,38.4196,-7529.93,1.51219,0.261
5595001,1,21.3265,-7532.07,0.619562,0.171
5600001,3,53.8801,-7529.73,0.678865,0.311
5605001,1,21.3115,-7530.89,0.0536573,0.196
5610001,2,37.9799,-7530.81,0.431025,0.247
5615001,1,21.0112,-7531.32,0.147313,0.215
5620001,1,20.3221,-7531.1,0.743242,0.201
5625001,1,20.0356,-7530.05,0.363444,0.171
5630001,1,20.1648,-7530.47,0.842561,0.17
5635001,1,18.5248,-7531.44,1.57386,0.156
5640001,3,57.5023,-7531.21,0.955551,0.227
5645001,2,38.8493,-7530.69,0.995585,0.237
5650001,2,36.5628,-7532.42,2.48956,0.307
5655001,2,37.721,-7529.37,0.428146,0.308
5660001,3,60.1818,-7534.08,0.271465,0.226
5665001,2,39.2982,-7529.56,0.0384352,0.297
5670001,1,21.163,-7531.27,0.534142,0.298
5675001,1,22.0872,-7533.23,0.182243,0.18
5680001,1,20.1667,-7530.5,0.129617,0.2
5685001,1,19.8541,-7530.4,0.520603,0.179
5690001,1,18.6147,-7530.26,1.65865,0.159
5695001,2,40.4637,-7532.27,1.08666,0.245
5700001,3,59.1221,-7530.84,0.141802,0.236
5705001,1,18.5457,-7530.11,2.32438,0.156
5710001,1,20.0352,-7530.05,0.563033,0.223
5715001,1,20.4675,-7530.33,0.618248,0.173
5720001,2,38.8335,-7531.83,0.941565,0.155
5725001,2,36.9802,-7530.85,0.729584,0.231
5730001,1,21.4892,-7533.14,0.370222,0.205
5735001,3,56.1091,-7531.25,0.664066,0.262
5740001,1,20.5893,-7532.11,1.4952,0.223
5745001,1,21.2411,-7536.79,0.0394332,0.221
5750001,1,19.6185,-7530.78,1.09654,0.183
5755001,1,18.9928,-7530.36,1.07312,0.23
5760001,2,36.3895,-7533.1,0.362357,0.267
5765001,1,20.3404,-7530.31,0.129793,0.234
5770001,1,20.6141,-7531.51,0.123868,0.126
5775001,1,18.2423,-7531.99,0.935247,0.328
5780001,1,18.2608,-7531.7,0.935758,0.288
5785001,1,19.2192,-7530.74,0.234333,0.176
5790001,1,18.9863,-7531.27,1.29415,0.151
5795001,1,20.8033,-7531.74,0.143442,0.272
5800001,2,40.4423,-7534.87,0.240412,0.159
5805001,1,19.9886,-7533.7,0.144243,0.176
5810001,2,36.8512,-7531.52,0.717944,0.261
5815001,1,19.2561,-7534.74,0.22807,0.293
5820001,1,14.3987,-7533.85,4.54675,0.148
5825001,1,21.2146,-7532.46,0.324054,0.248
5830001,1,20.5894,-7534.59,0.221855,0.148
5835001,1,19.1495,-7531.34,2.53605,0.216
5840001,1,18.6852,-7532.23,0.290099,0.163
5845001,2,40.3824,-7530.84,0.577889,0.21
5850001,2,38.8778,-7532.62,1.91947,0.236
5855001,1,20.0866,-7532.7,1.0258,0.14
5860001,2,41.2431,-7531.7,0.004788,0.182
5865001,1,20.3875,-7530.89,0.659084,0.202
5870001,2,36.3123,-7531.26,2.86257,0.202
5875001,1,21.7793,-7535.16,0.58887,0.156
5880001,1,19.4918,-7532.29,1.88939,0.165
5885001,2,39.0248,-7532.87,0.959538,0.307
5890001,1,20.3437,-7534.28,0.352162,0.185
5895001,1,18.6888,-7532.25,1.41385,0.147
5900001,1,20.0368,-7531.13,0.110103,0.159
5905001,1,21.0112,-7531.21,0.137897,0.156
5910001,2,37.5921,-7527.05,1.41542,0.197
5915001,1,19.7575,-7530.78,1.49269,0.192
5920001,3,59.6387,-7528.93,1.007,0.34
5925001,2,37.1086,-7529.33,0.649821,0.256
5930001,2,35.7501,-7532.68,2.20076,0.38
5935001,3,54.1477,-7529.48,1.24848,0.282
5940001,1,21.3348,-7530.8,0.0768035,0.228
5945001,1,21.8368,-7532.33,0.131593,0.229
5950001,3,55.9124,-7524.56,0.680474,0.351
5955001,3,55.1058,-7532.27,0.275731,0.389
5960001,3,52.0108,-7530.99,5.60134,0.202
5965001,2,39.4436,-7535.94,1.57721,0.2
5970001,1,20.5648,-7531.23,0.48058,0.309
5975001,1,21.0848,-7530.76,0.207939,0.159
5980001,1,20.6631,-7530.68,0.579751,0.228
5985001,3,53.675,-7531.72,0.0361029,0.212
5990001,2,37.3506,-7532.2,1.83921,0.234
5995001,2,34.6004,-7529.55,6.88615,0.289
6000001,3,57.5188,-7532.68,0.959994,0.308
6005001,1,19.5125,-7531.29,2.19755,0.154
6010001,1,19.3925,-7531.96,2.41339,0.162
6015001,1,20.2992,-7533.5,0.533081,0.161
6020001,1,20.6792,-7530.96,0.920225,0.181
6025001,1,19.6206,-7531.39,1.82961,0.151
6030001,1,17.9523,-7531.43,2.46545,0.14
6035001,1,21.2271,-7532.78,0.432797,0.256
6040001,1,19.5858,-7535.49,1.57699,0.144
6045001,2,37.3545,-7531.25,1.02345,0.282
6050001,2,37.9741,-7532.49,1.04971,0.202
6055001,1,19.0266,-7532.95,0.353649,0.267
6060001,1,19.7269,-7530.15,1.09129,0.243
6065001,1,21.0797,-7531.23,0.529954,0.205
6070001,1,19.1043,-7532.36,2.21404,0.236
6075001,2,40.0266,-7530.17,0.515623,0.215
6080001,3,56.4155,-7529.84,0.757927,0.337
6085001,1,19.8604,-7530.33,0.884602,0.207
6090001,2,39.9204,-7531.32,0.775534,0.169
6095001,2,34.5508,-7529.16,0.631838,0.184
6100001,2,40.9722,-7530.62,0.307421,0.204
6105001,1,20.4054,-7532.46,1.08839,0.188
6110001,1,20.8139,-7532.62,0.918677,0.165
6115001,1,20.6232,-7533.96,1.4176,0.204
6120001,1,21.0247,-7530.76,0.361069,0.184
6125001,3,59.8825,-7529.57,0.654572,0.237
6130001,1,20.317,-7531.11,0.217581,0.335
6135001,1,19.3315,-7532.57,0.395724,0.204
6140001,1,20.0038,-7531.89,0.0673014,0.192
6145001,1,20.1177,-7530.8,0.0176046,0.191
6150001,1,19.0402,-7530.72,1.04042,0.25
6155001,1,19.9163,-7531.51,0.453964,0.165
6160001,1,20.7046,-7531.06,0.82168,0.173
6165001,2,37.965,-7530.06,1.272,0.199
6170001,2,35.6638,-7531.46,2.99133,0.292
6175001,1,19.7144,-7530.8,1.99238,0.284
6180001,1,20.3018,-7532.39,1.56688,0.14
6185001,1,20.6962,-7531.06,0.692139,0.163
6190001,1,21.6066,-7531.19,0.0397851,0.152
6195001,1,21.3873,-7532.88,0.690517,0.152
6200001,2,40.4615,-7531.22,0.0146088,0.213
6205001,1,20.9434,-7530.24,0.279136,0.205
6210001,1,19.5932,-7532.57,1.0415,0.148
6215001,1,19.0534,-7532.66,0.881141,0.159
6220001,1,16.5673,-7530.44,3.90319,0.174
6225001,1,19.4416,-7531.66,0.40087,0.179
6230001,1,20.6947,-7531.11,0.282495,0.274
6235001,1,21.2575,-7531.89,0.463551,0.125
6240001,1,20.0596,-7530.24,0.685915,0.193
6245001,2,38.6939,-7531.97,2.00391,0.182
6250001,1,18.9422,-7532.24,1.24587,0.148
6255001,1,19.9725,-7531.95,0.817835,0.172
6260001,2,37.9432,-7533.31,0.398219,0.229
6265001,1,18.6854,-7531.03,2.7168,0.277
6270001,1,20.4506,-7532.49,0.964532,0.181
6275001,2,38.7288,-7529.79,0.955244,0.186
6280001,1,19.7899,-7534.56,0.795403,0.295
6285001,2,39.2204,-7532.66,2.46742,0.275
6290001,2,38.4502,-7528.56,0.513841,0.16
6295001,1,20.3887,-7531.95,1.55391,0.223
6300001,1,21.2334,-7531.37,0.0745123,0.258
6305001,2,38.2379,-7529.89,0.600714,0.332
6310001,2,39.2826,-7533.33,0.364618,0.218
6315001,3,59.3908,-7534.7,0.955036,0.249
6320001,1,20.2547,-7533.94,0.14946,0.171
6325001,2,33.3902,-7532.11,0.504112,0.236
6330001,1,20.2172,-7530.88,0.993684,0.184
6335001,1,21.7198,-7542.1,0.976374,0.176
6340001,1,20.658,-7531.35,0.0122166,0.145
6345001,1,19.6911,-7533.28,0.885966,0.19
6350001,1,18.4859,-7531.05,3.01599,0.208
6355001,1,17.6156,-7532.32,3.48928,0.182
6360001,2,39.0177,-7531.98,0.270158,0.249
6365001,1,19.3385,-7532.5,0.647718,0.217
6370001,1,18.1551,-7534.32,1.89311,0.153
6375001,1,18.8153,-7531.07,1.20073,0.187
6380001,1,20.1349,-7530.64,0.264617,0.297
6385001,1,21.0749,-7531.23,0.454644,0.18
6390001,1,19.8019,-7530.91,1.02153,0.153
6395001,2,38.7244,-7530.57,1.58137,0.189
6400001,1,20.5258,-7531.22,0.0115931,0.292
6405001,1,20.0027,-7532.02,0.600936,0.165
6410001,1,20.9872,-7529.96,0.0443321,0.225
6415001,1,19.5632,-7530.52,0.670557,0.22
6420001,1,20.2377,-7534.56,0.0408725,0.133
6425001,3,55.5638,-7532.43,1.5795,0.259
6430001,1,19.6111,-7533.81,2.62259,0.259
6435001,1,17.2327,-7531.76,4.07243,0.242
6440001,1,21.6317,-7533.12,0.272592,0.206
6445001,2,36.6793,-7530.92,4.33978,0.295
6450001,1,18.5987,-7531.68,1.10431,0.167
6455001,2,34.1809,-7531.21,0.595476,0.218
6460001,1,20.1389,-7530.29,0.255864,0.137
6465001,2,38.0982,-7531.18,0.490196,0.318
6470001,1,20.2985,-7530.88,1.24899,0.179
6475001,1,18.8493,-7530.09,1.14532,0.305
6480001,1,20.3535,-7533.7,0.94034,0.209
6485001,1,20.369,-7531.73,0.180491,0.145
6490001,3,54.9897,-7535.09,2.20845,0.361
6495001,2,37.7934,-7531.17,0.814749,0.159
6500001,1,19.3374,-7532.42,1.0716,0.218
6505001,1,20.5211,-7533.4,0.414716,0.241
6510001,1,20.826,-7538.38,0.276224,0.171
6515001,1,19.2769,-7530.75,1.47133,0.144
6520001,1,21.3193,-7532.91,0.522905,0.179
6525001,1,19.5116,-7530.48,0.430435,0.215
6530001,2,38.9472,-7531.3,1.26411,0.181
6535001,1,20.5432,-7532.32,0.0136938,0.149
6540001,2,38.0016,-7531.72,2.49695,0.253
6545001,1,19.6489,-7534.29,1.63123,0.147
6550001,1,19.7498,-7531.37,0.30461,0.299
6555001,2,38.5876,-7531.42,1.22563,0.27
6560001,1,20.5815,-7535.08,1.64075,0.183
6565001,2,39.503,-7531.05,0.664446,0.281
6570001,1,19.3735,-7530.89,0.454404,0.148
6575001,2,36.1737,-7532.39,0.974555,0.229
6580001,1,20.1728,-7532.97,0.337347,0.143
6585001,2,36.7637,-7529.87,0.642385,0.216
6590001,1,20.8508,-7532.5,0.322271,0.288
6595001,2,37.4795,-7532,0.560617,0.377
6600001,3,56.682,-7535.19,0.848533,0.284
6605001,2,33.0157,-7531.25,5.15525,0.206
6610001,1,20.0665,-7531.17,1.03127,0.235
6615001,1,21.079,-7532.45,1.02714,0.209
6620001,1,21.3952,-7530.44,0.0344523,0.209
6625001,2,37.9281,-7532.47,2.83802,0.241
6630001,1,21.6855,-7533.28,0.412257,0.169
6635001,1,21.2189,-7533.65,1.18775,0.154
6640001,2,40.562,-7532.32,0.723968,0.261
6645001,1,22.6153,-7537.01,0.0517776,0.165
6650001,1,20.8983,-7530.61,0.449964,0.286
6655001,1,21.0022,-7532.21,0.0585433,0.215
6660001,1,19.5099,-7530.85,0.946627,0.178
6665001,2,39.1066,-7530.74,1.22972,0.209
6670001,1,20.436,-7531.36,0.324053,0.226
6675001,1,19.8002,-7531.24,0.807917,0.198
6680001,1,20.7016,-7530.77,0.474156,0.176
6685001,1,21.7874,-7532.54,0.12436,0.153
6690001,2,40.6798,-7531.43,0.246162,0.347
6695001,1,20.8554,-7530.44,0.553057,0.222
6700001,1,20.9918,-7531.93,0.817642,0.193
6705001,2,40.6268,-7529.21,0.434702,0.232
6710001,1,17.8828,-7530.03,3.21092,0.142
6715001,1,19.2788,-7531.09,0.382497,0.244
6720001,3,51.6765,-7527.67,2.16944,0.362
6725001,2,38.0448,-7531.45,0.403981,0.25
6730001,1,19.437,-7531.3,0.433605,0.212
6735001,1,18.963,-7532.18,0.820894,0.234
6740001,1,18.1775,-7532.45,1.9374,0.251
6745001,1,19.6227,-7531.16,0.822879,0.161
6750001,1,21.3214,-7531.65,0.296537,0.353
6755001,1,20.1697,-7532.13,0.44945,0.24
6760001,1,19.1153,-7530.82,0.318689,0.235
6765001,1,20.7179,-7533.07,0.149252,0.27
6770001,3,54.1824,-7530.15,2.92592,0.309
6775001,2,38.6022,-7529.57,0.489765,0.271
6780001,1,21.1333,-7532.41,0.557469,0.161
6785001,1,20.2592,-7530.96,0.0398799,0.269
6790001,3,57.2482,-7528.35,1.06087,0.187
6795001,1,21.0591,-7531.22,0.411128,0.174
6800001,3,57.1599,-7529.51,0.440859,0.258
6805001,1,19.373,-7530.95,0.0233545,0.198
6810001,1,19.9073,-7532.06,0.345811,0.232
6815001,2,37.5197,-7531.49,1.47379,0.163
6820001,1,21.6055,-7531.27,0.192491,0.206
6825001,2,39.4091,-7527.43,1.55295,0.251
6830001,1,21.232,-7531.06,0.0216647,0.209
6835001,1,20.0133,-7530.59,0.182166,0.175
6840001,1,19.7946,-7531.04,0.211968,0.155
6845001,1,19.5316,-7530.87,1.20597,0.158
6850001,1,19.4669,-7530.2,1.27718,0.164
6855001,2,35.9202,-7530.54,0.510273,0.246
6860001,1,21.3918,-7533.94,0.695082,0.208
6865001,2,39.5921,-7529.63,1.14348,0.202
6870001,1,21.4918,-7534.36,0.809241,0.169
6875001,2,40.7817,-7534.73,0.520788,0.226
6880001,1,19.4352,-7530.84,1.9207,0.312
6885001,3,58.7353,-7530.96,0.741781,0.267
6890001,1,19.988,-7533.09,1.33561,0.183
6895001,1,17.6313,-7530.5,3.41886,0.195
6900001,2,38.648,-7531.69,0.223367,0.243
6905001,3,54.771,-7528.03,1.5173,0.246
6910001,1,18.8329,-7530.58,2.07043,0.204
6915001,2,36.4837,-7530.49,0.216273,0.213
6920001,1,21.2132,-7534.51,0.391602,0.221
6925001,1,20.2026,-7530.63,0.680824,0.159
6930001,2,37.8185,-7531.2,1.65973,0.235
6935001,2,35.5255,-7532.43,1.21174,0.308
6940001,1,21.0744,-7532.23,0.842465,0.233
6945001,2,40.1813,-7531.31,1.10509,0.236
6950001,3,60.049,-7529.25,0.010356,0.316
6955001,1,20.673,-7530.4,0.797215,0.206
6960001,2,37.2636,-7529.81,0.402814,0.179
6965001,1,21.4338,-7534.26,1.07303,0.155
6970001,1,19.5829,-7529.91,0.807102,0.159
6975001,3,54.728,-7531.08,0.168507,0.208
6980001,2,37.271,-7535.53,2.30077,0.212
6985001,1,20.8056,-7531.24,0.696633,0.251
6990001,2,36.579,-7529.35,1.20893,0.185
6995001,2,35.5165,-7531.14,3.56833,0.224
7000001,1,20.158,-7530.63,0.836685,0.16
7005001,1,20.6383,-7532.65,1.13161,0.274
7010001,1,20.4597,-7530.33,0.14287,0.176
7015001,2,39.8072,-7535.38,0.228291,0.253
7020001,2,40.0541,-7533.87,0.154441,0.212
7025001,1,20.461,-7530.16,0.125273,0.161
7030001,2,40.0423,-7528.74,0.167559,0.261
7035001,1,19.2496,-7530.14,0.86298,0.243
7040001,2,37.4201,-7532.14,0.243793,0.159
7045001,1,19.0133,-7530.49,1.14679,0.157
7050001,4,75.6598,-7529.86,0.0606947,0.342
7055001,2,38.2013,-7532.82,1.50369,0.296
7060001,1,21.9266,-7533.21,0.0857855,0.228
7065001,2,38.5877,-7531.83,1.61029,0.241
7070001,1,19.0509,-7532.14,2.17298,0.147
7075001,1,20.1925,-7533.41,0.186987,0.215
7080001,1,20.3079,-7530.26,0.0815236,0.15
7085001,1,19.8535,-7532.43,1.68515,0.189
7090001,1,21.6078,-7532.67,0.0555389,0.162
7095001,1,19.2207,-7534.14,2.52646,0.206
7100001,2,34.8345,-7530.59,0.243461,0.269
7105001,1,15.1258,-7531.2,4.72253,0.2
7110001,1,18.4267,-7530.58,2.59455,0.146
7115001,1,20.592,-7531.32,0.716084,0.244
7120001,2,36.8738,-7531.17,0.432697,0.151
7125001,2,26.3624,-7534.99,0.506222,0.218
7130001,2,37.2533,-7529.78,3.08518,0.132
7135001,1,19.8171,-7530.51,0.660684,0.254
7140001,2,38.9573,-7530.85,0.61936,0.167
7145001,2,38.8817,-7532.93,0.490141,0.224
7150001,2,38.7861,-7532.67,0.49803,0.294
7155001,2,40.1522,-7532.76,1.23603,0.189
7160001,1,19.7462,-7531.61,1.15767,0.311
7165001,1,19.2644,-7532.37,1.54197,0.213
7170001,2,40.4732,-7527.98,0.192206,0.262
7175001,2,35.5097,-7530.27,1.89227,0.256
7180001,3,59.3149,-7529.82,0.271511,0.29
7185001,1,19.6165,-7532.41,2.07545,0.157
7190001,3,57.0004,-7531.09,1.18202,0.197
7195001,1,20.5728,-7530.39,0.0423108,0.237
7200001,3,58.0238,-7527.74,0.901287,0.291
7205001,1,21.1929,-7533.29,0.128248,0.213
7210001,3,55.6272,-7535.2,0.0363862,0.268
7215001,1,20.3676,-7530.06,0.637045,0.203
7220001,1,20.0944,-7533.16,0.261119,0.359
7225001,1,20.7267,-7531.3,0.676242,0.155
7230001,1,20.0904,-7533.11,1.2248,0.209
7235001,1,20.891,-7532.62,0.933721,0.272
7240001,1,20.3707,-7534.57,1.08566,0.256
7245001,1,19.4343,-7533.48,0.560639,0.216
7250001,2,36.3615,-7532.16,0.919236,0.182
7255001,1,18.701,-7531.31,1.3416,0.234
7260001,2,37.2743,-7532.09,0.689387,0.233
7265001,1,20.6005,-7530.58,0.439111,0.147
7270001,3,54.02,-7530.37,0.998092,0.254
7275001,1,19.1954,-7532.08,0.880045,0.158
7280001,1,20.7138,-7532.44,0.192032,0.177
7285001,1,20.4064,-7530.78,0.41186,0.24
7290001,1,21.4032,-7537.44,0.829788,0.229
7295001,2,39.934,-7529.32,0.107018,0.282
7300001,3,56.1165,-7530.4,1.11334,0.281
7305001,1,21.5635,-7533.83,0.346956,0.162
7310001,1,20.0753,-7531.24,1.50566,0.293
7315001,1,19.4232,-7531.34,1.73056,0.164
7320001,3,57.5894,-7529.1,0.429033,0.285
7325001,1,19.7093,-7531.41,2.02981,0.2
7330001,3,51.3662,-7533.7,0.86224,0.323
7335001,2,39.2354,-7530.21,1.75176,0.263
7340001,2,34.249,-7531.67,5.83207,0.27
7345001,1,19.3748,-7533.71,1.6978,0.161
7350001,1,20.6159,-7535.67,1.28916,0.176
7355001,2,41.2771,-7535.5,0.398267,0.19
7360001,2,40.3431,-7531.92,0.269528,0.258
7365001,1,19.3448,-7531.56,1.99293,0.166
7370001,2,39.2088,-7531.68,1.2179,0.388
7375001,1,20.4863,-7531.57,1.2846,0.243
7380001,2,40.3673,-7531.09,0.63106,0.315
7385001,2,39.526,-7530.84,1.04476,0.274
7390001,2,38.9748,-7527.78,0.922584,0.267
7395001,1,20.8491,-7531.03,0.318533,0.222
7400001,2,38.9829,-7536.12,0.356347,0.192
7405001,1,21.3112,-7532.99,0.168706,0.175
7410001,1,22.3252,-7534.2,0.205489,0.18
7415001,3,57.2924,-7530.24,0.288874,0.195
7420001,1,21.5068,-7531.55,0.0231332,0.334
7425001,2,39.4729,-7530.44,1.25417,0.337
7430001,1,20.5004,-7532.45,1.3198,0.179
7435001,1,21.464,-7532.36,0.0658679,0.145
7440001,1,20.1659,-7530.66,1.02323,0.147
7445001,1,20.0722,-7535.01,2.3711,0.175
7450001,1,19.652,-7531.32,1.67878,0.227
7455001,2,39.621,-7531.41,0.354553,0.268
7460001,1,20.182,-7532.49,1.68688,0.181
7465001,1,20.4417,-7531.63,0.84558,0.133
7470001,2,39.7845,-7534.57,0.00231291,0.203
7475001,1,19.4652,-7531.47,1.1154,0.277
7480001,1,18.5142,-7531.33,2.04487,0.238
7485001,6,114.228,-7529.01,0.360867,0.379
7490001,1,18.9237,-7531.68,2.77356,0.239
7495001,2,38.7303,-7533.75,1.74535,0.179
7500001,1,18.8296,-7530.85,2.26743,0.17
7505001,1,18.6978,-7532.92,1.92224,0.233
7510001,2,38.3519,-7531.39,0.893252,0.152
7515001,1,21.8241,-7532.68,0.189778,0.173
7520001,1,20.2533,-7531.26,1.15848,0.305
7525001,2,38.6107,-7535.72,0.0994233,0.275
7530001,2,39.6751,-7530.53,0.807562,0.249
7535001,2,40.5179,-7531.8,0.587452,0.255
7540001,2,40.1256,-7534.43,0.19081,0.189
7545001,1,22.6427,-7541.21,0.0586949,0.207
7550001,2,39.7303,-7529.99,0.28248,0.199
7555001,2,35.8511,-7533.5,3.99509,0.18
7560001,1,20.7324,-7531.87,0.771646,0.16
7565001,1,18.832,-7531.95,1.75411,0.304
7570001,2,40.7647,-7532.47,0.0478151,0.216
7575001,3,57.3259,-7534.21,3.07436,0.332
7580001,1,20.0247,-7532.37,0.292208,0.158
7585001,1,20.7695,-7531.77,0.181197,0.148
7590001,1,20.3213,-7530.55,0.10813,0.186
7595001,1,19.1052,-7531.3,0.907083,0.202
7600001,1,17.8759,-7532.05,1.94312,0.225
7605001,1,19.6457,-7535.02,1.93961,0.169
7610001,3,53.5194,-7528.4,1.96707,0.298
7615001,3,57.9202,-7532.14,0.497429,0.324
7620001,1,15.9441,-7532.42,4.69119,0.151
7625001,1,21.7286,-7533.12,0.00517699,0.175
7630001,1,19.1465,-7532.72,2.05313,0.244
7635001,2,39.5005,-7531.09,0.861573,0.206
7640001,2,40.6679,-7533.15,0.228145,0.37
7645001,2,37.8624,-7530.49,0.445702,0.313
7650001,1,17.3888,-7532.07,2.51059,0.182
7655001,1,21.3007,-7532.1,0.378738,0.167
7660001,1,18.9768,-7531.29,1.40596,0.333
7665001,1,20.6187,-7532.4,0.723886,0.155
7670001,1,19.3381,-7530.74,1.60959,0.179
7675001,2,40.7262,-7530.84,0.00662858,0.166
7680001,1,19.9758,-7531.46,0.185724,0.273
7685001,1,20.1811,-7531.49,0.0978622,0.153
7690001,2,39.0865,-7533.07,0.471212,0.365
7695001,1,21.4159,-7531.73,0.258178,0.202
7700001,2,37.7395,-7529.55,0.694438,0.172
7705001,1,20.1479,-7532.24,0.725678,0.29
7710001,1,20.8376,-7534.3,0.482558,0.17
7715001,1,21.0389,-7534.4,0.325018,0.151
7720001,2,39.4922,-7530.84,0.0952668,0.188
7725001,1,18.6235,-7530.9,1.74691,0.212
7730001,1,20.5034,-7531.97,0.436572,0.202
7735001,2,39.1314,-7530.97,0.305556,0.291
7740001,4,73.512,-7532.24,3.64643,0.279
7745001,1,19.7678,-7531.41,1.60427,0.131
7750001,3,59.529,-7532.31,0.0964861,0.228
7755001,1,21.2055,-7533.72,0.233828,0.193
7760001,1,19.4115,-7531.2,1.48553,0.17
7765001,1,20.2475,-7531.06,1.18634,0.25
7770001,1,19.6135,-7532.07,1.30153,0.189
7775001,4,76.1307,-7528.38,1.21343,0.265
7780001,1,21.1986,-7532.17,0.0803094,0.217
7785001,1,19.9195,-7531.55,0.111429,0.145
7790001,2,31.4955,-7533.21,4.40275,0.188
7795001,1,21.4904,-7532.88,0.00124238,0.189
7800001,1,21.3744,-7532.51,0.0228853,0.171
7805001,1,18.8558,-7531.19,2.37707,0.191
7810001,1,20.3402,-7531.59,0.0743674,0.179
7815001,1,20.4208,-7535.27,0.723341,0.187
7820001,1,18.463,-7530.34,2.22108,0.251
7825001,2,37.591,-7531.25,1.00069,0.189
7830001,1,18.7648,-7532.26,2.50753,0.139
7835001,2,37.5571,-7532.82,0.426204,0.218
7840001,1,21.6132,-7533.22,0.106134,0.196
7845001,1,21.1821,-7533.56,0.507711,0.218
7850001,1,21.2727,-7531.89,0.366594,0.225
7855001,1,21.9024,-7535.33,0.784653,0.252
7860001,1,21.4391,-7531.39,0.31602,0.186
7865001,1,19.8496,-7532.85,2.31644,0.165
7870001,1,20.6982,-7532.4,0.00250418,0.148
7875001,1,19.0528,-7530.45,1.7099,0.208
7880001,1,19.4236,-7531.62,1.90145,0.165
7885001,1,21.6126,-7532.9,0.101851,0.251
7890001,2,38.0848,-7532.07,1.77691,0.256
7895001,2,39.0073,-7531.6,0.625814,0.256
7900001,1,19.9232,-7531.77,0.883044,0.158
7905001,1,20.3449,-7531.78,0.724107,0.166
7910001,1,20.5254,-7531.7,0.782284,0.165
7915001,1,20.355,-7531.9,1.25023,0.157
7920001,1,20.2374,-7530.67,0.899208,0.217
7925001,2,38.419,-7531.01,2.07319,0.22
7930001,1,20.2608,-7533.52,0.798429,0.159
7935001,1,19.7588,-7532.96,0.921166,0.171
7940001,1,19.3734,-7530.6,1.5838,0.171
7945001,1,19.1096,-7533.11,2.863,0.222
7950001,1,19.0175,-7533.26,2.60628,0.159
7955001,2,38.6099,-7535.24,0.327934,0.152
7960001,2,32.4224,-7529.88,2.04895,0.289
7965001,1,19.7133,-7532.19,1.6668,0.246
7970001,2,36.0667,-7532.22,1.73986,0.195
7975001,1,20.5976,-7531.38,0.631428,0.222
7980001,1,20.8675,-7533.12,0.594666,0.2
7985001,1,20.9577,-7532.03,0.391637,0.185
7990001,1,20.8946,-7531.34,0.504628,0.2
7995001,1,20.4719,-7530.77,0.0252235,0.214
8000001,1,18.9912,-7531.61,1.22809,0.162
8005001,1,20.5433,-7532.29,0.0685864,0.164
8010001,1,18.2554,-7531.1,2.10279,0.194
8015001,1,20.0691,-7533.16,0.11753,0.232
8020001,3,56.7473,-7528.96,2.06172,0.228
8025001,1,21.0308,-7531.56,0.275916,0.269
8030001,1,18.646,-7531.07,2.03869,0.148
8035001,1,19.8266,-7531.48,0.12687,0.33
8040001,2,38.3877,-7531.36,1.02172,0.224
8045001,1,20.1329,-7531.93,1.24351,0.184
8050001,2,38.0843,-7531.52,0.0756341,0.137
8055001,2,36.7925,-7532.24,1.81419,0.267
8060001,1,19.5957,-7532.13,1.40574,0.168
8065001,1,18.7784,-7532.73,1.88106,0.325
8070001,1,21.0251,-7531.61,0.432057,0.187
8075001,1,19.2057,-7533.71,1.01087,0.165
8080001,1,19.782,-7530.96,0.902858,0.158
8085001,1,20.336,-7530.82,0.989559,0.212
8090001,3,56.4855,-7529.44,0.583774,0.325
8095001,1,21.6911,-7534.5,0.377674,0.157
8100001,1,21.1405,-7532.62,0.83099,0.176
8105001,3,59.015,-7530.65,1.13832,0.198
8110001,2,40.1598,-7530.62,0.686837,0.176
8115001,1,20.5518,-7533.31,0.572548,0.204
8120001,1,20.8917,-7530.36,0.409468,0.149
8125001,1,18.233,-7531.07,1.69632,0.202
8130001,1,19.1703,-7530.35,1.47629,0.174
8135001,2,35.2123,-7530.04,0.0269608,0.243
8140001,2,38.1309,-7532.59,0.155257,0.303
8145001,1,21.2468,-7532.78,0.00299022,0.154
8150001,2,37.5923,-7529.66,0.401994,0.248
8155001,1,20.3114,-7532.68,0.828706,0.147
8160001,1,18.913,-7533.59,2.76256,0.16
8165001,1,20.0417,-7532.49,1.47838,0.189
8170001,2,38.2377,-7529.25,0.614951,0.291
8175001,1,18.7803,-7534.22,1.3506,0.131
8180001,2,37.2403,-7533.57,0.770155,0.267
8185001,2,37.0887,-7532.58,0.694928,0.2
8190001,1,20.1548,-7532.28,0.0663937,0.159
8195001,1,20.7324,-7533.23,0.0488812,0.212
8200001,1,20.9377,-7533.61,0.0811303,0.187
8205001,2,38.6223,-7533.42,0.476337,0.249
8210001,1,20.7893,-7531.38,0.0433558,0.18
8215001,1,20.2006,-7533.13,0.905666,0.178
8220001,2,40.1832,-7537.82,0.28748,0.21
8225001,1,19.2321,-7532.12,1.67242,0.227
8230001,1,19.7822,-7533.04,1.422,0.295
8235001,1,20.8673,-7532.18,0.0120336,0.22
8240001,1,18.3971,-7534.04,1.16538,0.197
8245001,2,39.0368,-7531.65,0.193875,0.354
8250001,2,38.0931,-7535.01,2.61042,0.264
8255001,1,19.4849,-7533.22,1.71697,0.162
8260001,1,20.56,-7533.94,0.673935,0.166
8265001,1,19.3072,-7531.92,1.18729,0.194
8270001,1,20.3813,-7531.4,0.214255,0.232
8275001,1,20.7176,-7534.78,0.324723,0.153
8280001,1,20.7058,-7535.31,0.941207,0.219
8285001,1,17.416,-7533.47,3.61929,0.193
8290001,2,35.7619,-7534.88,3.04265,0.209
8295001,1,19.3904,-7533.5,1.0193,0.154
8300001,1,20.6183,-7533.77,0.57575,0.197
8305001,1,20.2845,-7531.52,0.635188,0.183
8310001,1,18.4241,-7533.76,1.76248,0.272
8315001,2,39.445,-7532.1,0.0522242,0.336
8320001,1,16.849,-7534.67,2.1416,0.23
8325001,2,38.0401,-7533.28,1.11573,0.23
8330001,2,37.8184,-7527.32,0.42062,0.282
8335001,1,20.3138,-7530.92,0.200236,0.192
8340001,1,19.4497,-7531.14,0.703549,0.157
8345001,1,20.4116,-7531.69,0.203396,0.206
8350001,2,39.3349,-7529.09,0.553114,0.311
8355001,2,39.7956,-7530.16,0.650717,0.271
8360001,1,20.604,-7533.62,0.972323,0.155
8365001,1,17.9046,-7532.42,3.84523,0.245
8370001,2,38.1679,-7535.35,1.75174,0.322
8375001,1,20.0713,-7531.45,1.67017,0.3
8380001,3,60.1118,-7532.17,1.07305,0.334
8385001,2,35.2963,-7531.09,0.932441,0.206
8390001,1,19.505,-7533.3,1.10286,0.344
8395001,1,20.2249,-7530.69,0.333732,0.187
8400001,2,36.9941,-7531.28,0.744671,0.214
8405001,1,18.4421,-7532.13,2.46374,0.239
8410001,1,19.7337,-7531.26,1.7239,0.324
8415001,1,21.4746,-7534.12,0.438803,0.187
8420001,1,18.3382,-7531.86,2.98861,0.298
8425001,1,19.0327,-7533.33,0.687103,0.224
8430001,2,39.1904,-7531.89,0.251362,0.299
8435001,1,20.096,-7533.2,0.771607,0.247
8440001,1,21.5981,-7531.68,0.0143101,0.177
8445001,2,36.67,-7526.37,1.59866,0.261
8450001,3,57.5776,-7531.71,0.263358,0.261
8455001,1,19.6205,-7532.64,0.475662,0.327
8460001,2,38.7602,-7532.56,0.168228,0.3
8465001,3,58.2919,-7532.17,0.912345,0.317
8470001,1,18.5931,-7530.86,3.02442,0.188
8475001,2,40.8462,-7536.39,0.572374,0.251
8480001,2,39.382,-7531.3,2.35648,0.343
8485001,1,20.5506,-7531.42,0.891984,0.257
8490001,3,58.2232,-7533.83,0.126974,0.185
8495001,3,54.448,-7525.77,2.42587,0.347
8500001,1,21.5087,-7531.54,0.231849,0.162
8505001,1,20.8167,-7531.97,1.20391,0.249
8510001,1,20.2145,-7530.93,0.619351,0.159
8515001,2,40.6375,-7532.46,0.11551,0.185
8520001,3,57.8924,-7531.82,0.0340896,0.343
8525001,1,21.3505,-7532.92,0.567919,0.244
8530001,1,20.616,-7531.81,0.103937,0.213
8535001,1,20.7446,-7531.07,0.603983,0.218
8540001,1,21.1917,-7531.99,0.0768088,0.154
8545001,1,20.4754,-7531.98,1.15386,0.198
8550001,2,34.0716,-7533.15,1.02995,0.19
8555001,1,19.6344,-7532.32,1.70959,0.246
8560001,1,20.6668,-7532,0.313244,0.254
8565001,1,20.0244,-7531.14,1.33749,0.147
8570001,1,20.7495,-7533.2,0.649712,0.158
8575001,1,21.2864,-7531.22,0.134656,0.161
8580001,1,20.9268,-7531.21,0.505923,0.177
8585001,1,20.5275,-7532.83,1.00276,0.168
8590001,1,20.7852,-7536.25,0.960925,0.247
8595001,2,36.0171,-7534.11,3.69591,0.259
8600001,1,21.5875,-7532.92,0.486471,0.194
8605001,1,19.0942,-7533.06,2.7095,0.211
8610001,2,40.0603,-7531.28,1.19454,0.16
8615001,1,18.5546,-7533.25,2.27987,0.172
8620001,1,21.925,-7534.18,0.10192,0.182
8625001,1,21.6618,-7535.7,0.877632,0.291
8630001,1,21.2044,-7531.71,0.109213,0.289
8635001,1,21.9285,-7532.43,0.0110992,0.193
8640001,1,22.1046,-7532.94,0.011906,0.191
8645001,1,20.8716,-7531.37,0.662911,0.169
8650001,2,40.7012,-7533.47,0.601622,0.21
8655001,1,15.1406,-7531.79,6.0277,0.14
8660001,2,39.1592,-7531.79,1.29241,0.174
8665001,1,21.0568,-7531.4,0.178338,0.187
8670001,3,48.3866,-7536.41,2.27411,0.32
8675001,1,18.6272,-7532.45,2.63554,0.151
8680001,1,20.3282,-7532.68,1.37001,0.26
8685001,1,15.7826,-7534.67,6.59984,0.158
8690001,1,20.1004,-7530.82,1.05148,0.18
8695001,1,18.2369,-7531.2,1.91453,0.156
8700001,1,21.0844,-7530.75,0.108559,0.226
8705001,1,20.1198,-7532.79,0.557802,0.285
8710001,1,19.3447,-7530.88,1.91543,0.235
8715001,1,21.1002,-7532.39,0.716099,0.161
8720001,1,19.1032,-7532.91,2.10708,0.188
8725001,1,20.3902,-7531.92,0.18504,0.316
8730001,1,21.0665,-7531.81,0.136469,0.182
8735001,1,20.1121,-7533.26,1.01445,0.221
8740001,1,18.4565,-7532.39,2.57962,0.16
8745001,1,20.7906,-7530.87,0.00117995,0.253
8750001,2,37.1866,-7530.15,3.08341,0.163
8755001,2,37.2836,-7530.79,0.511749,0.385
8760001,1,20.4748,-7531.59,0.287469,0.243
8765001,3,53.1111,-7534.27,2.66323,0.171
8770001,3,53.4114,-7537.25,1.44907,0.35
8775001,2,39.4044,-7529.73,0.573593,0.199
8780001,1,20.5743,-7532.49,0.160154,0.206
8785001,4,76.5103,-7526.8,0.541712,0.334
8790001,2,35.4903,-7533.22,2.05647,0.136
8795001,3,54.5233,-7530.51,2.1155,0.36
8800001,1,21.5274,-7532.35,0.521082,0.171
8805001,1,18.1831,-7531.59,2.87343,0.182
8810001,2,34.4311,-7532.21,4.67625,0.214
8815001,1,19.3364,-7532.33,0.369589,0.168
8820001,2,38.4175,-7533.16,0.641025,0.249
8825001,2,38.7578,-7531.18,0.0365899,0.205
8830001,1,20.2344,-7532.51,0.819668,0.261
8835001,1,19.9943,-7530.75,0.640966,0.163
8840001,3,58.707,-7528.97,1.21622,0.271
8845001,1,19.2694,-7530.67,1.19735,0.152
8850001,1,17.0707,-7532.58,3.17572,0.212
8855001,1,20.3531,-7533.2,1.12132,0.283
8860001,1,20.3117,-7533.8,0.765535,0.187
8865001,1,20.2998,-7531.96,0.271101,0.197
8870001,1,19.9753,-7535.58,1.70056,0.181
8875001,2,40.682,-7531.51,0.616104,0.357
8880001,1,20.7492,-7531.91,0.647044,0.285
8885001,1,21.8381,-7534.51,0.636923,0.318
8890001,1,20.0991,-7531.75,1.7384,0.187
8895001,3,55.7116,-7532.91,1.93074,0.322
8900001,1,16.9521,-7530.99,4.19702,0.228
8905001,1,20.5702,-7531.99,0.110376,0.19
8910001,1,21.216,-7533.85,0.104337,0.299
8915001,1,21.2002,-7533.47,0.850534,0.162
8920001,1,21.0476,-7532.91,0.0130101,0.241
8925001,1,22.0535,-7532.58,0.106856,0.205
8930001,1,18.5745,-7531.39,2.02993,0.155
8935001,2,31.9479,-7529.41,2.06445,0.28
8940001,2,36.7499,-7536.86,0.313847,0.175
8945001,1,17.7128,-7533.38,4.36073,0.257
8950001,1,21.4952,-7531.31,0.269496,0.229
8955001,3,59.2103,-7530.31,0.428506,0.306
8960001,2,39.5856,-7533.16,0.699021,0.252
8965001,1,21.2892,-7532.34,0.481126,0.179
8970001,2,40.3466,-7531.05,0.109672,0.217
8975001,1,21.2942,-7535.22,0.11855,0.193
8980001,2,39.8244,-7529,1.36022,0.226
8985001,2,40.3091,-7533.72,0.57464,0.201
8990001,2,39.2278,-7531.22,1.36574,0.175
8995001,3,56.5689,-7526.26,1.43819,0.261
9000001,2,38.5516,-7531.08,0.255656,0.321
9005001,2,36.5611,-7528.61,0.944347,0.277
9010001,2,40.6074,-7529.04,0.0508126,0.245
9015001,3,58.1331,-7531.32,0.349326,0.255
9020001,1,20.4742,-7530.76,0.281318,0.234
9025001,1,20.3194,-7533.14,0.871116,0.275
9030001,1,18.8198,-7531.45,1.50894,0.177
9035001,1,18.3877,-7531.47,1.97718,0.256
9040001,1,20.6337,-7532.57,1.17161,0.175
9045001,1,21.1725,-7534.05,0.418867,0.253
9050001,1,20.885,-7531.76,0.892186,0.261
9055001,2,39.9216,-7530.01,1.15638,0.24
9060001,1,19.8132,-7531.63,1.10068,0.141
9065001,1,20.554,-7532.65,1.23179,0.147
9070001,1,19.888,-7531.67,0.20586,0.18
9075001,1,20.4263,-7532.33,0.459503,0.162
9080001,1,20.5898,-7531.75,0.855082,0.209
9085001,1,20.4234,-7533,0.371602,0.211
9090001,1,21.4739,-7532.77,0.259393,0.233
9095001,1,19.2572,-7531.51,2.58451,0.161
9100001,1,20.945,-7533.37,0.635372,0.156
9105001,3,58.3045,-7534.69,0.791173,0.309
9110001,2,37.8662,-7532.75,2.2628,0.173
9115001,1,19.3624,-7531.86,1.40014,0.159
9120001,1,19.4335,-7537.34,1.0292,0.182
9125001,1,21.2476,-7534.46,0.756843,0.279
9130001,1,22.1862,-7535.63,0.278709,0.215
9135001,1,20.4675,-7541.67,2.12584,0.172
9140001,2,41.3179,-7534.77,0.36814,0.191
9145001,1,20.3221,-7533.76,0.683248,0.183
9150001,1,20.7482,-7532.68,0.737296,0.153
9155001,1,20.7119,-7532.81,0.272674,0.193
9160001,1,21.0818,-7533.42,0.436906,0.152
9165001,1,20.8513,-7532.41,1.10717,0.204
9170001,2,39.9586,-7531.25,1.78311,0.197
9175001,1,20.7423,-7534.82,0.672466,0.215
9180001,1,14.8206,-7532.53,7.37766,0.271
9185001,1,20.5236,-7531.42,0.372307,0.225
9190001,1,22.1734,-7533.58,0.0333139,0.19
9195001,2,39.1119,-7532.7,1.0329,0.221
9200001,1,20.915,-7532.84,0.248378,0.151
9205001,2,39.4869,-7532.52,1.65489,0.205
9210001,2,39.5067,-7537.69,2.75804,0.26
9215001,1,20.3574,-7532.05,0.724589,0.195
9220001,1,22.2064,-7533.77,0.0726,0.301
9225001,1,19.8031,-7532.51,1.89061,0.239
9230001,3,58.9913,-7529.69,0.577101,0.288
9235001,1,20.5279,-7531.72,0.13288,0.293
9240001,1,20.7436,-7530.96,0.130533,0.194
9245001,1,20.225,-7531.97,0.384048,0.245
9250001,1,16.3787,-7532.22,3.3189,0.274
9255001,1,19.9292,-7531.51,1.1172,0.192
9260001,1,21.2811,-7531.65,0.137729,0.281
9265001,1,19.9529,-7531.86,1.22199,0.19
9270001,1,19.7388,-7533.44,0.203001,0.238
9275001,1,21.5646,-7531.75,0.314925,0.251
9280001,1,19.8881,-7530.72,0.710939,0.263
9285001,2,41.9826,-7532.5,0.1015,0.157
9290001,1,21.4361,-7532.22,0.00134757,0.163
9295001,2,37.7006,-7526.92,0.0401465,0.279
9300001,1,19.2715,-7533.15,1.21722,0.282
9305001,2,39.8817,-7532.71,0.347581,0.31
9310001,1,18.071,-7532.41,3.57199,0.248
9315001,1,21.4734,-7531.04,0.0547271,0.194
9320001,1,18.6453,-7534.48,2.29598,0.18
9325001,3,53.6484,-7530.87,0.593038,0.188
9330001,1,21.207,-7530.91,0.0654103,0.16
9335001,2,38.9358,-7528.36,0.479249,0.263
9340001,1,20.3438,-7531.05,0.923572,0.156
9345001,1,21.1498,-7532.26,0.325482,0.168
9350001,1,18.7828,-7535.5,2.88951,0.232
9355001,1,16.1763,-7532.72,5.01068,0.154
9360001,2,39.214,-7528.55,0.486835,0.247
9365001,2,35.3132,-7529.68,1.8434,0.244
9370001,1,20.0658,-7533.62,1.49301,0.149
9375001,1,17.9891,-7533.6,3.9352,0.177
9380001,2,40.1243,-7533.33,0.226873,0.213
9385001,1,21.2903,-7531.89,0.463396,0.19
9390001,2,39.38,-7531.42,1.79372,0.215
9395001,1,19.2606,-7531.33,1.8537,0.294
9400001,1,17.2882,-7530.88,3.87501,0.306
9405001,1,20.1202,-7534.14,0.296199,0.151
9410001,1,19.9501,-7531.37,1.3315,0.368
9415001,2,39.5158,-7531.9,0.434899,0.355
9420001,2,37.0944,-7531.32,0.297675,0.194
9425001,1,19.3124,-7535.3,1.29182,0.189
9430001,1,19.1917,-7531.51,2.14658,0.162
9435001,1,22.1044,-7537.91,0.642489,0.153
9440001,2,37.6995,-7531.23,1.06992,0.202
9445001,1,20.4523,-7533.05,1.39555,0.2
9450001,2,36.5429,-7532.12,0.836087,0.19
9455001,1,21.432,-7533.58,0.00794937,0.173
9460001,3,58.5891,-7530.35,0.592058,0.325
9465001,3,57.0962,-7522.46,0.420218,0.316
9470001,3,57.053,-7531.39,0.509162,0.309
9475001,2,41.2765,-7531.4,0.0226339,0.236
9480001,1,19.4187,-7533.33,0.580486,0.191
9485001,1,17.2039,-7531.55,2.47118,0.156
9490001,1,18.7402,-7534.22,2.17405,0.178
9495001,4,77.56,-7534.29,0.878593,0.235
9500001,1,19.0546,-7533.01,3.04635,0.176
9505001,1,20.6651,-7531.16,0.185509,0.167
9510001,1,21.101,-7534.03,0.439022,0.201
9515001,2,39.9378,-7530.64,0.463578,0.227
9520001,1,20.3585,-7531.06,0.280963,0.163
9525001,2,38.209,-7531.18,0.590732,0.227
9530001,1,20.0516,-7535.53,0.20992,0.329
9535001,2,35.0354,-7530.08,2.26243,0.318
9540001,1,18.4974,-7532.41,2.06607,0.218
9545001,1,20.3907,-7531.89,0.349622,0.168
9550001,2,37.591,-7532.82,1.68229,0.211
9555001,1,20.0309,-7531.4,0.914525,0.215
9560001,1,20.2912,-7534.36,0.970146,0.172
9565001,2,38.2726,-7532.45,0.269093,0.273
9570001,2,39.1255,-7530.5,0.0224074,0.23
9575001,1,20.8315,-7531.65,0.0490783,0.194
9580001,2,37.7808,-7531.86,0.732871,0.223
9585001,2,36.2335,-7530.31,1.80362,0.302
9590001,1,20.119,-7532.29,0.458087,0.193
9595001,1,19.8471,-7532.37,0.24476,0.155
9600001,1,22.4265,-7536.36,0.0486907,0.248
9605001,1,22.0858,-7532.54,0.212722,0.248
9610001,1,20.8118,-7531.34,0.167059,0.201
9615001,2,40.1831,-7534.96,0.181128,0.316
9620001,1,19.8446,-7530.62,0.517326,0.154
9625001,2,36.3965,-7530.54,2.86029,0.266
9630001,1,21.3802,-7537.49,1.04197,0.365
9635001,3,54.6761,-7527.69,0.234051,0.228
9640001,2,38.1948,-7532.02,0.374007,0.201
9645001,2,38.0121,-7528.83,0.138421,0.288
9650001,1,20.2689,-7531.68,0.619516,0.328
9655001,1,21.0254,-7529.41,0.0314771,0.185
9660001,1,21.5314,-7531.59,0.270975,0.239
9665001,2,37.7861,-7527.9,2.4995,0.224
9670001,1,18.595,-7529.83,1.26337,0.165
9675001,1,19.3273,-7528.76,0.801093,0.209
9680001,2,37.1125,-7531.6,0.642851,0.259
9685001,2,37.6032,-7532.78,0.309803,0.284
9690001,2,37.1085,-7532.65,0.656739,0.268
9695001,2,38.5146,-7530.09,0.845463,0.205
9700001,2,38.7855,-7527.84,0.374237,0.237
9705001,3,53.1217,-7529.72,0.327629,0.264
9710001,2,38.0697,-7530.88,0.508425,0.177
9715001,2,41.2095,-7530.74,0.216625,0.249
9720001,1,20.6128,-7530.88,0.0707364,0.16
9725001,1,19.0076,-7531.01,0.471176,0.17
9730001,1,20.0782,-7530.64,0.154454,0.224
9735001,1,20.2301,-7530.7,0.0648869,0.201
9740001,1,17.8803,-7532.2,2.07486,0.23
9745001,2,38.7307,-7527.57,0.639329,0.176
9750001,1,19.2157,-7533.7,0.786673,0.182
9755001,1,19.5034,-7530.67,0.837747,0.2
9760001,1,19.5399,-7529.97,0.0833696,0.272
9765001,2,38.8794,-7530.14,0.447067,0.367
9770001,1,20.4029,-7531.27,0.810561,0.149
9775001,1,20.4481,-7530.88,0.42417,0.139
9780001,1,18.0926,-7529.93,1.74679,0.206
9785001,1,20.6176,-7532.48,0.214833,0.18
9790001,1,20.0586,-7531.32,1.15224,0.161
9795001,1,21.1983,-7530.62,0.242889,0.184
9800001,2,39.3209,-7531.34,0.350737,0.218
9805001,1,19.1659,-7530.08,0.174287,0.161
9810001,2,38.5168,-7527.13,0.20905,0.263
9815001,1,17.6074,-7531.99,3.71952,0.184
9820001,2,33.6538,-7531.39,1.81969,0.33
9825001,2,37.5569,-7532.77,0.979031,0.147
9830001,1,20.7707,-7530.82,0.809463,0.138
9835001,1,19.9318,-7528.76,0.583535,0.153
9840001,1,19.3019,-7528.73,0.601209,0.167
9845001,1,17.9449,-7528.57,2.3054,0.29
9850001,1,20.1342,-7528.78,0.469425,0.323
9855001,1,19.0125,-7531.76,0.808149,0.258
9860001,1,17.7058,-7530.52,0.945004,0.162
9865001,1,20.6032,-7530.6,0.459845,0.243
9870001,2,35.5867,-7529.93,0.464969,0.339
9875001,1,20.7278,-7531.09,0.60939,0.178
9880001,2,35.859,-7530.67,0.36629,0.237
9885001,1,20.5221,-7529.49,0.0369379,0.231
9890001,1,21.0923,-7530.66,0.355226,0.151
9895001,1,19.9949,-7530.67,0.591681,0.21
9900001,1,19.4972,-7531,1.6461,0.194
9905001,2,38.6261,-7532.79,0.642124,0.241
9910001,1,18.1137,-7529.41,2.59448,0.205
9915001,1,20.7555,-7529.67,0.0478109,0.168
9920001,1,19.8716,-7529.91,1.08851,0.252
9925001,2,39.0368,-7530.89,1.95233,0.235
9930001,1,21.1808,-7531.02,0.349418,0.321
9935001,1,20.5721,-7533.11,0.356526,0.202
9940001,1,17.3975,-7531.52,3.76253,0.153
9945001,1,20.3575,-7532.54,1.46457,0.176
9950001,1,20.7135,-7531.41,0.936214,0.177
9955001,1,20.8812,-7531.42,0.75737,0.145
9960001,2,37.7977,-7530.66,1.6446,0.22
9965001,3,58.5076,-7530.42,0.635512,0.4
9970001,2,39.9037,-7527.86,0.311403,0.278
9975001,2,36.2988,-7530.8,3.49846,0.243
9980001,2,37.8364,-7530.49,0.793445,0.169
9985001,1,16.5181,-7528.78,3.13756,0.256
9990001,1,20.2463,-7529.08,0.400403,0.157
9995001,2,39.1468,-7529.81,0.0511117,0.234
