generation,leftchild,rightchild,abstime,lambdainit,lambdashift,muinit,mushift
0,18403,21452,0,0.032,0,0.005,0
5000,18403,21452,0,0.0894849,-0.00299295,0.0585074,0
10000,18403,21452,0,0.128875,-0.00566439,0.0797718,0
15000,18403,21452,0,0.155288,-0.00693505,0.0907703,0
20000,18403,21452,0,0.192133,-0.00821016,0.112962,0
20000,22335,NA,99.025,1.57461,-0.199446,1.3324,0
20000,17831,NA,54.4047,0.0285918,0.120282,0.0835095,0
25000,18403,21452,0,0.197561,-0.00797345,0.119787,0
30000,18403,21452,0,0.219806,-0.00904363,0.123992,0
35000,18403,21452,0,0.223609,-0.00915032,0.126383,0
40000,18403,21452,0,0.245463,-0.00946072,0.138233,0
45000,18403,21452,0,0.247247,-0.00975769,0.1395,0
45000,24332,25041,97.001,1.18737,-0.173172,0.109751,0
50000,18403,21452,0,0.265153,-0.0095224,0.1515,0
55000,18403,21452,0,0.274685,-0.00982492,0.154791,0
60000,18403,21452,0,0.281203,-0.00965018,0.160834,0
65000,18403,21452,0,0.289954,-0.010344,0.158582,0
70000,18403,21452,0,0.283955,-0.0104942,0.155265,0
75000,18403,21452,0,0.288238,-0.0105369,0.157476,0
80000,18403,21452,0,0.271866,-0.0105099,0.145746,0
85000,18403,21452,0,0.284093,-0.0102628,0.154745,0
90000,18403,21452,0,0.278428,-0.0103444,0.151374,0
90000,3520,NA,98.0673,0.424671,-0.131137,1.5529,0
95000,18403,21452,0,0.280501,-0.0103658,0.153875,0
100000,18403,21452,0,0.282192,-0.0103945,0.15254,0
105000,18403,21452,0,0.279554,-0.0103452,0.15299,0
110000,18403,21452,0,0.275834,-0.0103233,0.148561,0
115000,18403,21452,0,0.274473,-0.0104476,0.147682,0
120000,18403,21452,0,0.282552,-0.0107638,0.15172,0
125000,18403,21452,0,0.278543,-0.0103814,0.151838,0
130000,18403,21452,0,0.285135,-0.0103814,0.155115,0
135000,18403,21452,0,0.298614,-0.0109622,0.158142,0
140000,18403,21452,0,0.304347,-0.0109622,0.16077,0
145000,18403,21452,0,0.305379,-0.0112477,0.159358,0
150000,18403,21452,0,0.29832,-0.0115603,0.152718,0
155000,18403,21452,0,0.285065,-0.0109433,0.150543,0
160000,18403,21452,0,0.274948,-0.0111341,0.142438,0
160000,22453,NA,99.309,2.00268,0.122422,0.249371,0
165000,18403,21452,0,0.284462,-0.0111341,0.14937,0
170000,18403,21452,0,0.285441,-0.0111341,0.148886,0
175000,18403,21452,0,0.285555,-0.0111341,0.149829,0
175000,19376,NA,99.6449,0.207583,0.39648,0.00816299,0
180000,18403,21452,0,0.295654,-0.0110904,0.153094,0
185000,18403,21452,0,0.288417,-0.0110368,0.152841,0
190000,18403,21452,0,0.279963,-0.0105803,0.150776,0
195000,18403,21452,0,0.288534,-0.0110103,0.153406,0
200000,18403,21452,0,0.277221,-0.0111214,0.146408,0
200000,25596,NA,99.9293,0.81329,0.00619592,1.00079,0
200000,20899,24859,85.9054,0.0778155,0.143009,0.0845003,0
205000,18403,21452,0,0.28064,-0.0111663,0.14628,0
210000,18403,21452,0,0.276169,-0.0106095,0.147614,0
215000,18403,21452,0,0.281852,-0.0107589,0.149911,0
220000,18403,21452,0,0.282609,-0.0107589,0.14952,0
225000,18403,21452,0,0.284834,-0.010786,0.149773,0
230000,18403,21452,0,0.291789,-0.0105534,0.157537,0
235000,18403,21452,0,0.282734,-0.0109369,0.150594,0
235000,23466,25239,76.7301,0.194434,0.132817,0.500017,0
240000,18403,21452,0,0.283211,-0.0105041,0.154922,0
245000,18403,21452,0,0.290904,-0.0104452,0.159327,0
250000,18403,21452,0,0.306447,-0.0104118,0.16791,0
250000,17939,NA,97.2318,0.318502,-0.00815338,1.21142,0
255000,18403,21452,0,0.287993,-0.0105326,0.155858,0
260000,18403,21452,0,0.281253,-0.0106125,0.151156,0
265000,18403,21452,0,0.282631,-0.0103003,0.154152,0
270000,18403,21452,0,0.300938,-0.0101914,0.167304,0
275000,18403,21452,0,0.282718,-0.01017,0.154506,0
280000,18403,21452,0,0.302229,-0.0100711,0.168957,0
285000,18403,21452,0,0.284531,-0.0101166,0.158817,0
285000,12936,25359,98.4832,0.578234,-0.00552051,0.359484,0
285000,19465,NA,97.5753,0.522063,0.2097,1.00609,0
290000,18403,21452,0,0.288314,-0.0107287,0.155839,0
295000,18403,21452,0,0.295553,-0.0104017,0.160092,0
300000,18403,21452,0,0.298221,-0.0102011,0.165977,0
305000,18403,21452,0,0.286138,-0.0106836,0.153094,0
310000,18403,21452,0,0.312443,-0.0110197,0.166905,0
315000,18403,21452,0,0.299697,-0.00997341,0.167728,0
320000,18403,21452,0,0.293325,-0.0103608,0.161344,0
325000,18403,21452,0,0.291455,-0.0100369,0.160609,0
330000,18403,21452,0,0.296861,-0.0107126,0.161948,0
335000,18403,21452,0,0.266451,-0.0099642,0.148345,0
340000,18403,21452,0,0.277528,-0.010346,0.151852,0
345000,18403,21452,0,0.275722,-0.0101982,0.151142,0
345000,20835,NA,77.0679,0.232969,-0.0940593,0.0289598,0
350000,18403,21452,0,0.299615,-0.011197,0.155109,0
355000,18403,21452,0,0.292236,-0.0102034,0.159143,0
360000,18403,21452,0,0.273203,-0.0102497,0.151036,0
360000,17608,NA,96.1593,0.225877,-0.0574556,0.708962,0
365000,18403,21452,0,0.290035,-0.0101663,0.159336,0
370000,18403,21452,0,0.276381,-0.0102587,0.151272,0
375000,18403,21452,0,0.272089,-0.0103572,0.148768,0
380000,18403,21452,0,0.272101,-0.0100712,0.149389,0
385000,18403,21452,0,0.27013,-0.0105702,0.144732,0
390000,18403,21452,0,0.273872,-0.0104252,0.149879,0
395000,18403,21452,0,0.275991,-0.0106727,0.147666,0
400000,18403,21452,0,0.281153,-0.0107313,0.15023,0
405000,18403,21452,0,0.287685,-0.0105627,0.153644,0
410000,18403,21452,0,0.290985,-0.010598,0.158412,0
415000,18403,21452,0,0.292797,-0.0105121,0.158022,0
420000,18403,21452,0,0.29085,-0.0105121,0.158762,0
425000,18403,21452,0,0.290409,-0.0106027,0.15759,0
430000,18403,21452,0,0.287941,-0.0109933,0.151337,0
435000,18403,21452,0,0.288067,-0.0108537,0.151754,0
440000,18403,21452,0,0.294563,-0.0103283,0.160593,0
445000,18403,21452,0,0.298421,-0.0102762,0.164317,0
450000,18403,21452,0,0.289468,-0.0103278,0.158783,0
455000,18403,21452,0,0.294803,-0.0103441,0.161286,0
460000,18403,21452,0,0.283752,-0.0102641,0.156265,0
465000,18403,21452,0,0.289377,-0.0105539,0.156061,0
470000,18403,21452,0,0.28649,-0.0107092,0.15362,0
475000,18403,21452,0,0.28476,-0.0105181,0.152549,0
480000,18403,21452,0,0.294169,-0.0103318,0.160866,0
485000,18403,21452,0,0.287173,-0.0107226,0.15466,0
490000,18403,21452,0,0.295301,-0.0104846,0.161484,0
495000,18403,21452,0,0.299826,-0.0104846,0.161933,0
500000,18403,21452,0,0.289318,-0.0108203,0.154422,0
500000,22550,NA,92.9898,0.135661,0.00444927,0.531715,0
505000,18403,21452,0,0.289931,-0.0107843,0.155073,0
510000,18403,21452,0,0.290122,-0.0107213,0.155883,0
510000,6592,25043,97.1969,0.623289,0.0101827,0.864348,0
515000,18403,21452,0,0.310509,-0.0108469,0.166177,0
520000,18403,21452,0,0.295274,-0.0107817,0.157213,0
525000,18403,21452,0,0.294556,-0.0112739,0.153668,0
530000,18403,21452,0,0.300407,-0.0112083,0.157252,0
535000,18403,21452,0,0.2816,-0.0111397,0.147526,0
540000,18403,21452,0,0.265639,-0.0103521,0.146894,0
545000,18403,21452,0,0.282476,-0.0107026,0.150481,0
550000,18403,21452,0,0.281716,-0.0105314,0.150535,0
550000,5253,25445,88.2903,0.345125,-0.127292,0.421329,0
550000,20835,NA,97.802,0.966577,-0.110698,1.40027,0
555000,18403,21452,0,0.283182,-0.010562,0.152454,0
555000,25042,25658,99.8389,1.62213,-0.118128,0.388234,0
560000,18403,21452,0,0.271871,-0.0103007,0.148522,0
565000,18403,21452,0,0.281805,-0.0103616,0.152994,0
570000,18403,21452,0,0.298369,-0.0110439,0.15558,0
570000,22168,NA,99.959,0.293286,0.186147,1.80029,0
575000,18403,21452,0,0.297713,-0.0110439,0.157965,0
580000,18403,21452,0,0.287552,-0.010659,0.153829,0
585000,18403,21452,0,0.289527,-0.0105754,0.15515,0
590000,18403,21452,0,0.284527,-0.0105754,0.152526,0
590000,12299,24926,97.083,0.372854,0.267149,1.02837,0
595000,18403,21452,0,0.283104,-0.0107156,0.151096,0
600000,18403,21452,0,0.291401,-0.0104314,0.157836,0
605000,18403,21452,0,0.290955,-0.0109095,0.153592,0
610000,18403,21452,0,0.280646,-0.0108937,0.148588,0
615000,18403,21452,0,0.283305,-0.0109158,0.149095,0
620000,18403,21452,0,0.289669,-0.0104353,0.158333,0
625000,18403,21452,0,0.29114,-0.0111489,0.152686,0
630000,18403,21452,0,0.298294,-0.0105358,0.162375,0
630000,20893,NA,99.0796,0.399528,0.345491,0.63295,0
635000,18403,21452,0,0.294517,-0.0107461,0.158588,0
640000,18403,21452,0,0.2983,-0.0107002,0.16105,0
645000,18403,21452,0,0.299835,-0.0105548,0.16543,0
650000,18403,21452,0,0.297914,-0.0100031,0.165626,0
655000,18403,21452,0,0.29315,-0.0101871,0.162766,0
660000,18403,21452,0,0.29572,-0.00996938,0.166353,0
665000,18403,21452,0,0.296207,-0.0101583,0.16313,0
670000,18403,21452,0,0.294967,-0.0101127,0.16555,0
675000,18403,21452,0,0.296456,-0.010413,0.163044,0
680000,18403,21452,0,0.297844,-0.0102097,0.163793,0
685000,18403,21452,0,0.299547,-0.0102097,0.165051,0
690000,18403,21452,0,0.296332,-0.0104253,0.161361,0
695000,18403,21452,0,0.292135,-0.0102689,0.159957,0
700000,18403,21452,0,0.289156,-0.0103248,0.159083,0
705000,18403,21452,0,0.290894,-0.0100877,0.160463,0
710000,18403,21452,0,0.282864,-0.0102074,0.154942,0
715000,18403,21452,0,0.284884,-0.0100877,0.158698,0
720000,18403,21452,0,0.286684,-0.0102989,0.157233,0
725000,18403,21452,0,0.30115,-0.01093,0.159589,0
730000,18403,21452,0,0.30192,-0.0109821,0.159529,0
735000,18403,21452,0,0.288443,-0.0109639,0.15189,0
740000,18403,21452,0,0.280391,-0.0110727,0.147515,0
745000,18403,21452,0,0.283941,-0.0110727,0.148593,0
750000,18403,21452,0,0.284127,-0.0111805,0.149689,0
755000,18403,21452,0,0.290689,-0.0109845,0.152716,0
760000,18403,21452,0,0.286239,-0.0106608,0.151624,0
765000,18403,21452,0,0.290017,-0.0108546,0.154663,0
770000,18403,21452,0,0.287872,-0.0103936,0.156187,0
770000,24331,25142,97.8382,0.134314,0.240471,0.0571014,0
775000,18403,21452,0,0.284655,-0.0102466,0.155559,0
780000,18403,21452,0,0.280566,-0.0102277,0.155562,0
780000,23895,NA,97.2054,1.10319,-0.0250005,0.565941,0
785000,18403,21452,0,0.274987,-0.010364,0.149446,0
790000,18403,21452,0,0.278962,-0.0107476,0.149496,0
795000,18403,21452,0,0.285645,-0.0107777,0.152255,0
800000,18403,21452,0,0.285825,-0.0107777,0.15367,0
805000,18403,21452,0,0.292574,-0.0107476,0.158807,0
810000,18403,21452,0,0.293591,-0.010364,0.160859,0
815000,18403,21452,0,0.299085,-0.0107476,0.160312,0
820000,18403,21452,0,0.29831,-0.0107193,0.161579,0
825000,18403,21452,0,0.286032,-0.0107193,0.154239,0
830000,18403,21452,0,0.280994,-0.0103682,0.153828,0
835000,18403,21452,0,0.281057,-0.010898,0.14858,0
840000,18403,21452,0,0.281695,-0.0101244,0.155685,0
845000,18403,21452,0,0.286086,-0.0105081,0.154968,0
850000,18403,21452,0,0.290416,-0.0104367,0.158037,0
855000,18403,21452,0,0.28772,-0.0102734,0.158439,0
860000,18403,21452,0,0.285343,-0.0106056,0.154812,0
865000,18403,21452,0,0.29166,-0.0105845,0.15701,0
870000,18403,21452,0,0.289284,-0.0105874,0.156982,0
875000,18403,21452,0,0.283675,-0.0107703,0.152222,0
880000,18403,21452,0,0.285563,-0.0107703,0.152449,0
885000,18403,21452,0,0.279645,-0.0112154,0.145228,0
890000,18403,21452,0,0.290343,-0.0106048,0.157376,0
895000,18403,21452,0,0.284786,-0.0112373,0.148361,0
900000,18403,21452,0,0.287261,-0.0111706,0.150257,0
905000,18403,21452,0,0.287271,-0.0110194,0.151067,0
910000,18403,21452,0,0.289752,-0.0110194,0.153622,0
910000,13735,NA,99.5246,0.680666,-0.0868348,0.266944,0
915000,18403,21452,0,0.289238,-0.0107705,0.154285,0
920000,18403,21452,0,0.291801,-0.010983,0.154209,0
925000,18403,21452,0,0.305202,-0.0110832,0.163309,0
930000,18403,21452,0,0.307472,-0.0111882,0.161341,0
935000,18403,21452,0,0.294354,-0.0113086,0.154236,0
940000,18403,21452,0,0.293987,-0.0113086,0.152753,0
945000,18403,21452,0,0.291602,-0.0113815,0.150459,0
945000,24567,25589,97.6421,0.296164,-0.261553,0.15865,0
950000,18403,21452,0,0.290972,-0.010958,0.153064,0
950000,15441,20254,48.7802,0.98949,-0.13851,0.134361,0
955000,18403,21452,0,0.297787,-0.0103895,0.164279,0
960000,18403,21452,0,0.307798,-0.0107965,0.165952,0
960000,15997,24359,94.4969,0.564013,0.0171483,0.638918,0
965000,18403,21452,0,0.299319,-0.0108034,0.160649,0
970000,18403,21452,0,0.297087,-0.0108034,0.159137,0
975000,18403,21452,0,0.295258,-0.0106019,0.158251,0
980000,18403,21452,0,0.280107,-0.0102855,0.154395,0
980000,24533,NA,96.5002,0.824238,0.0209898,1.77697,0
985000,18403,21452,0,0.284106,-0.0107552,0.15074,0
990000,18403,21452,0,0.29755,-0.0103726,0.163991,0
995000,18403,21452,0,0.311429,-0.0106974,0.16745,0
995000,17473,NA,92.1662,0.759663,0.0482852,0.760724,0
