generation,N_shifts,logPrior,logLik,eventRate,acceptRate
0,0,-1.37701,-11310.9,1,0
5000,0,-0.739823,-11066.5,0.25173,0.266147
10000,0,-0.847262,-10974.1,0.298283,0.213879
15000,0,-0.776749,-10928.9,0.190198,0.1863
20000,2,-4.94696,-10870.8,0.0595894,0.211689
25000,0,-1.14104,-10871.8,0.483044,0.1872
30000,0,-1.28102,-10841.9,0.596389,0.1953
35000,0,-1.04753,-10838.1,0.356688,0.1893
40000,0,-0.987793,-10825.1,0.263191,0.2092
45000,1,-5.68362,-10821.1,3.01889,0.2052
50000,0,-1.48817,-10820.6,0.730605,0.20308
55000,0,-0.797555,-10816.7,0.0271031,0.208467
60000,0,-0.967877,-10819.2,0.184898,0.1869
65000,0,-0.9231,-10813.2,0.133483,0.2198
70000,0,-0.791441,-10813.5,0.0111081,0.1756
75000,0,-2.08095,-10813.6,1.29412,0.1324
80000,0,-0.776818,-10813.8,0.0180906,0.192114
85000,0,-2.33543,-10813.9,1.55553,0.174567
90000,1,-4.76828,-10811.7,1.50784,0.1704
95000,0,-0.821169,-10813.4,0.0457079,0.1782
100000,0,-1.23379,-10813.4,0.457972,0.1762
105000,0,-1.24548,-10813.1,0.471853,0.1678
110000,0,-2.02398,-10815,1.25851,0.187635
115000,0,-0.996975,-10813.6,0.233717,0.1768
120000,0,-0.915444,-10812.9,0.140003,0.2032
125000,0,-0.7753,-10813,0.00383027,0.183778
130000,0,-1.96109,-10812.9,1.17976,0.147
135000,0,-1.58968,-10813.6,0.791713,0.183775
140000,0,-0.842651,-10815,0.0363213,0.1428
145000,0,-1.55303,-10815.8,0.747015,0.224
150000,0,-1.42768,-10816.9,0.635296,0.180675
155000,0,-2.51101,-10812.8,1.73419,0.175914
160000,1,-3.69742,-10816.5,0.196856,0.1878
165000,0,-1.24528,-10813.7,0.470199,0.2066
170000,0,-1.58265,-10813.8,0.807067,0.1878
175000,1,-3.49722,-10813.7,0.592861,0.1508
180000,0,-1.39914,-10817.1,0.609152,0.17952
185000,0,-4.3014,-10813.4,3.51891,0.1616
190000,0,-0.982838,-10812.6,0.210968,0.170711
195000,0,-2.13283,-10813.6,1.34967,0.1668
200000,2,-4.20294,-10815.5,0.576749,0.1774
205000,0,-1.36983,-10814.1,0.60165,0.1685
210000,0,-0.889761,-10813.1,0.124841,0.18005
215000,0,-1.11004,-10812.7,0.337105,0.1996
220000,0,-0.886359,-10813.4,0.113062,0.1744
225000,0,-1.71433,-10814.9,0.938545,0.17338
230000,0,-0.939788,-10812.8,0.149337,0.2015
235000,1,-3.4522,-10809.7,1.4668,0.187171
240000,0,-1.03868,-10813.8,0.259434,0.1847
245000,0,-1.21089,-10813.3,0.41956,0.3028
250000,1,-3.92311,-10814.7,1.23706,0.21428
255000,0,-1.55778,-10812.5,0.772805,0.197756
260000,0,-4.5714,-10812.5,3.79786,0.22692
265000,0,-3.08317,-10813.2,2.30531,0.1866
270000,0,-1.99252,-10815.8,1.18323,0.2029
275000,0,-0.822497,-10814.5,0.0442282,0.1745
280000,0,-1.3279,-10816.9,0.515692,0.1875
285000,2,-5.17928,-10814,0.808966,0.1914
290000,0,-1.43792,-10813.3,0.652607,0.187444
295000,0,-0.814407,-10814.6,0.0176689,0.1876
300000,0,-3.28892,-10815.6,2.48367,0.19925
305000,0,-0.79385,-10812.5,0.0134651,0.190067
310000,0,-1.20665,-10816.9,0.386073,0.18904
315000,0,-0.932642,-10817.1,0.124211,0.194867
320000,0,-2.53814,-10813.7,1.74239,0.20132
325000,0,-5.23152,-10816.5,4.43843,0.1948
330000,0,-1.12603,-10815.8,0.326059,0.1924
335000,0,-0.862921,-10816.3,0.107121,0.199833
340000,0,-1.34544,-10813.3,0.57498,0.1903
345000,1,-5.54709,-10813.4,4.08876,0.1828
350000,0,-1.0483,-10816.5,0.252313,0.19168
355000,0,-3.18805,-10816.3,2.39562,0.189533
360000,1,-6.50423,-10814.1,4.43106,0.179633
365000,0,-1.87301,-10814.5,1.0826,0.1926
370000,0,-1.88762,-10813.4,1.1189,0.1934
375000,0,-0.927238,-10814,0.165297,0.197533
380000,0,-0.87317,-10815,0.110654,0.1919
385000,0,-2.458,-10813.8,1.70201,0.2062
390000,0,-1.13018,-10814.4,0.365335,0.1956
395000,0,-2.00177,-10812.9,1.23696,0.1889
400000,0,-1.75385,-10812.5,0.981302,0.3358
405000,0,-3.34285,-10814.2,2.56039,0.183333
410000,0,-1.17237,-10813.4,0.381837,0.199862
415000,0,-0.872253,-10813.3,0.0803178,0.214
420000,0,-0.859503,-10813.2,0.0687745,0.2586
425000,0,-1.25033,-10812.9,0.4612,0.24845
430000,0,-0.792576,-10813.2,0.0120793,0.203462
435000,0,-2.81632,-10813.8,2.03531,0.1434
440000,0,-2.39404,-10814.2,1.5978,0.17905
445000,0,-0.861714,-10814.6,0.0579093,0.169
450000,0,-0.938221,-10813.2,0.148893,0.17628
455000,0,-1.32209,-10813.7,0.524924,0.199109
460000,0,-1.88218,-10813.4,1.1011,0.1748
465000,0,-1.34703,-10812.7,0.56047,0.149
470000,0,-1.01016,-10812.4,0.228891,0.171343
475000,0,-1.62032,-10813.7,0.841895,0.1632
480000,0,-0.869206,-10813.8,0.0730927,0.1786
485000,0,-1.83102,-10812.7,1.04802,0.17285
490000,0,-1.52842,-10813.6,0.730525,0.2172
495000,0,-1.34922,-10814.9,0.546349,0.1916
500000,1,-2.9484,-10811.3,1.15589,0.191771
505000,0,-3.82274,-10812.5,3.03657,0.22792
510000,1,-4.64253,-10812,2.02668,0.164
515000,0,-1.80541,-10815.8,0.987538,0.20815
520000,0,-5.50286,-10813.3,4.7092,0.1863
525000,0,-1.17275,-10814.4,0.383245,0.19032
530000,0,-1.77319,-10814.6,0.974259,0.195067
535000,0,-1.34876,-10813.9,0.578379,0.1596
540000,0,-1.14551,-10818.9,0.391892,0.2108
545000,0,-0.856771,-10812.8,0.0826578,0.184
550000,2,-4.9789,-10813.9,0.107639,0.18765
555000,1,-3.72714,-10810.2,0.460457,0.2096
560000,0,-1.68667,-10813.8,0.925205,0.1964
565000,0,-0.868645,-10813.1,0.0927607,0.2279
570000,1,-3.7596,-10816,0.18433,0.20992
575000,0,-1.00958,-10813.8,0.212671,0.1954
580000,0,-1.05709,-10812.7,0.274566,0.196
585000,0,-1.96115,-10813.4,1.17534,0.208
590000,1,-6.31187,-10812.6,3.07876,0.1754
595000,0,-1.5347,-10812.5,0.759338,0.1506
600000,0,-1.05256,-10813.5,0.262228,0.197
605000,0,-2.90456,-10813.2,2.11881,0.190525
610000,0,-1.25307,-10812.9,0.482639,0.198886
615000,0,-2.00722,-10813.2,1.23362,0.1846
620000,0,-1.62045,-10813,0.831348,0.204867
625000,0,-3.81965,-10813.6,3.03457,0.1725
630000,1,-4.71312,-10813.8,1.3452,0.196038
635000,0,-2.01436,-10813,1.22009,0.170933
640000,0,-0.860825,-10813.4,0.0603196,0.176
645000,0,-3.07201,-10817.5,2.26562,0.209667
650000,0,-3.89223,-10816.8,3.08768,0.1889
655000,0,-2.19052,-10814.6,1.39355,0.189767
660000,0,-1.09813,-10816.8,0.295049,0.1967
665000,0,-1.17416,-10815.3,0.373784,0.1879
670000,0,-1.02392,-10816.8,0.222367,0.192733
675000,0,-0.825785,-10814.2,0.0251899,0.2359
680000,0,-1.69437,-10815.2,0.891683,0.1734
685000,0,-1.70034,-10815.3,0.894687,0.1636
690000,0,-0.807603,-10813.7,0.00881338,0.1907
695000,0,-2.29656,-10814,1.50341,0.204286
700000,0,-1.13581,-10813.4,0.346498,0.195057
705000,0,-1.57978,-10815.2,0.787399,0.210267
710000,0,-0.796346,-10813.7,0.0174874,0.2368
715000,0,-1.513,-10814.6,0.728386,0.2633
720000,0,-1.70191,-10813.2,0.916917,0.19996
725000,0,-1.4782,-10814.1,0.676253,0.202525
730000,0,-1.39446,-10814.3,0.591794,0.1904
735000,0,-0.909333,-10813.1,0.127787,0.2066
740000,0,-1.56481,-10813.7,0.795671,0.19944
745000,0,-1.68025,-10813.5,0.906477,0.2018
750000,0,-2.18303,-10814.7,1.40795,0.213
755000,0,-1.18885,-10813.5,0.404229,0.191422
760000,0,-0.859119,-10814.8,0.0801087,0.19268
765000,0,-1.08602,-10812.6,0.300156,0.1878
770000,1,-3.7198,-10812.3,1.82496,0.275
775000,0,-4.65292,-10813.6,3.87165,0.1684
780000,1,-3.20566,-10816.5,0.413081,0.16
785000,0,-1.41273,-10813.3,0.647211,0.2246
790000,0,-0.906896,-10812.9,0.137272,0.195083
795000,0,-1.7173,-10812.5,0.938225,0.2323
800000,0,-2.03915,-10813,1.25848,0.183
805000,0,-1.11827,-10814.6,0.325726,0.168333
810000,0,-0.919855,-10813.5,0.12432,0.17076
815000,0,-0.978293,-10813.4,0.17773,0.1743
820000,0,-1.44414,-10813.9,0.643095,0.156
825000,0,-0.967862,-10812.9,0.186431,0.164
830000,0,-1.52378,-10813.1,0.747868,0.1736
835000,0,-0.908475,-10812.9,0.13764,0.198224
840000,0,-1.10806,-10813.9,0.329643,0.194
845000,0,-5.97657,-10812.5,5.1944,0.1819
850000,0,-2.42016,-10812.9,1.63061,0.1608
855000,0,-1.61406,-10813.4,0.826833,0.17044
860000,0,-1.27814,-10812.9,0.496845,0.1985
865000,0,-1.14911,-10812.9,0.359308,0.17976
870000,0,-1.11874,-10812.8,0.331346,0.2024
875000,0,-2.02593,-10812.8,1.24886,0.1958
880000,0,-0.945454,-10812.4,0.16627,0.1566
885000,0,-1.2523,-10814.6,0.486156,0.1913
890000,0,-1.907,-10812.8,1.11814,0.1994
895000,0,-1.69146,-10814.2,0.917038,0.2031
900000,0,-1.27678,-10813.7,0.497999,0.184314
905000,0,-1.89274,-10813.1,1.11318,0.1557
910000,1,-2.15174,-10813.5,0.004113,0.1484
915000,0,-1.98585,-10812.5,1.20115,0.179764
920000,0,-1.36694,-10813,0.579708,0.15935
925000,0,-1.14911,-10816.9,0.339363,0.172533
930000,0,-0.980836,-10815.8,0.17076,0.1758
935000,0,-0.874791,-10815.1,0.0849111,0.183267
940000,0,-4.96975,-10814.6,4.18172,0.1928
945000,1,-2.59263,-10814.8,0.330338,0.1684
950000,1,-2.78548,-10809.7,0.344518,0.2312
955000,0,-1.10913,-10814.8,0.305975,0.19856
960000,1,-4.18738,-10816.5,1.82657,0.177014
965000,0,-5.17466,-10813.5,4.37351,0.161
970000,0,-0.97691,-10813.1,0.179508,0.2018
975000,0,-1.19068,-10813.9,0.39604,0.17975
980000,1,-7.24893,-10812.9,3.52773,0.2252
985000,0,-3.52882,-10813,2.75281,0.1726
990000,0,-2.56366,-10814.5,1.76103,0.2047
995000,1,-4.87369,-10818.3,2.16995,0.192429
