generation,rank_1,rank_2,swapAccepted
1000,1,3,1
2000,2,3,1
3000,1,3,1
4000,2,4,1
5000,1,3,1
6000,3,4,1
7000,1,2,1
8000,2,4,1
9000,2,3,1
10000,3,4,1
11000,1,4,1
12000,3,4,1
13000,3,4,1
14000,3,4,1
15000,1,4,1
16000,1,3,1
17000,2,4,1
18000,2,3,1
19000,2,3,1
20000,1,2,1
21000,2,3,1
22000,1,2,1
23000,2,3,1
24000,1,2,1
25000,3,4,1
26000,3,4,1
27000,1,3,1
28000,2,3,1
29000,1,3,1
30000,1,3,1
31000,1,2,1
32000,1,3,1
33000,1,4,1
34000,1,4,1
35000,3,4,1
36000,2,4,1
37000,2,4,1
38000,3,4,1
39000,1,2,1
40000,3,4,1
41000,1,3,1
42000,2,4,1
43000,3,4,1
44000,3,4,1
45000,1,4,1
46000,1,2,1
47000,1,4,1
48000,2,4,1
49000,2,4,1
50000,2,3,1
51000,2,3,1
52000,1,2,1
53000,1,3,1
54000,2,4,1
55000,2,4,1
56000,1,4,1
57000,1,2,1
58000,2,3,1
59000,1,2,1
60000,1,2,1
61000,1,2,1
62000,3,4,1
63000,1,2,1
64000,2,3,1
65000,2,4,1
66000,2,3,1
67000,1,2,1
68000,1,4,1
69000,1,2,0
70000,1,2,1
71000,3,4,1
72000,2,4,1
73000,2,4,1
74000,1,4,0
75000,3,4,1
76000,1,2,1
77000,1,4,1
78000,1,3,1
79000,2,4,1
80000,1,3,1
81000,1,3,1
82000,2,3,1
83000,2,3,1
84000,2,4,1
85000,1,4,1
86000,1,4,1
87000,2,3,1
88000,1,2,1
89000,1,4,1
90000,1,3,1
91000,3,4,1
92000,3,4,1
93000,1,3,1
94000,3,4,1
95000,3,4,1
96000,3,4,1
97000,1,2,1
98000,2,3,1
99000,1,2,1
100000,1,4,1
101000,1,2,1
102000,1,3,1
103000,2,3,1
104000,1,4,1
105000,1,3,1
106000,1,4,1
107000,3,4,1
108000,2,4,1
109000,2,4,1
110000,1,2,1
111000,2,4,1
112000,1,4,1
113000,1,4,1
114000,2,3,1
115000,1,2,1
116000,1,4,1
117000,1,3,1
118000,1,4,1
119000,3,4,1
120000,3,4,1
121000,3,4,1
122000,1,4,1
123000,1,4,1
124000,1,3,1
125000,3,4,1
126000,1,4,1
127000,1,4,1
128000,2,4,1
129000,1,3,1
130000,1,3,1
131000,1,4,1
132000,1,3,1
133000,1,3,1
134000,1,4,1
135000,1,3,1
136000,2,3,1
137000,2,3,1
138000,3,4,1
139000,2,4,1
140000,3,4,1
141000,2,3,1
142000,1,2,1
143000,1,3,1
144000,1,2,1
145000,3,4,1
146000,3,4,1
147000,1,2,1
148000,1,2,1
149000,3,4,1
150000,1,3,1
151000,1,3,1
152000,2,4,1
153000,1,4,1
154000,2,4,1
155000,1,4,1
156000,2,4,1
157000,2,4,1
158000,3,4,1
159000,1,4,1
160000,2,3,1
161000,1,4,1
162000,1,4,1
163000,2,3,0
164000,1,3,1
165000,1,3,1
166000,2,3,1
167000,2,4,1
168000,1,2,1
169000,3,4,1
170000,1,2,1
171000,3,4,1
172000,3,4,1
173000,3,4,1
174000,2,3,1
175000,2,3,1
176000,1,4,1
177000,1,2,1
178000,2,4,1
179000,3,4,1
180000,1,4,1
181000,1,2,1
182000,1,4,1
183000,1,2,1
184000,1,3,1
185000,1,3,1
186000,1,2,1
187000,1,3,1
188000,3,4,1
189000,2,4,1
190000,3,4,1
191000,3,4,1
192000,1,4,1
193000,2,3,1
194000,2,4,1
195000,2,3,1
196000,1,2,1
197000,2,3,1
198000,1,3,1
199000,2,4,1
200000,2,4,1
201000,3,4,1
202000,2,4,1
203000,1,4,1
204000,3,4,1
205000,1,2,1
206000,1,2,1
207000,2,3,1
208000,1,3,1
209000,2,3,1
210000,1,2,1
211000,3,4,1
212000,1,4,1
213000,1,3,1
214000,3,4,1
215000,1,2,1
216000,2,3,1
217000,2,4,1
218000,3,4,1
219000,1,2,1
220000,1,2,1
221000,1,2,1
222000,1,3,1
223000,2,4,1
224000,2,3,1
225000,1,3,1
226000,1,2,1
227000,1,3,1
228000,1,3,1
229000,1,4,1
230000,3,4,1
231000,2,3,1
232000,2,4,1
233000,2,3,1
234000,2,4,1
235000,1,2,1
236000,2,4,1
237000,1,2,1
238000,2,3,1
239000,3,4,1
240000,1,3,1
241000,3,4,1
242000,2,4,1
243000,1,4,1
244000,1,3,1
245000,1,4,1
246000,1,3,1
247000,1,4,1
248000,2,3,1
249000,3,4,1
250000,1,4,1
251000,2,3,1
252000,2,4,1
253000,2,4,1
254000,1,2,1
255000,2,4,1
256000,3,4,1
257000,2,4,1
258000,1,2,1
259000,1,4,1
260000,2,4,1
261000,1,2,1
262000,1,2,1
263000,1,4,1
264000,3,4,1
265000,2,3,1
266000,1,3,1
267000,1,4,1
268000,2,4,1
269000,1,4,1
270000,1,4,1
271000,2,4,1
272000,1,4,1
273000,2,3,1
274000,1,3,1
275000,1,2,1
276000,3,4,1
277000,3,4,1
278000,2,3,1
279000,1,4,1
280000,2,4,1
281000,3,4,1
282000,2,3,1
283000,3,4,1
284000,2,4,1
285000,1,2,1
286000,1,2,1
287000,3,4,1
288000,1,2,1
289000,1,3,1
290000,2,3,1
291000,1,3,1
292000,2,3,1
293000,1,3,1
294000,2,3,1
295000,2,3,1
296000,2,3,1
297000,3,4,1
298000,2,3,1
299000,1,2,1
300000,1,3,1
301000,2,4,1
302000,3,4,1
303000,2,3,1
304000,1,3,1
305000,3,4,1
306000,1,2,1
307000,1,2,1
308000,2,4,1
309000,3,4,1
310000,1,4,1
311000,3,4,1
312000,1,3,1
313000,1,2,1
314000,2,3,1
315000,3,4,1
316000,2,4,1
317000,1,3,1
318000,1,3,1
319000,2,4,1
320000,1,3,1
321000,2,4,1
322000,1,4,1
323000,2,3,1
324000,1,4,1
325000,1,2,1
326000,3,4,1
327000,2,3,1
328000,2,3,1
329000,1,3,1
330000,2,4,1
331000,1,3,1
332000,2,4,1
333000,2,4,1
334000,1,2,1
335000,2,3,1
336000,2,4,1
337000,1,2,1
338000,1,3,1
339000,2,3,1
340000,1,2,1
341000,3,4,1
342000,1,2,1
343000,1,3,1
344000,1,4,1
345000,3,4,1
346000,3,4,1
347000,1,3,1
348000,2,4,1
349000,1,3,1
350000,1,3,1
351000,2,4,1
352000,2,3,1
353000,1,3,1
354000,2,4,1
355000,2,3,1
356000,3,4,1
357000,1,3,1
358000,2,4,1
359000,1,3,1
360000,1,2,1
361000,1,4,1
362000,1,4,1
363000,3,4,1
364000,2,4,1
365000,1,4,1
366000,1,2,1
367000,2,4,1
368000,1,3,1
369000,3,4,1
370000,1,3,1
371000,3,4,1
372000,1,3,1
373000,2,4,1
374000,2,3,1
375000,1,4,1
376000,1,3,1
377000,1,4,0
378000,1,4,1
379000,3,4,1
380000,1,2,1
381000,2,3,0
382000,3,4,1
383000,1,2,1
384000,3,4,1
385000,1,2,1
386000,2,4,1
387000,3,4,1
388000,2,3,1
389000,2,3,1
390000,1,2,1
391000,1,3,1
392000,2,3,1
393000,1,2,1
394000,1,2,1
395000,1,3,1
396000,1,4,1
397000,2,4,1
398000,1,2,1
399000,3,4,1
400000,2,4,1
401000,3,4,1
402000,2,3,1
403000,1,2,1
404000,3,4,1
405000,1,3,1
406000,3,4,1
407000,1,2,1
408000,1,3,1
409000,2,4,1
410000,2,3,1
411000,1,3,1
412000,2,4,1
413000,3,4,1
414000,3,4,1
415000,1,3,1
416000,2,4,1
417000,1,4,1
418000,3,4,1
419000,1,4,1
420000,1,3,1
421000,2,3,1
422000,1,3,1
423000,2,3,1
424000,1,4,1
425000,2,3,1
426000,1,3,1
427000,1,3,1
428000,2,3,1
429000,1,3,1
430000,2,3,1
431000,3,4,1
432000,1,3,1
433000,1,3,1
434000,2,4,1
435000,2,3,1
436000,1,3,1
437000,1,2,1
438000,1,4,0
439000,1,3,1
440000,1,2,1
441000,2,3,1
442000,1,2,1
443000,1,3,1
444000,1,3,1
445000,1,2,1
446000,1,3,1
447000,2,3,1
448000,3,4,1
449000,1,3,1
450000,2,4,1
451000,1,2,1
452000,3,4,1
453000,3,4,1
454000,1,2,1
455000,1,2,1
456000,2,4,1
457000,2,3,1
458000,3,4,1
459000,2,3,1
460000,2,3,1
461000,2,3,1
462000,1,2,1
463000,3,4,1
464000,1,4,1
465000,1,2,1
466000,2,4,1
467000,1,4,1
468000,2,4,1
469000,2,3,1
470000,2,3,1
471000,3,4,1
472000,2,3,1
473000,1,3,1
474000,1,3,1
475000,1,2,1
476000,2,3,1
477000,1,2,1
478000,3,4,1
479000,2,3,1
480000,1,4,1
481000,1,4,1
482000,1,3,1
483000,2,4,1
484000,1,4,1
485000,2,4,1
486000,1,2,1
487000,1,4,1
488000,2,3,1
489000,1,3,1
490000,1,4,1
491000,2,3,1
492000,2,4,1
493000,3,4,1
494000,2,4,1
495000,2,3,1
496000,1,3,1
497000,2,4,1
498000,2,3,1
499000,2,3,1
500000,3,4,1
501000,1,2,1
502000,1,2,1
503000,1,4,1
504000,1,2,1
505000,1,3,1
506000,2,3,1
507000,1,4,1
508000,3,4,1
509000,1,4,1
510000,1,3,1
511000,2,3,1
512000,1,2,1
513000,1,2,1
514000,2,4,1
515000,1,4,1
516000,3,4,1
517000,1,3,1
518000,2,3,1
519000,3,4,1
520000,2,4,1
521000,1,3,1
522000,3,4,1
523000,2,3,1
524000,1,3,1
525000,2,3,1
526000,1,3,0
527000,3,4,1
528000,3,4,1
529000,2,3,1
530000,1,3,1
531000,1,4,1
532000,3,4,1
533000,2,4,1
534000,2,3,1
535000,1,3,1
536000,1,2,1
537000,2,3,1
538000,3,4,1
539000,2,4,1
540000,1,2,1
541000,3,4,1
542000,2,4,1
543000,1,2,1
544000,2,3,1
545000,1,4,0
546000,2,4,1
547000,1,2,1
548000,2,3,1
549000,2,3,1
550000,2,4,1
551000,1,2,1
552000,1,3,1
553000,2,4,1
554000,2,3,1
555000,2,4,1
556000,2,4,1
557000,2,4,1
558000,3,4,1
559000,1,3,1
560000,2,4,1
561000,3,4,1
562000,1,4,1
563000,2,4,1
564000,3,4,1
565000,2,3,1
566000,1,4,1
567000,3,4,1
568000,2,4,1
569000,1,4,1
570000,2,3,1
571000,1,4,1
572000,2,3,1
573000,3,4,1
574000,1,2,1
575000,1,3,1
576000,2,3,0
577000,2,4,1
578000,1,3,1
579000,3,4,1
580000,3,4,1
581000,2,3,1
582000,3,4,1
583000,1,3,1
584000,1,3,1
585000,3,4,1
586000,1,4,1
587000,1,3,1
588000,1,3,1
589000,1,2,1
590000,1,4,1
591000,1,3,0
592000,1,4,1
593000,3,4,1
594000,1,3,1
595000,3,4,1
596000,2,4,1
597000,1,4,1
598000,1,4,1
599000,3,4,1
600000,3,4,1
601000,1,4,1
602000,3,4,1
603000,2,3,1
604000,1,4,1
605000,3,4,1
606000,1,4,1
607000,3,4,1
608000,1,4,1
609000,1,3,1
610000,1,4,1
611000,1,3,1
612000,2,3,1
613000,1,3,1
614000,1,2,1
615000,2,3,1
616000,1,4,1
617000,1,4,1
618000,1,3,1
619000,3,4,1
620000,1,3,1
621000,2,4,1
622000,1,3,1
623000,1,2,1
624000,1,2,1
625000,1,2,1
626000,1,2,1
627000,1,2,1
628000,1,3,1
629000,1,4,1
630000,3,4,1
631000,1,2,1
632000,1,4,1
633000,1,2,1
634000,1,2,1
635000,1,3,1
636000,3,4,1
637000,2,4,1
638000,3,4,1
639000,2,4,1
640000,3,4,1
641000,3,4,1
642000,1,3,1
643000,2,4,1
644000,3,4,1
645000,2,4,1
646000,1,4,1
647000,2,3,1
648000,1,2,1
649000,3,4,1
650000,2,4,1
651000,3,4,1
652000,1,4,1
653000,1,4,1
654000,3,4,1
655000,1,4,1
656000,3,4,1
657000,1,2,1
658000,3,4,1
659000,1,3,1
660000,1,4,1
661000,2,3,1
662000,2,4,0
663000,1,4,1
664000,2,4,0
665000,2,3,1
666000,1,2,1
667000,1,4,1
668000,2,4,1
669000,2,4,1
670000,1,3,1
671000,3,4,1
672000,1,3,0
673000,2,3,1
674000,1,2,1
675000,2,4,1
676000,2,3,1
677000,2,3,1
678000,2,4,0
679000,2,3,1
680000,2,3,1
681000,3,4,1
682000,1,3,1
683000,2,3,1
684000,1,2,1
685000,2,3,1
686000,3,4,1
687000,1,4,1
688000,3,4,1
689000,3,4,1
690000,2,4,1
691000,3,4,1
692000,2,3,1
693000,1,3,1
694000,1,2,1
695000,2,4,1
696000,3,4,1
697000,2,4,1
698000,2,4,1
699000,1,2,1
700000,2,4,0
701000,1,3,1
702000,3,4,0
703000,2,4,1
704000,3,4,1
705000,1,2,1
706000,2,4,1
707000,1,3,1
708000,3,4,1
709000,3,4,1
710000,1,2,1
711000,3,4,1
712000,2,4,1
713000,1,4,1
714000,1,2,1
715000,2,4,1
716000,1,2,1
717000,3,4,1
718000,3,4,1
719000,1,3,1
720000,1,4,1
721000,3,4,1
722000,3,4,1
723000,1,2,1
724000,1,4,1
725000,3,4,1
726000,3,4,1
727000,2,3,1
728000,1,4,1
729000,3,4,1
730000,1,3,1
731000,1,3,1
732000,1,2,1
733000,2,3,1
734000,1,2,1
735000,1,4,1
736000,1,3,1
737000,2,4,0
738000,1,4,1
739000,2,3,1
740000,1,4,1
741000,1,2,1
742000,1,2,1
743000,1,2,1
744000,1,2,1
745000,2,3,1
746000,1,3,1
747000,2,3,1
748000,2,4,1
749000,1,4,1
750000,3,4,1
751000,1,4,1
752000,2,3,1
753000,1,4,1
754000,1,4,1
755000,3,4,1
756000,1,3,1
757000,2,3,1
758000,1,4,1
759000,3,4,1
760000,1,4,1
761000,2,4,1
762000,1,3,1
763000,1,4,1
764000,3,4,1
765000,2,3,1
766000,3,4,1
767000,1,3,1
768000,1,4,1
769000,1,3,1
770000,1,4,1
771000,1,2,1
772000,1,3,1
773000,1,3,1
774000,3,4,1
775000,1,2,1
776000,3,4,1
777000,2,3,1
778000,2,4,1
779000,3,4,1
780000,2,3,1
781000,2,4,1
782000,2,3,1
783000,1,3,1
784000,3,4,1
785000,1,4,1
786000,1,3,1
787000,3,4,1
788000,1,3,1
789000,2,4,1
790000,1,3,1
791000,2,4,1
792000,3,4,1
793000,1,2,1
794000,1,2,1
795000,1,2,1
796000,1,4,1
797000,3,4,1
798000,3,4,1
799000,1,2,1
800000,1,4,1
801000,2,3,1
802000,2,3,1
803000,1,4,1
804000,2,3,0
805000,3,4,1
806000,1,3,1
807000,1,3,1
808000,2,3,1
809000,1,4,1
810000,3,4,1
811000,1,2,1
812000,1,3,1
813000,1,3,0
814000,1,3,1
815000,1,3,1
816000,2,4,1
817000,1,4,1
818000,3,4,1
819000,1,2,1
820000,1,3,1
821000,1,3,1
822000,1,2,1
823000,1,4,0
824000,1,2,1
825000,1,3,1
826000,1,2,1
827000,2,4,1
828000,1,3,1
829000,3,4,1
830000,1,2,1
831000,3,4,1
832000,1,4,1
833000,3,4,1
834000,3,4,1
835000,1,2,1
836000,1,4,1
837000,1,4,1
838000,1,4,1
839000,1,2,1
840000,1,3,1
841000,2,4,1
842000,3,4,1
843000,2,3,1
844000,2,4,1
845000,1,2,1
846000,2,4,1
847000,1,4,1
848000,2,4,1
849000,3,4,1
850000,1,2,1
851000,1,2,1
852000,1,3,1
853000,1,3,1
854000,2,3,1
855000,1,2,1
856000,1,3,1
857000,1,3,1
858000,3,4,1
859000,1,3,1
860000,1,4,1
861000,2,3,1
862000,3,4,1
863000,2,3,1
864000,2,4,1
865000,1,2,1
866000,1,2,1
867000,1,3,1
868000,2,3,1
869000,3,4,1
870000,3,4,1
871000,1,4,1
872000,3,4,1
873000,1,3,1
874000,3,4,1
875000,3,4,1
876000,1,3,1
877000,2,4,1
878000,3,4,1
879000,1,2,1
880000,1,4,1
881000,1,4,1
882000,1,4,1
883000,3,4,1
884000,1,4,1
885000,1,2,1
886000,1,2,1
887000,2,3,1
888000,1,4,1
889000,3,4,1
890000,2,4,0
891000,1,3,1
892000,1,4,1
893000,1,2,1
894000,2,3,1
895000,1,3,1
896000,1,3,1
897000,1,3,1
898000,1,3,1
899000,1,2,1
900000,1,2,1
901000,1,4,1
902000,2,4,1
903000,2,4,1
904000,1,3,1
905000,3,4,1
906000,1,4,1
907000,1,2,1
908000,1,4,1
909000,1,4,1
910000,1,4,1
911000,1,3,1
912000,3,4,1
913000,1,2,1
914000,1,3,1
915000,1,3,1
916000,1,4,1
917000,1,4,1
918000,2,3,1
919000,1,3,1
920000,3,4,1
921000,2,4,1
922000,1,4,0
923000,1,2,1
924000,1,3,1
925000,2,3,1
926000,1,4,1
927000,2,3,1
928000,2,3,1
929000,3,4,1
930000,1,3,1
931000,1,3,1
932000,2,4,0
933000,2,3,1
934000,3,4,1
935000,1,3,1
936000,1,2,1
937000,1,2,1
938000,3,4,1
939000,3,4,1
940000,2,3,1
941000,2,3,1
942000,1,2,1
943000,3,4,1
944000,2,3,1
945000,1,3,1
946000,3,4,1
947000,1,4,1
948000,1,4,1
949000,3,4,1
950000,3,4,1
951000,2,4,1
952000,1,4,1
953000,1,2,1
954000,1,2,1
955000,1,2,1
956000,2,3,1
957000,1,3,1
958000,1,2,1
959000,2,4,1
960000,2,4,1
961000,1,4,1
962000,2,3,1
963000,2,4,1
964000,3,4,1
965000,2,4,1
966000,2,3,1
967000,1,2,1
968000,3,4,1
969000,2,4,1
970000,1,4,1
971000,3,4,1
972000,2,4,1
973000,1,3,1
974000,2,3,1
975000,1,4,1
976000,2,3,1
977000,2,4,1
978000,2,4,1
979000,2,3,1
980000,2,4,1
981000,1,4,1
982000,2,3,1
983000,1,4,1
984000,2,4,1
985000,2,4,1
986000,3,4,1
987000,2,4,1
988000,2,3,1
989000,1,2,1
990000,3,4,1
991000,3,4,1
992000,2,4,1
993000,3,4,1
994000,1,2,1
995000,2,4,1
996000,2,4,0
997000,1,4,1
998000,1,2,1
999000,1,3,1
1000000,1,3,1
