generation,N_shifts,logPrior,logLik,eventRate,acceptRate
1,0,-154.016,-778166,1,0
25001,4,66.7855,-22754,0.547136,0.3498
50001,5,85.2198,-22713.3,0.913439,0.3224
75001,4,69.3272,-22709,0.498876,0.3084
100001,5,85.9471,-22709.8,0.0919584,0.3088
125001,4,69.8012,-22707.9,0.46248,0.295
150001,4,70.2996,-22701.3,0.0432651,0.3181
175001,4,69.3632,-22691.1,0.180325,0.312
200001,4,66.8164,-22701,0.508044,0.2828
225001,4,69.6258,-22686.2,0.711609,0.3006
250001,6,95.4629,-22680.1,0.914008,0.312
275001,4,67.2937,-22678.8,1.41038,0.2678
300001,5,84.35,-22678.5,0.454526,0.2818
325001,4,68.6294,-22686.4,0.259501,0.2768
350001,4,69.9197,-22674.5,0.303916,0.2881
375001,4,70.2251,-22678.6,0.114634,0.2704
400001,4,68.7448,-22676,0.0772251,0.2705
425001,4,67.8189,-22669.4,0.743098,0.2474
450001,5,84.1622,-22669.3,0.249871,0.2543
475001,5,81.3414,-22664.5,1.31291,0.2678
500001,4,64.9222,-22662.5,3.20103,0.2945
525001,4,66.8107,-22665.3,1.01302,0.2486
550001,6,100.309,-22666.1,0.14051,0.2681
575001,5,82.9655,-22642.1,0.896932,0.2746
600001,4,65.3439,-22450.3,0.84779,0.2775
625001,4,67.3034,-22452.9,0.133498,0.2606
650001,6,93.7476,-22450.5,1.20414,0.2328
675001,4,65.9476,-22454.4,0.721712,0.2346
700001,4,63.5171,-22453.9,1.37672,0.2717
725001,4,63.7956,-22457.9,0.640378,0.2702
750001,4,61.2895,-22453.8,0.4343,0.2304
775001,4,66.9107,-22452.9,0.767936,0.232
800001,5,78.8556,-22452.9,1.87194,0.2537
825001,3,49.8427,-22458.9,1.14376,0.2422
850001,4,66.4255,-22463.2,0.328072,0.2589
875001,3,49.8235,-22458.8,0.891128,0.257
900001,3,44.9854,-22463.4,1.36018,0.2725
925001,4,64.9945,-22450.6,1.82602,0.3062
950001,3,50.8791,-22451.1,1.19142,0.2551
975001,3,50.115,-22453.4,1.11594,0.2948
1000001,3,49.6908,-22454.1,1.7162,0.2617
1025001,3,51.1623,-22457.6,0.960864,0.2608
1050001,3,49.7577,-22455.9,1.762,0.2641
1075001,3,49.341,-22452.3,0.0204749,0.272
1100001,4,64.9184,-22446.5,1.39757,0.274
1125001,4,67.2858,-22447.9,0.26412,0.2698
1150001,3,48.0168,-22448.5,1.26326,0.2475
1175001,3,50.4185,-22457.2,0.840496,0.2634
1200001,3,47.5949,-22447.1,2.41392,0.2829
1225001,3,49.3841,-22447.3,0.164185,0.2666
1250001,3,51.6386,-22453.5,0.441161,0.2536
1275001,4,60.3771,-22453.7,2.78962,0.2774
1300001,3,48.2768,-22448.8,0.138785,0.2633
1325001,4,67.1448,-22417.7,0.348451,0.2944
1350001,4,64.0452,-22390.1,1.77539,0.2673
1375001,4,64.7171,-22389.1,0.383395,0.3046
1400001,4,63.775,-22394.7,1.98506,0.2762
1425001,4,66.5206,-22384.4,0.966921,0.2522
1450001,6,96.4783,-22382.3,0.891894,0.2782
1475001,4,65.6267,-22393.2,0.847163,0.285
1500001,4,65.2544,-22389.6,0.265941,0.2838
1525001,4,63.5303,-22385.7,2.42388,0.2724
1550001,5,83.0054,-22379.8,2.11309,0.3226
1575001,5,84.0233,-22381.8,0.536817,0.3104
1600001,5,83.8714,-22380.5,0.717834,0.3323
1625001,4,67.3088,-22388.8,0.957971,0.3306
1650001,4,67.1819,-22391.7,0.427638,0.2846
1675001,4,64.4905,-22386.6,2.28224,0.2754
1700001,2,32.8505,-22334.3,0.0834969,0.2376
1725001,3,45.6037,-22331.9,0.95024,0.2206
1750001,2,31.2802,-22333.2,0.922863,0.2186
1775001,2,32.5663,-22336.9,0.0967339,0.215
1800001,3,45.3448,-22329.5,1.73929,0.219
1825001,3,46.2014,-22333.1,1.72844,0.2546
1850001,3,47.1434,-22329.4,1.29695,0.2141
1875001,2,31.9844,-22333.9,0.411218,0.2366
1900001,3,46.222,-22329.8,1.35084,0.2395
1925001,2,31.8477,-22339.8,1.30249,0.212
1950001,3,47.4914,-22332.9,1.64915,0.2421
1975001,3,45.6226,-22323.9,0.719558,0.2416
2000001,2,30.3494,-22317.9,2.37044,0.2217
2025001,2,32.6205,-22319,0.134278,0.2558
2050001,2,25.4021,-22315.8,6.71318,0.2088
2075001,2,30.2705,-22315.2,1.65888,0.2862
2100001,2,31.804,-22316,0.48912,0.2722
2125001,2,31.6236,-22313.6,0.995917,0.1998
2150001,4,59.9483,-22306.2,1.65427,0.2432
2175001,2,30.7816,-22312,1.41278,0.2694
2200001,5,78.2173,-22301.7,2.11278,0.2874
2225001,3,48.0848,-22301.2,0.644711,0.2808
2250001,2,32.2275,-22317.8,0.13684,0.2633
2275001,2,31.5288,-22311.7,0.735655,0.204
2300001,4,62.7172,-22311.2,0.9436,0.2193
2325001,2,31.2865,-22312.5,1.01676,0.2386
2350001,2,31.8267,-22311.1,0.655971,0.2151
2375001,2,32.6059,-22306.4,0.202356,0.249
2400001,2,32.0165,-22311.3,0.664141,0.2353
2425001,2,29.7363,-22305.9,2.79579,0.2008
2450001,2,31.238,-22299.4,0.877202,0.2166
2475001,2,27.7067,-22303.7,4.23348,0.1764
2500001,2,31.7329,-22302.7,0.30317,0.1977
2525001,2,31.2573,-22302.8,0.516298,0.2374
2550001,2,30.5263,-22291.3,1.03381,0.1969
2575001,3,45.3287,-22291.6,2.03281,0.1986
2600001,3,45.1769,-22296.1,1.43646,0.1938
2625001,2,30.4258,-22294.6,0.777655,0.1966
2650001,2,29.6384,-22292.7,1.77755,0.2115
2675001,2,31.5091,-22292.4,0.0264941,0.1914
2700001,2,30.6907,-22293.1,0.596618,0.1985
2725001,2,29.5371,-22293,1.81113,0.1826
2750001,2,31.9043,-22293,0.0978766,0.1946
2775001,2,31.3116,-22289.8,0.26372,0.2248
2800001,2,31.2047,-22292.6,0.0276751,0.2051
2825001,2,31.3684,-22291.6,0.278771,0.2044
2850001,2,30.4273,-22290.8,1.43669,0.2267
2875001,2,29.6827,-22289.4,1.92281,0.1884
2900001,2,30.5151,-22287.8,0.885611,0.2046
2925001,3,45.8146,-22292,0.218448,0.1922
2950001,3,46.0545,-22290.2,0.915754,0.2014
2975001,2,29.6316,-22290.9,2.3567,0.1674
3000001,2,30.6331,-22292,1.11047,0.188
3025001,2,30.7169,-22292.9,0.788741,0.2234
3050001,2,27.938,-22287.6,4.17139,0.2109
3075001,2,31.2463,-22291.1,0.526341,0.1928
3100001,2,28.1057,-22291.9,3.56268,0.17
3125001,2,31.2398,-22291,0.464942,0.2292
3150001,2,30.8386,-22295.6,0.402551,0.1855
3175001,2,30.6955,-22290.6,1.1222,0.2228
3200001,2,28.262,-22292.3,3.50636,0.2166
3225001,3,47.4459,-22290.4,0.185133,0.2056
3250001,3,46.299,-22292.8,1.77972,0.2095
3275001,2,30.3788,-22293.8,1.24258,0.2176
3300001,2,30.987,-22291.1,0.996298,0.1847
3325001,3,48.4463,-22294,0.271366,0.215
3350001,3,45.9864,-22290.1,1.75223,0.2052
3375001,2,30.0531,-22292,1.51751,0.185
3400001,3,46.0852,-22290,1.95427,0.2229
3425001,3,46.2354,-22294.5,0.408328,0.2074
3450001,2,31.4858,-22294.5,0.638158,0.2126
3475001,3,47.273,-22287.3,0.124426,0.2166
3500001,4,63.0172,-22263.7,0.420779,0.2672
3525001,4,63.7118,-22269.5,0.323302,0.1792
3550001,2,31.2182,-22283.4,0.572237,0.2138
3575001,3,47.4293,-22284.3,0.734706,0.1954
3600001,2,31.3185,-22284.1,0.354749,0.2115
3625001,2,31.1336,-22279.7,0.232474,0.2038
3650001,2,31.2389,-22283.6,0.522228,0.221
3675001,2,31.5317,-22284.5,0.406177,0.2384
3700001,2,31.1318,-22283.7,0.406721,0.2161
3725001,2,29.0832,-22280.5,2.47489,0.2018
3750001,3,46.6861,-22264.5,0.859593,0.2748
3775001,3,45.7366,-22267.1,1.28965,0.2776
3800001,3,47.2755,-22263.3,0.50312,0.2722
3825001,3,47.4174,-22257.4,0.085193,0.2488
3850001,3,48.0638,-22258.5,0.0736558,0.2532
3875001,3,44.277,-22266.2,3.47144,0.3018
3900001,3,47.0334,-22257.7,0.416175,0.2308
3925001,4,63.265,-22256.3,0.568766,0.279
3950001,4,61.2015,-22254.5,1.02431,0.2652
3975001,4,63.8441,-22257.3,0.209494,0.2518
4000001,3,46.7323,-22259,0.557494,0.2592
4025001,3,46.4383,-22259.1,1.05883,0.2508
4050001,4,62.775,-22256.3,1.25267,0.2956
4075001,4,62.6538,-22259.8,0.917403,0.2508
4100001,3,45.6474,-22259.8,1.94175,0.2548
4125001,3,47.8366,-22259.2,0.0582231,0.2794
4150001,4,62.5267,-22259.6,0.601998,0.258
4175001,3,47.151,-22260.3,0.295355,0.2844
4200001,3,43.9045,-22263.5,3.44967,0.2673
4225001,3,44.5066,-22259.8,2.7456,0.2492
4250001,3,47.412,-22261.3,0.570903,0.2514
4275001,3,45.4543,-22258.7,2.38802,0.2554
4300001,3,47.5991,-22256.4,0.468607,0.2723
4325001,3,46.9503,-22268.6,0.830321,0.2216
4350001,3,46.813,-22272.2,0.119085,0.1767
4375001,3,45.9045,-22275.2,1.5456,0.1884
4400001,3,46.4828,-22275.8,0.547047,0.1755
4425001,3,46.2759,-22276.7,1.10441,0.183
4450001,3,46.8489,-22269.5,0.947538,0.2006
4475001,3,45.347,-22275.1,2.12668,0.1778
4500001,3,47.0376,-22274.4,0.0335944,0.2026
4525001,3,46.553,-22274.4,0.539553,0.1762
4550001,3,46.8616,-22276.3,0.765044,0.2139
4575001,4,63.1978,-22266.9,0.679989,0.204
4600001,3,46.8055,-22271.3,0.301307,0.2295
4625001,3,46.124,-22264,0.926846,0.2226
4650001,3,45.9015,-22267.1,1.55357,0.2192
4675001,3,47.0635,-22262.3,0.72607,0.2808
4700001,3,47.501,-22257.3,0.045838,0.2305
4725001,3,47.1622,-22260.2,0.601613,0.2216
4750001,4,60.3465,-22256.6,2.37997,0.245
4775001,3,46.3105,-22258.8,1.32716,0.231
4800001,3,47.0712,-22258,1.05893,0.2548
4825001,3,44.8769,-22267.4,2.96779,0.2392
4850001,3,45.1389,-22271.2,2.38963,0.2261
4875001,3,47.3895,-22266.1,0.0588252,0.2264
4900001,3,47.2166,-22269.2,0.141555,0.2189
4925001,3,45.5037,-22270.2,1.88703,0.2192
4950001,4,61.7378,-22257.4,0.0797641,0.279
4975001,3,46.7327,-22257.3,0.851176,0.2386
5000001,4,58.7176,-22261.5,2.63499,0.2185
5025001,3,46.5687,-22260.9,0.720835,0.1866
5050001,4,60.502,-22264.9,1.36023,0.1955
5075001,4,61.3328,-22271.9,1.15016,0.23
5100001,3,46.8471,-22267.7,0.493938,0.1836
5125001,4,63.6833,-22265.1,0.529886,0.1806
5150001,3,47.1939,-22262.9,0.796002,0.2097
5175001,4,62.7743,-22266.3,1.08137,0.2092
5200001,3,45.4008,-22263.8,1.81757,0.197
5225001,4,64.0146,-22256.5,0.0812999,0.2584
5250001,4,61.5272,-22257.7,1.54543,0.2581
5275001,4,62.39,-22264.3,1.14201,0.1876
5300001,3,46.5872,-22266.1,0.644001,0.1996
5325001,3,46.72,-22263.5,0.288325,0.1902
5350001,3,46.8267,-22262.6,0.613763,0.1808
5375001,4,62.1034,-22263,0.759941,0.2022
5400001,3,46.7057,-22267.3,0.272595,0.1918
5425001,3,45.1126,-22263.4,2.02453,0.1928
5450001,4,61.6656,-22260.2,1.67424,0.2179
5475001,3,46.264,-22261.7,0.693609,0.1818
5500001,3,47.2017,-22267.7,0.393789,0.2041
5525001,3,46.019,-22263.4,1.18188,0.1894
5550001,3,46.0377,-22261.8,1.37235,0.209
5575001,3,45.5111,-22265.4,1.86947,0.1944
5600001,4,62.2122,-22263.1,0.109283,0.2068
5625001,3,47.5489,-22266,0.300236,0.1742
5650001,3,47.7625,-22272.8,0.855015,0.2141
5675001,3,46.7982,-22266,1.00305,0.1852
5700001,3,43.4213,-22259,3.35533,0.1929
5725001,3,45.2059,-22264.3,1.47195,0.1984
5750001,3,45.2178,-22262.5,1.64987,0.1907
5775001,3,46.4178,-22260.3,0.492624,0.1708
5800001,3,47.3965,-22260.9,0.291948,0.2005
5825001,3,47.0452,-22265.7,0.0966579,0.1864
5850001,3,46.3654,-22265.8,0.966366,0.1973
5875001,3,46.3391,-22264.3,0.74793,0.2282
5900001,3,45.9906,-22267.9,1.56259,0.1919
5925001,3,46.2449,-22259.4,0.881457,0.1718
5950001,3,45.9476,-22268.5,1.34566,0.2072
5975001,3,45.3529,-22264.6,1.71782,0.1844
6000001,3,46.9144,-22257.3,0.178327,0.1996
6025001,4,61.3119,-22263.9,0.792971,0.1818
6050001,5,78.2065,-22264.2,0.14759,0.1833
6075001,3,44.0104,-22264.2,2.95973,0.209
6100001,3,46.1847,-22260,0.570967,0.1766
6125001,3,46.2807,-22261.7,0.753696,0.1956
6150001,3,47.0029,-22264.4,0.274824,0.2114
6175001,3,46.5135,-22263.5,0.185293,0.1976
6200001,3,46.8616,-22262.7,0.310614,0.1985
6225001,4,60.1909,-22266.4,1.77922,0.2142
6250001,3,45.8775,-22262.3,1.55398,0.1923
6275001,3,46.8855,-22261.5,0.644882,0.1894
6300001,3,46.9402,-22272.3,1.05098,0.2116
6325001,3,46.0247,-22263.2,0.71441,0.1704
6350001,3,46.6477,-22260.1,0.327029,0.176
6375001,3,47.1886,-22261.7,0.101093,0.1762
6400001,3,47.8829,-22264.6,0.0584048,0.1867
6425001,3,45.8802,-22263.8,1.23348,0.1956
6450001,3,47.072,-22262.6,0.171675,0.1928
6475001,3,47.0984,-22264.9,0.0656341,0.1878
6500001,3,47.1114,-22260.6,0.18538,0.2032
6525001,3,46.7244,-22263.6,0.48439,0.1836
6550001,3,46.7445,-22258.1,0.654276,0.2037
6575001,3,46.6894,-22265.8,0.652772,0.1918
6600001,3,43.1901,-22258.1,3.62511,0.1924
6625001,3,46.1571,-22260.3,1.20166,0.2166
6650001,4,63.528,-22262.4,0.160281,0.2176
6675001,4,61.6083,-22261.4,0.661847,0.1868
6700001,3,46.5069,-22259.4,0.779385,0.1823
6725001,3,46.289,-22261.7,1.04611,0.1792
6750001,3,47.4051,-22263.4,0.0885651,0.2071
6775001,3,46.4125,-22259.8,0.648263,0.236
6800001,3,46.8235,-22260,0.382738,0.1908
6825001,3,44.2974,-22262.1,2.78801,0.1978
6850001,3,46.487,-22261.9,1.03743,0.195
6875001,4,62.0751,-22264.4,1.63332,0.1872
6900001,4,62.7611,-22261.1,0.311806,0.213
6925001,3,46.1169,-22263.7,0.793172,0.1642
6950001,3,45.8052,-22264.8,2.43024,0.196
6975001,3,47.4514,-22263.5,0.355859,0.219
7000001,5,79.1811,-22259.1,0.517423,0.1985
7025001,3,46.7857,-22262.3,0.622121,0.1866
7050001,3,46.985,-22263.5,0.222829,0.1837
7075001,3,42.985,-22270,4.02602,0.1754
7100001,3,46.4074,-22260.1,0.636334,0.227
7125001,3,45.884,-22265,0.75877,0.239
7150001,4,61.7607,-22260.1,0.494993,0.2014
7175001,3,46.4929,-22270.4,0.17724,0.1726
7200001,3,46.5512,-22261.2,0.048259,0.2055
7225001,3,46.5903,-22260.2,0.554785,0.2124
7250001,3,46.3962,-22260.7,0.41059,0.1829
7275001,3,47.1162,-22259.7,0.29133,0.1694
7300001,2,30.5167,-22288,1.04178,0.1876
7325001,3,45.7775,-22288.3,1.76131,0.2008
7350001,2,30.9993,-22286,0.750207,0.2038
7375001,2,31.0922,-22284.6,0.461861,0.1858
7400001,2,30.6998,-22290.3,0.611831,0.2009
7425001,3,43.8864,-22283,3.50794,0.2092
7450001,3,46.868,-22283.9,1.63318,0.1985
7475001,2,31.5269,-22283.1,0.12963,0.1908
7500001,3,46.3454,-22282.4,0.724355,0.2127
7525001,2,29.2164,-22281,2.02792,0.2232
7550001,2,31.2136,-22280.1,0.317347,0.2041
7575001,3,46.3822,-22263,1.32089,0.2982
7600001,6,92.1437,-22257.9,2.26823,0.2744
7625001,4,63.8856,-22258.9,0.282702,0.236
7650001,3,45.0996,-22265.6,2.50565,0.2465
7675001,3,47.1703,-22261.4,0.691001,0.2784
7700001,4,63.1991,-22255.1,0.282069,0.2558
7725001,4,63.6105,-22264.8,0.195781,0.2334
7750001,3,46.2806,-22266.5,1.32915,0.2154
7775001,4,58.9749,-22263.1,2.93801,0.2446
7800001,4,63.7026,-22272.6,0.192574,0.2155
7825001,3,46.424,-22266,1.08759,0.2148
7850001,3,46.4386,-22268.2,0.695886,0.2076
7875001,3,47.2606,-22261.7,0.0246899,0.2006
7900001,5,77.3766,-22268.1,2.07444,0.2065
7925001,4,62.8126,-22270.5,0.48753,0.2124
7950001,3,47.3331,-22267,0.426226,0.2293
7975001,3,47.7244,-22257.5,0.284647,0.2342
8000001,3,46.7424,-22261.7,1.37735,0.2409
8025001,3,45.4227,-22266.6,2.09781,0.2222
8050001,3,46.9799,-22268.2,0.519296,0.2433
8075001,4,61.3973,-22266.2,0.452646,0.2218
8100001,3,45.3719,-22266.1,1.86551,0.2455
8125001,3,46.0251,-22275.7,0.910887,0.2272
8150001,4,60.3612,-22279.1,0.761848,0.1842
8175001,4,58.7458,-22273.8,2.27049,0.233
8200001,3,46.8795,-22277.2,0.0187862,0.1899
8225001,3,46.8566,-22273.1,0.547808,0.2004
8250001,4,62.4845,-22264,0.354708,0.2231
8275001,4,62.6295,-22257.4,2.16528,0.2494
8300001,3,47.6852,-22260.9,0.357382,0.2625
8325001,3,46.5537,-22264,0.968212,0.2114
8350001,3,47.212,-22264.5,0.95946,0.2205
8375001,3,46.6778,-22261.2,1.00158,0.2016
8400001,5,77.5693,-22265.2,0.309208,0.207
8425001,3,44.2896,-22262.9,2.99996,0.1946
8450001,4,61.3437,-22256.4,0.479568,0.229
8475001,4,59.3676,-22262.8,2.52733,0.254
8500001,3,46.273,-22262.1,1.25545,0.2281
8525001,3,44.2429,-22260.7,3.64796,0.266
8550001,4,62.3127,-22262.1,0.427397,0.2495
8575001,4,62.0558,-22262.1,0.194815,0.2532
8600001,3,46.5656,-22259.4,0.616044,0.2696
8625001,3,46.7498,-22262.9,0.65635,0.2122
8650001,3,43.4413,-22258.8,3.73529,0.2185
8675001,4,63.4757,-22263.4,0.277787,0.2056
8700001,3,45.7847,-22256.1,1.79358,0.2061
8725001,3,46.651,-22260.9,0.812935,0.2022
8750001,3,44.884,-22262,2.63132,0.206
8775001,3,48.0702,-22262.2,0.0794472,0.2208
8800001,3,46.7854,-22261.3,0.606033,0.2015
8825001,3,45.6268,-22267.5,2.07445,0.2072
8850001,4,62.414,-22268.4,0.524565,0.1959
8875001,3,46.3456,-22268.4,1.29083,0.2334
8900001,4,58.7917,-22264.4,3.30365,0.201
8925001,4,59.3184,-22255.1,0.833168,0.2358
8950001,3,46.9004,-22263.5,0.302933,0.2188
8975001,4,60.9272,-22252.8,2.65515,0.2402
9000001,3,47.2327,-22260.7,0.288925,0.215
9025001,3,45.8767,-22262.1,1.03415,0.198
9050001,3,45.9925,-22260,0.650407,0.2006
9075001,4,60.0876,-22256.3,0.00828397,0.234
9100001,3,46.7642,-22259,0.0219458,0.198
9125001,3,45.3044,-22260.1,2.70129,0.2084
9150001,4,62.7847,-22258.7,0.39537,0.2364
9175001,3,42.4861,-22258.7,4.68095,0.202
9200001,3,44.5234,-22255.5,2.29152,0.1983
9225001,4,61.4652,-22260.3,0.188695,0.1936
9250001,3,46.8049,-22258.2,0.0485909,0.2049
9275001,3,46.9479,-22269.5,0.460194,0.194
9300001,3,46.5263,-22270.7,0.985346,0.2122
9325001,4,61.801,-22268.6,2.11634,0.197
9350001,3,46.6931,-22258.2,0.668543,0.2064
9375001,3,45.6223,-22264.6,1.22725,0.2202
9400001,3,46.2911,-22262.1,0.612634,0.1856
9425001,5,79.2586,-22262.5,0.166109,0.2378
9450001,3,46.912,-22271.3,0.496793,0.1955
9475001,3,45.0939,-22268.2,2.63168,0.191
9500001,3,47.7004,-22270.3,0.0409465,0.2004
9525001,3,44.3852,-22270,2.09049,0.1914
9550001,3,47.1194,-22271.8,0.14427,0.2167
9575001,3,47.071,-22267.4,0.531577,0.202
9600001,3,45.3762,-22270.3,1.71073,0.1815
9625001,3,45.1993,-22263.5,2.03945,0.1708
9650001,4,57.3168,-22261.6,4.58091,0.1853
9675001,3,45.5995,-22267,1.74269,0.2028
9700001,3,46.4331,-22263.9,0.583981,0.2087
9725001,3,47.0203,-22269.7,0.226503,0.1812
9750001,3,45.7731,-22266,1.75129,0.1905
9775001,3,46.0305,-22268.2,1.45403,0.2306
9800001,3,46.657,-22272.4,1.10739,0.187
9825001,4,62.2272,-22272,0.271581,0.1924
9850001,3,46.1128,-22263.8,1.04844,0.1864
9875001,3,47.0647,-22267.8,0.695484,0.2098
9900001,4,61.9418,-22267.7,0.972477,0.2057
9925001,3,44.7358,-22260.5,2.22066,0.211
9950001,3,45.9812,-22262.6,0.405424,0.1701
9975001,3,44.3105,-22262.6,2.92192,0.216
10000001,3,45.3762,-22268.4,0.763698,0.1942
10025001,3,46.0043,-22269.4,0.443991,0.2004
10050001,4,61.5589,-22266.2,0.874667,0.2011
10075001,2,30.2483,-22278.9,1.58336,0.2324
10100001,2,30.8117,-22279.1,0.522423,0.2023
10125001,2,31.0119,-22278.5,0.324721,0.194
10150001,2,31.3913,-22283.3,0.347964,0.1995
10175001,2,31.2675,-22285.3,0.223958,0.1798
10200001,3,46.1273,-22283.4,0.0225674,0.2251
10225001,3,42.8307,-22282.5,0.275469,0.2014
10250001,3,46.5767,-22282,0.030976,0.2067
10275001,2,31.2531,-22282.5,1.18511,0.2004
10300001,3,44.7734,-22280.2,0.305171,0.1982
10325001,2,32.0033,-22281.8,0.0480258,0.205
10350001,2,30.9872,-22285.8,1.25101,0.2285
10375001,2,31.2228,-22282.1,0.483159,0.2224
10400001,2,31.3556,-22278.8,0.0192228,0.2018
10425001,2,31.3351,-22289.3,0.142534,0.1766
10450001,2,31.4167,-22286.5,0.0561081,0.2162
10475001,4,61.9941,-22283.3,0.224916,0.2002
10500001,4,56.8406,-22283,1.36914,0.2496
10525001,2,30.6321,-22282.2,0.732177,0.1976
10550001,2,31.3259,-22283.8,0.268081,0.2102
10575001,2,29.8927,-22283.3,1.83844,0.1948
10600001,2,30.7268,-22280.7,1.12478,0.1974
10625001,4,63.5475,-22284.5,0.692971,0.248
10650001,3,45.1612,-22281.1,0.359703,0.2475
10675001,2,30.2684,-22281.8,1.61402,0.2492
10700001,2,27.1239,-22279.9,4.81135,0.2226
10725001,2,31.7496,-22282.7,0.0972562,0.2088
10750001,2,31.6116,-22288.1,0.502785,0.1885
10775001,2,31.6986,-22284.2,0.0569924,0.2378
10800001,3,43.832,-22282.6,0.978172,0.2084
10825001,2,31.6196,-22287.4,0.3589,0.2002
10850001,4,62.4468,-22278.3,0.279034,0.2312
10875001,2,30.2023,-22288.3,1.61733,0.1966
10900001,2,30.9417,-22287.7,0.657092,0.2027
10925001,3,46.1659,-22278.3,0.0180443,0.2202
10950001,2,30.388,-22279.5,0.973131,0.2039
10975001,2,31.1821,-22279.8,0.236789,0.2012
11000001,2,29.9516,-22280.4,1.39178,0.1835
11025001,3,45.9704,-22284,0.228002,0.2244
11050001,2,31.4307,-22282.6,0.217046,0.2544
11075001,2,30.6927,-22283.1,0.591687,0.196
11100001,3,45.3847,-22281.5,2.52938,0.196
11125001,2,30.4036,-22283.7,0.566435,0.2114
11150001,2,30.1141,-22285.6,1.24014,0.2158
11175001,2,28.3661,-22285.7,2.9201,0.1936
11200001,2,30.1096,-22283.5,0.912169,0.1856
11225001,2,30.0825,-22286.3,1.4341,0.2564
11250001,2,31.4585,-22285.5,0.578284,0.2055
11275001,2,31.2242,-22285.2,0.424871,0.219
11300001,2,31.1532,-22283.6,0.700214,0.2036
11325001,2,32.2783,-22287.1,0.10184,0.2094
11350001,3,47.6976,-22283.2,0.352534,0.2109
11375001,4,63.0896,-22282,0.556334,0.2004
11400001,2,30.0738,-22284.7,1.67753,0.2115
11425001,2,30.9354,-22283,0.625386,0.1956
11450001,2,29.4561,-22285.6,1.87138,0.2072
11475001,2,31.1842,-22288.6,0.00491844,0.1898
11500001,2,28.4176,-22287.4,2.57491,0.1948
11525001,2,30.6519,-22288.2,1.19664,0.1876
11550001,2,31.0336,-22281.3,0.401225,0.2015
11575001,3,45.7628,-22286.8,1.571,0.2136
11600001,2,30.0161,-22284.9,1.05238,0.2058
11625001,2,31.211,-22283.4,0.00332105,0.174
11650001,2,30.6635,-22284.6,0.829454,0.2025
11675001,2,30.6545,-22284.1,1.07337,0.2188
11700001,3,44.8535,-22281.9,0.691521,0.2512
11725001,2,31.6761,-22285.1,0.33983,0.222
11750001,2,29.4483,-22283.8,1.62648,0.2118
11775001,2,30.7464,-22285,0.648408,0.1988
11800001,3,47.0316,-22283.7,0.674994,0.2222
11825001,3,47.1307,-22284.3,0.0966292,0.2278
11850001,2,31.4325,-22285.8,0.0261128,0.1901
11875001,2,30.3055,-22283,1.08434,0.1842
11900001,2,30.8961,-22283.4,0.832367,0.1936
11925001,3,46.1805,-22283.6,0.342789,0.2198
11950001,2,31.1363,-22282.4,0.341738,0.1959
11975001,2,29.821,-22283.7,1.73668,0.2112
12000001,3,44.6084,-22285.3,1.83867,0.2099
12025001,2,31.4305,-22283.6,0.443276,0.2246
12050001,3,46.4649,-22285.8,0.960415,0.2261
12075001,3,46.6092,-22260.5,1.46882,0.257
12100001,3,46.4027,-22258.5,1.45562,0.2696
12125001,3,45.3018,-22263.4,2.79251,0.2052
12150001,3,46.6369,-22272.2,1.03409,0.2027
12175001,4,63.8958,-22257.9,0.00524688,0.2282
12200001,4,62.617,-22261,1.80917,0.2226
12225001,3,46.0695,-22264.3,1.66233,0.2178
12250001,3,45.6956,-22273,1.81829,0.2181
12275001,3,46.846,-22265.3,0.358432,0.2246
12300001,3,47.1387,-22269,0.244956,0.219
12325001,3,45.6618,-22259.6,1.62257,0.1988
12350001,3,47.5211,-22264.5,0.684703,0.2034
12375001,3,47.56,-22268.9,0.068383,0.2206
12400001,5,76.3727,-22258,0.392709,0.2063
12425001,4,63.8825,-22271,0.0261012,0.2034
12450001,3,44.5976,-22265.6,2.50861,0.2074
12475001,3,46.1363,-22260.1,1.37908,0.2356
12500001,3,45.7881,-22269.1,1.02246,0.2127
12525001,4,62.8279,-22266.5,0.796269,0.2028
12550001,3,46.0074,-22258.4,1.21666,0.2345
12575001,3,46.7596,-22259.5,0.953235,0.219
12600001,3,46.0524,-22267.2,1.13806,0.2148
12625001,3,47.1435,-22272.2,0.647757,0.1896
12650001,4,58.4718,-22264.7,1.17645,0.1913
12675001,5,77.3636,-22254.4,0.308133,0.2724
12700001,3,47.5373,-22274,0.372247,0.24
12725001,3,45.752,-22266.6,1.42087,0.197
