generation,N_shifts,eventRate
1,0,0.82532
10001,0,0.0792315
20001,3,0.372792
30001,1,0.263378
40001,1,0.497528
50001,0,0.426818
60001,0,0.0449943
70001,0,0.0727596
80001,0,0.624622
90001,0,0.11936
100001,1,0.232567
110001,0,0.078145
120001,0,0.177452
130001,1,1.27428
140001,4,3.83645
150001,0,0.429432
160001,4,0.819835
170001,1,1.61065
180001,0,0.0620333
190001,0,2.12788
200001,0,0.584311
210001,0,0.0164069
220001,0,0.382468
230001,2,0.55386
240001,2,1.21481
250001,0,0.159651
260001,3,0.892218
270001,1,0.746396
280001,0,1.46975
290001,1,0.137527
300001,1,0.20808
310001,0,0.0721641
320001,1,0.634036
330001,2,2.00254
340001,2,0.881026
350001,0,0.650872
360001,0,0.671393
370001,0,0.0730296
380001,0,0.72207
390001,3,4.35683
400001,2,1.37959
410001,0,0.0451981
420001,0,0.507711
430001,2,3.85856
440001,1,0.932845
450001,4,0.688571
460001,0,0.996547
470001,0,0.263874
480001,0,0.0223176
490001,1,0.616384
500001,2,0.909165
510001,1,1.77223
520001,1,1.46403
530001,1,0.0728584
540001,1,1.17724
550001,2,2.88727
560001,2,1.41637
570001,4,1.55194
580001,1,1.93129
590001,0,0.612525
600001,1,0.654844
610001,0,0.359668
620001,0,2.123
630001,0,0.835509
640001,0,1.64413
650001,4,2.7816
660001,0,0.147477
670001,0,0.113063
680001,1,0.513306
690001,1,0.691937
700001,0,5.26046
710001,0,0.406407
720001,0,0.0426689
730001,1,0.737186
740001,0,0.474977
750001,1,2.96418
760001,0,0.441281
770001,0,0.244107
780001,2,2.48158
790001,2,1.46722
800001,1,3.26366
810001,0,0.736265
820001,0,0.481567
830001,1,2.64963
840001,0,0.154733
850001,2,0.959091
860001,0,2.2753
870001,0,0.595385
880001,0,0.0779321
890001,0,0.187077
900001,1,0.793913
910001,0,0.754705
920001,0,0.0346231
930001,1,0.564862
940001,0,0.0785006
950001,3,0.515653
960001,0,0.068648
970001,3,0.194681
980001,4,0.61689
990001,0,0.0555174
1000001,0,0.697995
1010001,0,0.00813595
1020001,5,2.43872
1030001,0,0.559199
1040001,0,0.603916
1050001,0,0.0262605
1060001,0,0.157726
1070001,0,3.65598
1080001,2,0.212385
1090001,1,0.72383
1100001,0,0.763889
1110001,2,1.14158
1120001,2,2.71449
1130001,2,1.79242
1140001,4,2.45548
1150001,0,1.45434
1160001,3,3.56167
1170001,2,2.72544
1180001,3,3.53997
1190001,1,1.13096
1200001,1,1.28158
1210001,4,1.84713
1220001,1,0.748621
1230001,0,0.620203
1240001,4,0.342265
1250001,0,0.0246122
1260001,0,0.0879797
1270001,1,1.75063
1280001,1,1.12315
1290001,2,1.51568
1300001,3,0.892127
1310001,1,0.295777
1320001,2,0.396452
1330001,1,0.368401
1340001,0,0.179475
1350001,1,0.356252
1360001,1,0.729618
1370001,1,0.230075
1380001,0,0.0628042
1390001,1,3.19462
1400001,1,1.64685
1410001,1,1.60679
1420001,0,0.0137485
1430001,0,0.386431
1440001,0,0.809151
1450001,0,0.00169507
1460001,0,0.23732
1470001,2,2.1038
1480001,3,1.00519
1490001,0,1.25662
1500001,1,1.3212
1510001,1,0.962293
1520001,1,0.528531
1530001,0,0.417216
1540001,0,0.526505
1550001,1,0.109006
1560001,1,0.966013
1570001,2,1.20079
1580001,3,2.90218
1590001,0,0.2367
1600001,0,0.787638
1610001,2,1.80234
1620001,1,3.08908
1630001,0,0.151519
1640001,1,0.4804
1650001,1,0.918435
1660001,0,1.2123
1670001,1,0.534251
1680001,2,3.04205
1690001,1,0.48318
1700001,2,1.01975
1710001,0,0.770399
1720001,0,0.75893
1730001,0,0.290006
1740001,0,1.15037
1750001,2,3.63193
1760001,1,0.711471
1770001,0,0.814985
1780001,1,0.576097
1790001,1,0.99456
1800001,0,0.224657
1810001,0,0.0370228
1820001,1,2.1161
1830001,2,0.836991
1840001,0,0.22296
1850001,2,0.928936
1860001,2,3.06872
1870001,2,1.39761
1880001,3,3.06957
1890001,0,0.63467
1900001,2,1.3211
1910001,0,0.287745
1920001,0,0.287953
1930001,1,0.856105
1940001,0,0.110381
1950001,1,0.925896
1960001,1,0.567021
1970001,2,0.370272
1980001,0,0.194399
1990001,0,0.551757
2000001,0,0.142413
2010001,0,0.0669926
2020001,1,4.59828
2030001,2,0.186782
2040001,2,2.18523
2050001,0,0.178809
2060001,0,0.131559
2070001,0,0.473037
2080001,1,0.42706
2090001,0,0.795717
2100001,0,0.354138
2110001,1,3.0043
2120001,1,0.452184
2130001,3,0.664397
2140001,1,1.83554
2150001,0,0.257331
2160001,0,0.230648
2170001,3,0.608481
2180001,0,0.265961
2190001,1,0.657429
2200001,0,0.105816
2210001,0,1.37707
2220001,3,1.40561
2230001,2,2.43372
2240001,0,0.36429
2250001,0,0.00192082
2260001,1,0.242912
2270001,1,1.2151
2280001,4,2.47812
2290001,1,0.151542
2300001,5,1.16406
2310001,0,0.696161
2320001,0,0.984327
2330001,1,0.490123
2340001,1,0.200123
2350001,1,1.15855
2360001,1,0.234918
2370001,2,0.730497
2380001,1,2.49771
2390001,0,2.12542
2400001,1,0.897094
2410001,0,0.163026
2420001,1,0.676749
2430001,1,0.737632
2440001,0,0.103652
2450001,1,0.932142
2460001,0,0.372617
2470001,1,1.24732
2480001,0,0.691875
2490001,0,2.19213
2500001,1,1.06745
2510001,1,0.404686
2520001,0,1.27486
2530001,0,0.0359572
2540001,1,1.18826
2550001,2,2.20517
2560001,1,0.520742
2570001,0,0.399839
2580001,1,0.816984
2590001,0,0.249854
2600001,0,0.196335
2610001,1,0.157123
2620001,0,0.572021
2630001,1,0.408674
2640001,5,3.13616
2650001,0,0.472757
2660001,0,0.00716987
2670001,0,0.344136
2680001,1,1.30595
2690001,0,0.486431
2700001,2,0.092051
2710001,2,0.282
2720001,2,1.39252
2730001,0,0.135043
2740001,2,2.04086
2750001,0,0.162081
2760001,0,0.774716
2770001,1,1.26014
2780001,0,0.0244321
2790001,0,0.161813
2800001,0,0.580818
2810001,0,0.0693482
2820001,0,0.0077872
2830001,0,0.880514
2840001,0,4.22557
2850001,0,0.40294
2860001,1,0.150215
2870001,2,2.06475
2880001,0,1.46573
2890001,1,0.196369
2900001,0,1.12384
2910001,1,1.67739
2920001,0,0.189037
2930001,2,0.0781821
2940001,1,1.10047
2950001,0,1.41711
2960001,0,0.338044
2970001,1,0.737585
2980001,2,3.27127
2990001,1,2.3157
3000001,2,2.11469
3010001,1,1.47463
3020001,0,0.556567
3030001,1,1.81204
3040001,4,2.11984
3050001,4,4.98948
3060001,1,0.835917
3070001,0,0.343265
3080001,0,0.352212
3090001,0,0.199277
3100001,0,0.0609102
3110001,1,1.75999
3120001,0,0.22398
3130001,0,0.43248
3140001,1,2.13253
3150001,4,3.13138
3160001,2,2.90819
3170001,0,0.380849
3180001,0,0.461383
3190001,1,0.854435
3200001,0,2.60893
3210001,1,0.807188
3220001,1,0.179553
3230001,0,0.312777
3240001,0,2.31456
3250001,0,0.153916
3260001,0,1.5331
3270001,3,2.40594
3280001,1,0.499082
3290001,0,0.0460189
3300001,0,0.0191889
3310001,1,0.847704
3320001,1,2.31003
3330001,0,0.307902
3340001,1,0.264975
3350001,0,0.0858674
3360001,2,0.0532368
3370001,1,1.21433
3380001,0,0.813209
3390001,0,0.657487
3400001,0,0.179911
3410001,0,1.03929
3420001,2,1.76229
3430001,1,1.66664
3440001,0,0.00189455
3450001,1,1.04774
3460001,1,0.25314
3470001,0,0.232468
3480001,2,0.191812
3490001,3,1.64555
3500001,0,0.0521374
3510001,0,0.109149
3520001,1,0.0848359
3530001,0,0.194966
3540001,1,0.64549
3550001,0,0.972142
3560001,0,0.0321934
3570001,3,0.452081
3580001,0,1.04695
3590001,0,0.578819
3600001,0,0.417913
3610001,0,0.544241
3620001,0,0.254821
3630001,2,2.05387
3640001,0,1.86111
3650001,0,0.0204659
3660001,1,0.440051
3670001,2,0.105019
3680001,2,0.567093
3690001,0,0.187725
3700001,0,0.408997
3710001,0,1.17792
3720001,0,1.09494
3730001,0,0.416038
3740001,0,0.899579
3750001,2,0.121121
3760001,0,0.0707071
3770001,1,0.806708
3780001,1,0.850967
3790001,1,1.0871
3800001,0,0.669004
3810001,1,0.109938
3820001,2,0.316849
3830001,0,3.11722
3840001,1,0.285028
3850001,0,0.213095
3860001,0,0.0870907
3870001,1,0.962222
3880001,2,4.8682
3890001,0,1.86997
3900001,3,2.17524
3910001,1,0.630318
3920001,1,0.144017
3930001,0,0.567663
3940001,1,2.10599
3950001,0,0.168395
3960001,0,0.354374
3970001,1,0.237329
3980001,2,0.65101
3990001,1,5.84983
4000001,0,0.148269
4010001,0,0.958667
4020001,0,0.555265
4030001,1,0.870264
4040001,1,2.86354
4050001,0,1.08987
4060001,2,0.337498
4070001,0,0.0974188
4080001,0,1.06807
4090001,0,0.170844
4100001,0,1.39926
4110001,1,1.09409
4120001,1,2.38911
4130001,1,0.914684
4140001,0,0.201074
4150001,3,2.48476
4160001,2,0.272045
4170001,1,2.50043
4180001,0,0.707876
4190001,0,0.0536646
4200001,0,0.85495
4210001,3,0.220768
4220001,0,1.17068
4230001,0,0.0808053
4240001,1,2.23442
4250001,0,0.231714
4260001,1,1.53836
4270001,2,1.5062
4280001,0,0.641405
4290001,1,1.3847
4300001,1,1.92574
4310001,2,5.41166
4320001,1,0.852281
4330001,0,0.601215
4340001,1,0.811793
4350001,2,1.12199
4360001,1,1.67269
4370001,0,1.27014
4380001,0,0.655785
4390001,0,0.073875
4400001,0,0.132615
4410001,1,0.728312
4420001,3,1.71864
4430001,0,1.45369
4440001,0,0.846328
4450001,0,1.73767
4460001,0,1.56585
4470001,3,0.447786
4480001,0,0.449868
4490001,1,1.03896
4500001,0,0.0598974
4510001,1,1.22802
4520001,1,0.490171
4530001,2,0.669742
4540001,0,0.126851
4550001,0,0.244267
4560001,1,0.978019
4570001,0,0.40326
4580001,1,1.92825
4590001,1,1.60765
4600001,0,1.52191
4610001,1,0.380904
4620001,0,0.196111
4630001,0,0.481087
4640001,2,1.53864
4650001,0,0.078198
4660001,1,0.805593
4670001,0,0.670074
4680001,0,0.124391
4690001,2,0.320728
4700001,0,0.449404
4710001,1,1.6408
4720001,0,0.020351
4730001,0,0.737597
4740001,1,0.0208999
4750001,2,0.394838
4760001,2,1.73886
4770001,1,0.663999
4780001,0,0.108101
4790001,2,0.782774
4800001,5,2.67391
4810001,1,3.39891
4820001,2,2.42335
4830001,2,0.846789
4840001,0,0.235652
4850001,1,0.499824
4860001,0,0.25686
4870001,0,0.123947
4880001,0,0.507962
4890001,0,0.472683
4900001,1,0.495867
4910001,1,2.03285
4920001,1,1.33145
4930001,1,1.56296
4940001,1,1.5529
4950001,1,0.625365
4960001,0,0.746958
4970001,1,1.51967
4980001,1,1.87666
4990001,3,1.34264
5000001,2,1.2367
5010001,3,0.433961
5020001,1,0.148272
5030001,0,0.432219
5040001,2,0.69222
5050001,3,0.485781
5060001,0,1.8904
5070001,5,2.29429
5080001,2,0.255059
5090001,2,2.19864
5100001,1,0.447471
5110001,4,3.21631
5120001,1,0.484775
5130001,3,0.864918
5140001,2,1.98369
5150001,1,2.6192
5160001,2,2.52616
5170001,2,1.09242
5180001,0,0.23939
5190001,0,0.853692
5200001,1,1.66357
5210001,1,1.07087
5220001,1,0.508924
5230001,2,0.804691
5240001,2,4.27448
5250001,2,3.11148
5260001,2,0.0174041
5270001,1,2.25949
5280001,1,0.0767797
5290001,1,0.521778
5300001,1,0.857602
5310001,1,0.553619
5320001,1,2.43329
5330001,0,0.0608652
5340001,0,0.00102777
5350001,1,0.853332
5360001,1,0.319216
5370001,0,0.248972
5380001,0,0.439082
5390001,0,0.128264
5400001,0,0.122146
5410001,2,1.39142
5420001,0,1.16726
5430001,3,0.737161
5440001,0,0.706278
5450001,1,3.09662
5460001,1,0.907443
5470001,2,5.96236
5480001,2,2.33229
5490001,1,1.25294
5500001,1,2.36534
5510001,0,1.06531
5520001,1,2.06621
5530001,0,0.287091
5540001,1,0.879351
5550001,0,0.514834
5560001,0,2.60029
5570001,0,0.414405
5580001,2,2.48823
5590001,1,0.813892
5600001,0,0.221028
5610001,0,0.713994
5620001,0,0.285807
5630001,1,0.777858
5640001,0,0.401005
5650001,0,0.32897
5660001,2,0.532462
5670001,2,0.477911
5680001,3,0.544718
5690001,1,0.0915204
5700001,3,0.994881
5710001,0,0.287403
5720001,1,1.45964
5730001,1,2.04746
5740001,1,0.0718461
5750001,3,0.622714
5760001,2,2.45447
5770001,2,1.89823
5780001,2,2.53001
5790001,0,0.17151
5800001,1,0.598779
5810001,1,0.741099
5820001,1,3.45457
5830001,1,1.60442
5840001,0,0.319641
5850001,0,0.787171
5860001,0,0.00675713
5870001,0,0.387953
5880001,1,1.66985
5890001,0,0.0339358
5900001,1,1.02504
5910001,0,1.64918
5920001,4,6.24423
5930001,3,0.525104
5940001,0,1.44747
5950001,3,1.06432
5960001,1,1.35022
5970001,1,1.94328
5980001,1,0.788996
5990001,0,0.206451
6000001,0,0.00187553
6010001,0,0.0851209
6020001,1,0.178396
6030001,1,5.69126
6040001,0,0.357591
6050001,1,0.062768
6060001,0,2.29965
6070001,1,0.0735682
6080001,1,1.22175
6090001,1,0.253605
6100001,4,4.25182
6110001,3,1.63197
6120001,0,0.402164
6130001,2,2.66896
6140001,5,11.3124
6150001,2,0.818908
6160001,0,0.432244
6170001,0,0.38463
6180001,1,1.80802
6190001,0,0.805769
6200001,0,0.00796636
6210001,0,0.0786379
6220001,0,0.0427341
6230001,1,2.42594
6240001,1,0.976869
6250001,0,0.062473
6260001,0,1.51021
6270001,1,0.0584724
6280001,1,0.893466
6290001,0,0.987203
6300001,2,3.97996
6310001,1,2.1575
6320001,0,2.57393
6330001,4,1.1387
6340001,0,2.2139
6350001,0,0.363422
6360001,0,0.0350084
6370001,0,0.248477
6380001,2,0.473069
6390001,0,0.49696
6400001,2,1.79022
6410001,2,0.229789
6420001,0,0.627191
6430001,1,1.13377
6440001,1,0.274566
6450001,1,2.06787
6460001,0,0.366835
6470001,0,0.119239
6480001,0,0.195096
6490001,0,0.40493
6500001,1,1.42734
6510001,3,0.184199
6520001,2,1.31106
6530001,2,1.66381
6540001,2,0.472944
6550001,3,1.04249
6560001,2,0.17634
6570001,2,0.88378
6580001,1,3.36728
6590001,0,0.288773
6600001,3,0.518352
6610001,2,0.736948
6620001,0,1.1666
6630001,0,0.215679
6640001,0,2.23633
6650001,0,0.900528
6660001,0,1.07981
6670001,0,0.814607
6680001,2,3.08611
6690001,1,1.87857
6700001,0,0.402285
6710001,1,1.45997
6720001,1,1.09769
6730001,0,0.370833
6740001,0,0.803209
6750001,0,1.16371
6760001,0,2.32518
6770001,1,1.53223
6780001,0,0.390467
6790001,1,0.415763
6800001,0,0.805139
6810001,1,2.47356
6820001,0,0.918612
6830001,0,0.181371
6840001,0,0.238213
6850001,4,0.520283
6860001,2,0.714716
6870001,1,1.7234
6880001,1,1.69244
6890001,2,4.04519
6900001,0,1.63724
6910001,0,0.684855
6920001,0,1.90043
6930001,0,0.447752
6940001,2,1.60347
6950001,1,1.20669
6960001,4,0.859528
6970001,4,0.549592
6980001,1,1.67817
6990001,1,0.869955
7000001,3,4.54511
7010001,0,1.41228
7020001,0,0.921788
7030001,1,1.18023
7040001,0,1.17019
7050001,0,0.280587
7060001,2,2.27797
7070001,2,1.22673
7080001,2,1.63162
7090001,2,1.87566
7100001,0,0.675802
7110001,2,2.23666
7120001,1,3.31654
7130001,1,1.16617
7140001,0,0.631617
7150001,1,0.764596
7160001,0,0.662157
7170001,0,0.548228
7180001,1,1.57747
7190001,3,0.217317
7200001,1,1.26671
7210001,1,1.49908
7220001,1,2.37116
7230001,0,2.08644
7240001,0,1.83221
7250001,1,0.507014
7260001,0,0.224473
7270001,0,0.570539
7280001,1,1.94611
7290001,1,0.572356
7300001,1,1.40794
7310001,0,0.128742
7320001,0,0.169139
7330001,1,0.551467
7340001,0,1.38641
7350001,1,1.30064
7360001,0,0.179217
7370001,3,0.533799
7380001,1,0.642899
7390001,1,1.05451
7400001,0,1.56814
7410001,0,0.32401
7420001,3,2.95006
7430001,1,2.13428
7440001,0,0.992856
7450001,0,0.157456
7460001,1,2.95839
7470001,2,0.47372
7480001,0,0.805752
7490001,1,3.47844
7500001,0,0.162532
7510001,0,1.42266
7520001,0,0.379096
7530001,0,0.014152
7540001,0,0.377954
7550001,0,1.03018
7560001,2,1.08884
7570001,0,0.325888
7580001,1,0.663235
7590001,0,0.202269
7600001,0,1.02312
7610001,0,1.29107
7620001,1,0.398566
7630001,2,0.62499
7640001,0,0.0417721
7650001,0,0.52182
7660001,4,1.53967
7670001,1,0.637516
7680001,1,0.50908
7690001,2,0.260466
7700001,2,0.738862
7710001,1,1.77291
7720001,0,0.0316179
7730001,0,0.968491
7740001,2,1.34233
7750001,1,1.2645
7760001,7,0.955368
7770001,2,0.579289
7780001,1,0.462366
7790001,0,0.0921519
7800001,7,1.26522
7810001,3,1.50057
7820001,0,0.598896
7830001,1,0.289187
7840001,0,0.362024
7850001,2,1.05688
7860001,1,0.141266
7870001,0,0.0864448
7880001,1,0.267719
7890001,1,0.407473
7900001,1,1.40863
7910001,1,0.287412
7920001,4,1.39633
7930001,1,0.828118
7940001,0,1.03808
7950001,2,0.88321
7960001,2,0.617237
7970001,4,1.44431
7980001,0,0.0578253
7990001,1,0.592766
8000001,1,1.45265
8010001,0,0.29651
8020001,0,0.808956
8030001,1,2.86779
8040001,1,1.38983
8050001,2,0.800826
8060001,1,1.34974
8070001,1,0.500962
8080001,0,0.386158
8090001,0,0.017978
8100001,1,3.43812
8110001,0,0.0291054
8120001,1,3.6685
8130001,0,1.50022
8140001,2,1.12754
8150001,1,0.222043
8160001,1,1.08214
8170001,1,1.40349
8180001,1,0.446895
8190001,0,0.995673
8200001,0,0.624941
8210001,0,0.243903
8220001,0,1.19034
8230001,2,0.0653829
8240001,1,0.818436
8250001,0,0.134458
8260001,2,0.526467
8270001,1,2.90398
8280001,5,1.52011
8290001,2,1.22899
8300001,0,0.24981
8310001,0,0.403965
8320001,2,1.2724
8330001,0,0.388114
8340001,1,2.32001
8350001,1,0.451111
8360001,0,1.33385
8370001,1,2.80222
8380001,1,0.76162
8390001,1,0.0358634
8400001,0,1.16457
8410001,1,0.464404
8420001,0,0.231605
8430001,3,1.07579
8440001,0,0.441923
8450001,0,0.326148
8460001,0,0.149941
8470001,0,0.378048
8480001,0,0.212531
8490001,3,2.78269
8500001,0,1.76892
8510001,0,0.423674
8520001,0,3.01792
8530001,0,0.025066
8540001,1,0.574976
8550001,0,0.0386383
8560001,1,0.92108
8570001,0,1.19841
8580001,1,0.390087
8590001,1,1.04646
8600001,0,0.0210774
8610001,1,1.72446
8620001,0,0.413767
8630001,2,2.13
8640001,1,1.68336
8650001,3,1.36953
8660001,0,0.0801198
8670001,2,4.28974
8680001,6,1.78943
8690001,0,1.50463
8700001,0,0.598951
8710001,0,0.970821
8720001,1,2.64211
8730001,4,3.90645
8740001,1,0.381046
8750001,0,0.116083
8760001,1,1.03088
8770001,2,1.68035
8780001,0,0.105779
8790001,3,3.17246
8800001,1,1.13766
8810001,0,1.45448
8820001,1,0.434578
8830001,1,0.991367
8840001,3,0.46358
8850001,2,1.38106
8860001,1,0.740496
8870001,0,0.684879
8880001,0,1.74905
8890001,0,0.0443119
8900001,0,0.599907
8910001,2,1.54756
8920001,2,3.20476
8930001,1,0.541842
8940001,0,0.0267306
8950001,0,0.387287
8960001,1,1.26371
8970001,0,0.921455
8980001,1,0.403423
8990001,0,0.659798
9000001,0,1.32268
9010001,0,0.486625
9020001,1,0.583781
9030001,2,1.12804
9040001,0,0.0430949
9050001,0,0.104549
9060001,0,1.47876
9070001,1,0.942106
9080001,1,0.321518
9090001,0,2.01001
9100001,3,4.63988
9110001,0,0.837395
9120001,2,2.09971
9130001,0,0.0975834
9140001,0,0.695305
9150001,1,0.679738
9160001,0,0.115395
9170001,0,0.623645
9180001,1,1.39261
9190001,0,1.72141
9200001,0,0.249857
9210001,1,0.473716
9220001,1,0.873196
9230001,0,0.53235
9240001,1,1.61669
9250001,0,0.417912
9260001,1,0.867716
9270001,1,0.506536
9280001,2,2.88591
9290001,0,0.207656
9300001,0,0.561493
9310001,0,0.131168
9320001,1,0.546915
9330001,1,1.82117
9340001,1,0.145842
9350001,0,0.597016
9360001,1,5.24082
9370001,0,0.575082
9380001,1,0.949066
9390001,0,0.864559
9400001,0,0.508447
9410001,2,2.87916
9420001,0,0.338123
9430001,1,0.71491
9440001,1,3.06493
9450001,4,0.625428
9460001,0,0.10439
9470001,2,0.926536
9480001,0,0.488899
9490001,0,1.40249
9500001,0,0.507426
9510001,0,0.0102005
9520001,0,0.389791
9530001,0,1.15452
9540001,2,1.79681
9550001,1,2.72985
9560001,0,0.743282
9570001,0,0.0823736
9580001,1,3.35316
9590001,0,0.123965
9600001,1,0.721306
9610001,1,0.991148
9620001,3,1.5511
9630001,0,0.273385
9640001,1,0.0901415
9650001,1,0.338254
9660001,4,2.36022
9670001,1,0.835561
9680001,0,0.0805663
9690001,1,0.966869
9700001,2,0.371059
9710001,0,0.137879
9720001,2,0.720254
9730001,0,0.585925
9740001,1,0.611795
9750001,0,0.0847471
9760001,1,0.144377
9770001,0,0.700628
9780001,1,1.91992
9790001,1,0.786182
9800001,0,0.105566
9810001,3,2.49664
9820001,2,0.372272
9830001,0,0.389675
9840001,0,0.868663
9850001,1,0.87721
9860001,0,0.310116
9870001,3,0.895887
9880001,1,1.15052
9890001,1,3.82794
9900001,2,1.82614
9910001,0,0.425636
9920001,0,0.0536738
9930001,0,0.0149824
9940001,2,0.688556
9950001,0,0.203834
9960001,0,0.999317
9970001,1,0.301755
9980001,0,0.308105
9990001,0,0.345238
