generation,N_shifts,logPrior,logLik,eventRate,acceptRate
1,0,-508.169,-945287,1,0
10001,29,221.746,-31059.5,1.0376,0.418
20001,31,251.091,-27464.6,2.08196,0.385
30001,9,-144.205,-27127.7,0.255392,0.32
40001,6,113.904,-27087.3,1.03625,0.315
50001,5,91.157,-27064.1,0.381644,0.273
60001,5,87.2659,-27054.7,0.449652,0.291
70001,5,93.5854,-27052.8,0.327817,0.299
80001,6,105.524,-27045.1,0.630506,0.293
90001,6,107.038,-27040.4,1.84158,0.334
100001,5,86.8437,-27041.6,3.31543,0.338
110001,8,143.406,-27036.8,2.13388,0.371
120001,5,92.5702,-27040.5,0.0430955,0.3
130001,4,74.9044,-27049.3,0.228074,0.297
140001,6,106.129,-27040.1,1.48073,0.309
150001,4,75.4837,-27050.7,1.25661,0.253
160001,4,72.7317,-27035,0.324099,0.283
170001,5,94.8636,-27036.5,0.036832,0.26
180001,4,70.2572,-27035.2,2.93977,0.252
190001,4,75.4036,-27035.4,0.538754,0.293
200001,5,89.8281,-27035.6,0.198086,0.257
210001,4,75.3382,-27036.8,0.352488,0.313
220001,5,93.7463,-27034.3,1.09928,0.297
230001,4,70.9877,-27032.5,1.80686,0.284
240001,5,90.7305,-27021,2.76343,0.312
250001,4,72.6139,-27020.9,0.451333,0.319
260001,3,54.9358,-27024.1,0.610981,0.289
270001,3,55.5464,-27035.4,0.013488,0.316
280001,5,91.0304,-27012.4,2.06565,0.347
290001,5,92.3652,-26950,0.826456,0.324
300001,5,92.0902,-26948.1,0.0181241,0.275
310001,5,91.8327,-26924.1,1.65231,0.272
320001,7,127.732,-26912.5,0.879907,0.309
330001,5,89.598,-26908.1,0.181496,0.265
340001,6,110.501,-26905.8,0.120217,0.262
350001,5,89.4412,-26905.1,0.710532,0.258
360001,6,106.915,-26903.9,0.972682,0.311
370001,5,89.3418,-26900,0.448519,0.238
380001,5,87.1365,-26894.5,1.49838,0.24
390001,7,124.47,-26894.7,0.352489,0.372
400001,6,107.436,-26890.6,0.830608,0.277
410001,5,90.9125,-26888.8,0.13768,0.243
420001,6,111.646,-26892.2,0.108309,0.309
430001,4,71.3602,-26899.1,0.416271,0.279
440001,5,89.0154,-26898.1,0.229723,0.266
450001,4,69.6153,-26896.9,1.55086,0.317
460001,4,74.9866,-26897.9,0.0175367,0.246
470001,5,91.1327,-26899.5,1.55183,0.316
480001,5,92.2801,-26895.8,0.858488,0.287
490001,5,86.4984,-26900.4,2.1018,0.336
500001,4,69.5244,-26894.5,0.296574,0.23
510001,4,69.605,-26895.4,1.29932,0.261
520001,4,70.5067,-26898.2,3.55548,0.257
530001,5,89.5794,-26896.3,1.20038,0.314
540001,5,90.6002,-26906.5,2.48842,0.317
550001,4,70.9201,-26897.2,1.20817,0.271
560001,4,74.4993,-26900.1,0.318352,0.297
570001,6,112.257,-26900.1,0.000920419,0.268
580001,4,71.3846,-26895.2,0.878797,0.261
590001,4,73.4159,-26896,0.268501,0.242
600001,4,71.5387,-26900.4,0.0823994,0.268
610001,6,108.235,-26894.6,1.65385,0.323
620001,5,92.1858,-26898.4,0.624776,0.29
630001,5,90.4472,-26896.1,0.119904,0.316
640001,4,73.7092,-26894.8,0.440132,0.226
650001,5,89.4181,-26890.5,0.193593,0.3
660001,5,89.8897,-26891.4,0.0721388,0.303
670001,4,71.6481,-26893,0.484925,0.297
680001,5,88.0845,-26888.1,0.865917,0.296
690001,4,71.0258,-26891.2,1.24531,0.24
700001,4,71.5267,-26893.2,0.808268,0.237
710001,5,91.1679,-26897.2,0.282423,0.307
720001,4,69.3448,-26891.1,1.62757,0.262
730001,4,70.1675,-26905.9,0.446438,0.308
740001,5,88.97,-26889.5,1.12704,0.287
750001,4,73.7995,-26892.4,0.723679,0.263
760001,4,68.0229,-26897,3.28896,0.267
770001,4,73.5925,-26892,0.203498,0.272
780001,5,88.9855,-26896.4,0.439686,0.277
790001,4,68.2162,-26893.3,0.199622,0.267
800001,4,72.6797,-26898.4,0.0799291,0.272
810001,5,84.2125,-26893.2,4.56757,0.305
820001,4,71.2517,-26890.5,1.65745,0.278
830001,6,109.061,-26890.2,0.416357,0.289
840001,4,72.2268,-26891.1,2.63733,0.25
850001,4,73.4459,-26897.6,0.20838,0.255
860001,5,84.2732,-26887.2,1.00126,0.313
870001,5,88.2532,-26889.9,2.98926,0.296
880001,5,89.6307,-26893.2,0.583638,0.273
890001,4,68.3665,-26893.5,0.601869,0.252
900001,4,74.3868,-26895.4,0.253481,0.239
910001,5,84.3602,-26886,0.747045,0.281
920001,5,88.7994,-26890.7,0.0666564,0.29
930001,7,121.369,-26883.3,1.42249,0.376
940001,4,72.6375,-26893.7,0.399109,0.256
950001,5,90.0553,-26894.5,1.06595,0.324
960001,4,71.1106,-26894.1,0.744802,0.24
970001,4,70.645,-26894,0.672662,0.295
980001,5,91.0327,-26892.9,1.16951,0.279
990001,5,84.104,-26891.3,2.6066,0.257
1000001,4,74.8414,-26893.2,0.400066,0.235
1010001,4,72.9277,-26893.3,0.0629647,0.26
1020001,4,73.4515,-26899.2,0.638241,0.331
1030001,4,71.6857,-26903.3,2.34731,0.266
1040001,4,75.3325,-26904.6,0.761793,0.269
1050001,4,70.4454,-26891.3,0.606306,0.252
1060001,4,67.3997,-26894.8,3.52669,0.257
1070001,5,89.5008,-26894.8,1.72783,0.284
1080001,4,68.0906,-26893.1,1.12618,0.291
1090001,5,85.4146,-26892.4,2.02437,0.298
1100001,4,69.0094,-26891.7,1.23214,0.279
1110001,6,105.859,-26887.5,0.248667,0.269
1120001,4,70.3902,-26892.6,1.88555,0.254
1130001,4,72.7022,-26894.5,0.817432,0.243
1140001,4,70.5194,-26894.5,0.631239,0.285
1150001,4,69.9948,-26891.8,0.219805,0.236
1160001,5,87.3769,-26889.8,0.834373,0.302
1170001,4,71.5943,-26904.3,1.13492,0.287
1180001,4,72.9772,-26895.2,0.685073,0.264
1190001,4,70.1756,-26892.7,0.389928,0.266
1200001,6,104.279,-26896.9,0.189065,0.262
1210001,6,109.124,-26896,0.579727,0.29
1220001,4,72.4793,-26896.9,0.436976,0.261
1230001,5,89.4017,-26896.7,3.74979,0.314
1240001,5,90.6906,-26894.9,1.36073,0.313
1250001,4,70.989,-26893.8,0.651925,0.258
1260001,4,69.657,-26890.2,1.3496,0.257
1270001,6,110.321,-26896,0.408852,0.305
1280001,6,111.059,-26896.1,0.422731,0.363
1290001,5,90.1453,-26900.5,1.87789,0.245
1300001,4,71.0485,-26890.2,0.827353,0.203
1310001,4,70.7937,-26892,0.0200432,0.246
1320001,4,72.2752,-26895.8,0.485591,0.263
1330001,5,85.5484,-26902.2,0.166199,0.301
1340001,4,67.6371,-26897.1,2.3693,0.25
1350001,5,90.8379,-26894,0.825573,0.32
1360001,4,73.2611,-26892.2,0.542717,0.253
1370001,6,110.399,-26894.7,0.526147,0.316
1380001,5,92.0262,-26892.1,0.355923,0.295
1390001,4,71.3562,-26894.6,0.456181,0.255
1400001,6,110.691,-26892.1,0.251231,0.286
1410001,4,69.7899,-26897.3,3.21274,0.272
1420001,4,75.056,-26899.2,0.0722085,0.298
1430001,5,86.849,-26891.3,0.0708591,0.301
1440001,5,91.7019,-26893.1,1.6808,0.322
1450001,4,74.2368,-26897.6,0.990993,0.251
1460001,4,74.4693,-26896.7,0.653219,0.249
1470001,5,89.0069,-26901.7,1.81107,0.291
1480001,6,111.603,-26892.4,0.65973,0.271
1490001,5,90.707,-26895.4,0.364286,0.297
1500001,4,72.2277,-26895.4,0.636151,0.257
1510001,4,69.7036,-26891.5,1.10384,0.268
1520001,5,87.4764,-26897,0.829995,0.271
1530001,4,71.8625,-26897.6,0.237101,0.306
1540001,4,73.8808,-26895.8,0.135305,0.261
1550001,4,72.3667,-26895.7,0.276118,0.259
1560001,4,74.4973,-26892.3,0.478347,0.291
1570001,4,72.9129,-26899.5,0.379386,0.264
1580001,5,89.4823,-26891.4,0.645641,0.316
1590001,5,91.7269,-26899.4,1.19224,0.278
1600001,4,72.8994,-26895.5,1.8057,0.299
1610001,4,73.9087,-26894.1,0.880257,0.275
1620001,4,73.59,-26893.1,1.00536,0.302
1630001,4,72.3884,-26896.6,0.392196,0.266
1640001,4,71.4158,-26896.8,0.107588,0.28
1650001,4,72.5488,-26896.1,1.77125,0.283
1660001,4,72.7384,-26893.8,0.167808,0.243
1670001,5,91.5505,-26895.1,1.68804,0.359
1680001,5,89.7426,-26897.9,0.377067,0.286
1690001,5,89.855,-26896.3,0.672324,0.265
1700001,4,72.7678,-26898.3,0.424589,0.233
1710001,5,88.6957,-26891.6,0.0587934,0.345
1720001,4,71.5235,-26901.1,2.51224,0.276
1730001,6,104.08,-26887,0.553124,0.328
1740001,5,90.6437,-26892.9,0.566817,0.265
1750001,5,91.5934,-26896.9,1.70926,0.33
1760001,4,69.5379,-26893.5,4.54085,0.27
1770001,4,74.386,-26894.2,0.26502,0.28
1780001,4,71.4082,-26894.6,0.0306897,0.237
1790001,4,74.277,-26892.6,0.00574905,0.287
1800001,4,73.2354,-26900.2,0.999898,0.294
1810001,4,72.4302,-26892.9,1.38588,0.259
1820001,4,72.8739,-26893.8,0.0942094,0.29
1830001,4,73.0434,-26893.3,0.243687,0.251
1840001,5,87.4283,-26897.3,3.00336,0.319
1850001,4,73.2443,-26897.5,0.683227,0.299
1860001,4,70.287,-26891.7,0.770152,0.28
1870001,5,88.811,-26895.8,1.7247,0.297
1880001,4,69.1638,-26892.7,0.534898,0.261
1890001,4,69.4253,-26894.9,2.17707,0.255
1900001,4,66.8268,-26892.9,0.797114,0.283
1910001,4,71.3824,-26894.1,0.162189,0.222
1920001,5,85.8826,-26890.1,0.845291,0.314
1930001,4,71.6326,-26899.5,0.572748,0.262
1940001,4,74.4008,-26895.2,0.660235,0.296
1950001,5,88.4333,-26889.1,0.771989,0.243
1960001,5,90.4088,-26895.7,0.430762,0.282
1970001,4,73.8994,-26896.9,1.10666,0.278
1980001,5,89.2829,-26898.4,0.965987,0.287
1990001,4,69.2977,-26901.3,3.04958,0.249
2000001,6,109.951,-26894.2,0.134465,0.274
2010001,4,68.0843,-26895,3.87292,0.243
2020001,4,74.1441,-26898,0.0141407,0.308
2030001,6,105.465,-26889.2,1.02936,0.267
2040001,5,87.9219,-26895.4,0.122256,0.318
2050001,4,72.8055,-26896.5,0.00186317,0.264
2060001,4,68.2913,-26891.8,0.807017,0.239
2070001,4,70.538,-26896.3,0.825602,0.271
2080001,5,89.9043,-26896.6,0.517211,0.308
2090001,6,108.796,-26897.7,0.819529,0.325
2100001,5,93.1298,-26901.1,0.859813,0.274
2110001,4,69.9238,-26894.7,0.588232,0.302
2120001,4,73.3636,-26893.2,0.4129,0.296
2130001,4,73.3738,-26898.1,0.407202,0.263
2140001,4,71.4937,-26900,0.872455,0.274
2150001,4,73.9515,-26893.6,0.190647,0.249
2160001,4,73.6899,-26902.6,1.00566,0.292
2170001,4,73.1186,-26893.8,0.19242,0.27
2180001,5,90.0028,-26892.6,0.67245,0.302
2190001,5,87.0202,-26894.1,1.5299,0.291
2200001,4,69.5424,-26894.9,1.53793,0.27
2210001,4,72.3276,-26894.6,0.375244,0.224
2220001,4,68.7334,-26893.3,2.64835,0.242
2230001,4,66.985,-26897.7,2.11057,0.283
2240001,4,72.4546,-26900.1,0.687879,0.271
2250001,4,76.0198,-26896.5,0.0318362,0.258
2260001,4,74.1592,-26899,0.630491,0.316
2270001,4,73.1144,-26894.2,0.491066,0.261
2280001,5,84.6481,-26899.6,3.74353,0.306
2290001,6,108.456,-26890.5,1.11249,0.315
2300001,4,67.3174,-26904.4,0.0120574,0.273
2310001,4,69.5943,-26902.8,2.68786,0.293
2320001,5,90.7153,-26892.2,0.264177,0.306
2330001,4,68.2858,-26892.9,0.847219,0.228
2340001,5,87.7514,-26896.3,2.58345,0.272
2350001,4,73.4796,-26899.7,1.0063,0.251
2360001,4,74.2019,-26897.6,0.344587,0.243
2370001,4,69.3934,-26894.9,2.99771,0.269
2380001,5,85.3425,-26892.3,1.15933,0.256
2390001,4,71.4682,-26896.1,0.746127,0.247
2400001,4,72.4453,-26897.7,0.136523,0.268
2410001,4,67.4571,-26897.6,4.15585,0.272
2420001,5,89.3932,-26897.2,1.3621,0.255
2430001,7,124.01,-26898.5,2.05799,0.279
2440001,4,71.4861,-26896.5,1.38777,0.235
2450001,4,70.9993,-26896.8,1.79765,0.255
2460001,4,72.0161,-26897.4,1.19267,0.299
2470001,4,69.9241,-26895.2,2.10217,0.278
2480001,6,99.5093,-26889.8,2.75329,0.277
2490001,4,70.972,-26900.8,0.793324,0.288
2500001,4,71.3322,-26896.7,1.12264,0.28
2510001,5,91.9723,-26896.4,1.06599,0.308
2520001,4,74.1013,-26895.8,0.00349477,0.274
2530001,4,71.2062,-26895.8,1.3757,0.277
2540001,4,70.9074,-26892.8,0.561625,0.255
2550001,4,73.6778,-26898.3,0.0931874,0.281
2560001,4,74.9016,-26897.6,0.537768,0.28
2570001,5,90.5852,-26894.5,1.68006,0.285
2580001,5,90.3372,-26885.4,0.788182,0.286
2590001,5,92.907,-26888.4,0.687819,0.298
2600001,6,107.999,-26890.1,0.358652,0.315
2610001,4,69.714,-26894.7,0.22363,0.238
2620001,6,107.031,-26894.5,0.0123039,0.312
2630001,4,73.898,-26900.3,0.0733587,0.239
2640001,6,110.771,-26898.1,0.166449,0.276
2650001,4,71.5468,-26897,0.605058,0.235
2660001,5,89.0983,-26897.3,0.443785,0.265
2670001,4,72.9612,-26897.5,0.0168351,0.244
2680001,4,67.0426,-26897.9,0.61337,0.288
2690001,5,89.1866,-26893.1,0.0773856,0.34
2700001,4,71.5338,-26895.7,0.41306,0.273
2710001,4,72.2894,-26898.3,0.643156,0.251
2720001,4,71.9662,-26895.2,0.387064,0.27
2730001,4,67.186,-26894.6,0.55125,0.288
2740001,4,73.0493,-26895.4,0.232284,0.263
2750001,4,71.6559,-26896,0.383834,0.246
2760001,5,87.5374,-26892.1,0.765683,0.29
2770001,5,87.8416,-26893.3,1.62275,0.3
2780001,4,74.4804,-26900.6,0.0290801,0.304
2790001,4,70.5049,-26892.5,2.90086,0.246
2800001,5,88.2475,-26901.2,1.42191,0.27
2810001,5,90.7195,-26892.9,2.59987,0.325
2820001,4,66.16,-26893.5,4.54296,0.289
2830001,4,73.985,-26896.3,0.737814,0.259
2840001,4,74.6227,-26893.7,0.123075,0.276
2850001,5,85.7393,-26888,0.452727,0.276
2860001,4,67.2792,-26891.1,4.03307,0.231
2870001,4,69.8029,-26891.7,0.0018258,0.329
2880001,5,88.2551,-26900.3,1.29318,0.263
2890001,6,112.183,-26890.7,0.174521,0.313
2900001,4,74.3769,-26896.2,0.107703,0.235
2910001,6,104.677,-26888.2,0.464131,0.279
2920001,5,90.9663,-26896.9,0.365345,0.3
2930001,4,70.1907,-26895.4,2.12133,0.327
2940001,4,72.4942,-26897.8,1.04568,0.284
2950001,4,66.2529,-26896.8,2.03278,0.24
2960001,6,105.598,-26905,1.43802,0.273
2970001,6,107.98,-26901.8,0.598056,0.318
2980001,4,70.7166,-26905.8,0.381765,0.288
2990001,5,91.1317,-26900.5,0.055238,0.265
3000001,4,69.0425,-26894.3,0.805029,0.256
3010001,4,72.5128,-26901.9,0.256822,0.299
3020001,5,88.8119,-26892.2,3.30613,0.287
3030001,4,73.7861,-26899.9,0.322492,0.285
3040001,5,92.0144,-26896,0.297687,0.271
3050001,5,89.1525,-26894.3,2.42169,0.258
3060001,4,63.9696,-26901.2,0.146167,0.254
3070001,7,122.953,-26889.5,7.05139,0.323
3080001,5,90.6634,-26901.8,0.563099,0.283
3090001,4,67.2587,-26896.5,4.21292,0.258
3100001,5,87.5503,-26893.9,0.0544979,0.293
3110001,4,73.7221,-26905.8,1.13553,0.27
3120001,5,88.2988,-26893.4,0.132736,0.315
3130001,4,68.0452,-26894.8,0.780219,0.272
3140001,6,110.26,-26898,0.1753,0.29
3150001,5,87.6847,-26893.2,3.07548,0.277
3160001,4,74.4968,-26905,0.835695,0.26
3170001,4,72.8093,-26895.1,0.516999,0.276
3180001,4,71.0119,-26897,1.52891,0.308
3190001,4,70.0822,-26895.5,2.08968,0.242
3200001,5,89.5762,-26900.3,0.691168,0.3
3210001,5,85.4831,-26894.5,0.274092,0.314
3220001,6,106.052,-26887.1,0.631544,0.303
3230001,4,68.9973,-26899.6,1.49213,0.29
3240001,4,72.2506,-26897.9,0.496774,0.246
3250001,4,71.1381,-26894,0.376113,0.247
3260001,4,70.0004,-26897.8,0.231912,0.272
3270001,5,86.504,-26890.8,0.58829,0.298
3280001,5,85.9856,-26898.1,0.371691,0.258
3290001,4,69.2269,-26898.5,1.32103,0.229
3300001,4,71.6227,-26898.9,0.194119,0.263
3310001,4,67.7373,-26899.2,0.531201,0.26
3320001,5,88.5433,-26895,0.930995,0.252
3330001,4,67.677,-26897,2.0428,0.293
3340001,4,73.1178,-26896.8,0.10609,0.26
3350001,5,90.2577,-26895.9,0.970882,0.298
3360001,5,88.8856,-26896.2,1.01698,0.311
3370001,5,81.91,-26892.9,1.8661,0.327
3380001,5,91.3679,-26893.8,0.507696,0.302
3390001,4,68.5929,-26891.6,0.407204,0.261
3400001,4,73.6692,-26894.3,0.158993,0.244
3410001,5,93.0342,-26893.8,0.110936,0.299
3420001,5,92.4234,-26897.3,0.597129,0.32
3430001,4,74.3891,-26900.4,0.197233,0.288
3440001,4,69.8544,-26896.7,1.23686,0.256
3450001,4,72.8794,-26899.7,1.72338,0.289
3460001,5,89.9122,-26903.2,1.4875,0.343
3470001,4,74.0569,-26902.7,0.18444,0.26
3480001,5,94.9404,-26901.7,0.0392344,0.28
3490001,5,88.1827,-26898.1,1.57816,0.263
3500001,5,90.0247,-26900.9,1.21574,0.271
3510001,5,88.8471,-26892.9,0.270047,0.337
3520001,4,69.8923,-26893.1,1.18049,0.314
3530001,4,73.3083,-26897.2,0.186285,0.282
3540001,4,71.8105,-26900.5,0.660074,0.237
3550001,4,72.7921,-26897.2,1.04931,0.276
3560001,4,72.745,-26897.2,0.0483857,0.242
3570001,4,70.164,-26897.8,1.71053,0.259
3580001,5,86.8396,-26895.5,1.43737,0.31
3590001,4,71.8621,-26896.8,1.12053,0.253
3600001,4,68.0636,-26891.8,0.485288,0.342
3610001,5,90.5372,-26894.5,0.858232,0.266
3620001,4,70.5772,-26894.8,1.89709,0.24
3630001,4,71.1148,-26895.7,0.205513,0.247
3640001,4,72.532,-26896.8,0.201478,0.238
3650001,4,71.4926,-26895.2,0.868092,0.275
3660001,8,138.283,-26887,2.36852,0.364
3670001,4,69.698,-26897.2,1.47956,0.254
3680001,5,92.1933,-26905.1,0.0403438,0.282
3690001,5,86.8046,-26893.7,1.72244,0.272
3700001,4,70.9579,-26900.4,0.292889,0.278
3710001,6,110.59,-26895.6,0.693837,0.298
3720001,4,70.9707,-26892.9,0.113598,0.243
3730001,5,89.3692,-26888.1,0.710876,0.284
3740001,4,68.654,-26895.1,0.258898,0.265
3750001,6,111.702,-26891,0.106357,0.287
3760001,5,88.8278,-26889.2,0.391213,0.3
3770001,5,91.8896,-26896.1,0.0795347,0.265
3780001,4,67.3539,-26895.7,1.09487,0.287
3790001,4,71.2475,-26896.1,2.79317,0.279
3800001,4,71.4883,-26897.7,1.79926,0.262
3810001,6,107.356,-26894.9,0.335985,0.342
3820001,4,72.5434,-26896.6,1.09555,0.277
3830001,4,71.6486,-26895.3,0.476979,0.306
3840001,5,88.0531,-26896.6,0.944314,0.282
3850001,6,105.754,-26894.1,2.18644,0.275
3860001,4,72.3305,-26893,0.401426,0.3
3870001,4,73.1768,-26895,0.642838,0.289
3880001,4,71.0536,-26894.1,0.0071074,0.248
3890001,4,69.9606,-26894.7,0.807947,0.249
3900001,4,72.7152,-26891.5,0.103457,0.315
3910001,4,67.6612,-26894.9,0.231399,0.244
3920001,4,68.3898,-26895.4,5.86607,0.251
3930001,5,89.6466,-26892.6,0.792603,0.255
3940001,5,90.6152,-26897.6,0.331765,0.294
3950001,6,103.107,-26879.4,0.98684,0.327
3960001,5,88.7678,-26888.8,0.0582323,0.299
3970001,6,109.547,-26888.2,0.81129,0.292
3980001,5,87.1028,-26892.9,1.28301,0.288
3990001,6,104.504,-26895,0.809503,0.281
4000001,4,71.0339,-26894,0.822167,0.304
4010001,4,70.838,-26902.2,0.442328,0.28
4020001,4,68.5155,-26892.8,0.502656,0.236
4030001,4,71.6177,-26897.9,1.38635,0.264
4040001,4,74.3079,-26910.5,0.467616,0.271
4050001,4,74.2007,-26901.7,0.14397,0.256
4060001,5,89.8703,-26898.7,0.0309626,0.31
4070001,4,72.179,-26893.9,0.0361326,0.253
4080001,4,73.0833,-26895.4,0.306354,0.314
4090001,4,71.4531,-26893.6,0.130314,0.251
4100001,5,93.618,-26893.1,0.79961,0.264
4110001,4,71.3287,-26889.3,1.06617,0.253
4120001,4,73.9925,-26897.3,0.000999428,0.275
4130001,6,106.486,-26892.5,1.67125,0.296
4140001,5,91.2562,-26892.3,1.2179,0.245
4150001,4,71.4568,-26893.3,1.18609,0.306
4160001,6,110.183,-26889.7,0.65678,0.318
4170001,5,88.7366,-26900.7,1.64802,0.28
4180001,6,109.895,-26891.3,2.06339,0.341
4190001,4,72.0913,-26894.1,0.571979,0.266
4200001,6,111.992,-26899.4,0.196496,0.317
4210001,5,86.1182,-26894.5,0.905315,0.297
4220001,4,70.1065,-26893.8,1.67286,0.251
4230001,4,68.3352,-26895.7,1.27371,0.317
4240001,5,88.2716,-26895.3,0.358975,0.299
4250001,4,72.7279,-26897.1,0.178706,0.295
4260001,5,87.4005,-26889.4,0.858937,0.249
4270001,4,71.4959,-26891.5,0.296169,0.256
4280001,4,68.3619,-26895.8,2.65026,0.286
4290001,4,70.5157,-26892.1,2.40038,0.229
4300001,5,85.2159,-26890.3,1.29989,0.28
4310001,4,72.8209,-26899,0.402873,0.294
4320001,5,89.9966,-26887.8,0.0489452,0.332
4330001,4,69.4957,-26891,0.736671,0.289
4340001,4,72.3583,-26895.4,0.185613,0.214
4350001,4,66.7621,-26896,3.4261,0.246
4360001,4,70.3591,-26892.8,2.37454,0.275
4370001,4,72.1369,-26896.2,0.892439,0.301
4380001,5,86.8094,-26892.7,1.11993,0.298
4390001,5,86.139,-26885.7,1.94099,0.266
4400001,4,74.2552,-26898,0.0827672,0.254
4410001,4,68.6135,-26896.3,1.9251,0.285
4420001,4,73.3554,-26898.8,0.190046,0.297
4430001,4,71.487,-26904.8,2.22198,0.271
4440001,4,71.6887,-26896.8,2.34736,0.279
4450001,4,69.732,-26894,1.0682,0.261
4460001,4,68.3713,-26896.3,0.481796,0.285
4470001,4,73.8444,-26891.7,0.176307,0.26
4480001,5,90.7343,-26894.9,1.22118,0.342
4490001,4,72.0729,-26894,0.963158,0.285
4500001,4,69.4543,-26892.3,0.471941,0.253
4510001,4,70.6763,-26892.8,1.4227,0.257
4520001,4,72.0535,-26890.3,1.55469,0.268
4530001,4,71.0583,-26891.8,2.04039,0.268
4540001,5,91.3408,-26890.2,0.284654,0.245
4550001,6,106.357,-26892,1.33402,0.276
4560001,4,68.2282,-26892.2,3.29201,0.256
4570001,4,70.5256,-26888.4,0.0616365,0.296
4580001,4,72.426,-26892.7,0.254738,0.292
4590001,4,71.8714,-26890.9,1.64253,0.272
4600001,4,70.7841,-26896.8,2.2153,0.276
4610001,6,106.668,-26882.5,1.08698,0.332
4620001,6,101.459,-26887.1,2.95568,0.304
4630001,5,87.7944,-26884.6,0.626555,0.26
4640001,6,108.729,-26887.7,0.422845,0.305
4650001,5,85.7469,-26883.8,0.781131,0.292
4660001,6,103.059,-26884.2,1.00828,0.303
4670001,5,85.4788,-26887,2.6444,0.266
4680001,5,85.786,-26901.1,0.715759,0.293
4690001,5,89.5755,-26894.9,0.515,0.295
4700001,4,70.8098,-26893.9,0.788733,0.278
4710001,5,91.8179,-26892.8,0.0697233,0.244
4720001,4,65.7086,-26891,0.392043,0.272
4730001,4,69.4327,-26896.2,0.331038,0.231
4740001,4,70.1784,-26897.1,0.906617,0.268
4750001,4,69.6764,-26895.1,1.19061,0.272
4760001,4,71.7887,-26898.5,0.355697,0.27
4770001,4,71.4337,-26892.1,0.954215,0.301
4780001,5,89.4647,-26895.9,1.39749,0.296
4790001,4,73.426,-26897.6,0.0465433,0.25
4800001,4,70.6714,-26894.8,0.52117,0.258
4810001,4,64.8521,-26887.5,1.87475,0.258
4820001,6,103.594,-26898.1,0.671735,0.371
4830001,4,69.3224,-26897.9,0.113312,0.277
4840001,4,68.3941,-26899.6,0.500424,0.289
4850001,4,69.7824,-26898,1.71244,0.232
4860001,6,104.767,-26888.7,2.62089,0.264
4870001,4,69.78,-26889.2,1.56771,0.301
4880001,4,72.8212,-26893.7,1.11718,0.28
4890001,4,72.3994,-26890.9,1.25105,0.276
4900001,5,90.0619,-26893.4,0.377178,0.347
4910001,4,67.8531,-26898.9,2.14329,0.26
4920001,4,70.3808,-26894.3,1.65182,0.267
4930001,4,71.9126,-26893.1,0.830745,0.258
4940001,5,89.546,-26895.7,0.541394,0.287
4950001,5,89.5263,-26895.6,0.66193,0.299
4960001,7,125.24,-26890.7,0.34868,0.341
4970001,4,69.7124,-26894.6,1.44177,0.273
4980001,5,88.8094,-26894.5,1.44436,0.319
4990001,4,74.6308,-26894.5,0.398005,0.277
5000001,4,75.168,-26900.5,0.202806,0.278
5010001,4,73.5846,-26891.6,0.591949,0.259
5020001,4,73.1541,-26891.9,0.407815,0.286
5030001,4,69.5539,-26893.5,1.83721,0.282
5040001,4,72.8837,-26891.5,1.2398,0.286
5050001,4,69.418,-26890.7,2.48465,0.271
5060001,4,70.8644,-26895.4,0.664014,0.25
5070001,6,107.786,-26891.9,0.0246037,0.323
5080001,4,72.0972,-26892.9,0.861984,0.292
5090001,4,71.4694,-26894.2,0.112528,0.291
5100001,4,71.0453,-26894.4,1.27728,0.238
5110001,5,82.6623,-26891.9,3.20065,0.285
5120001,5,90.0593,-26889.4,0.744775,0.258
5130001,5,91.0005,-26890.6,0.151448,0.303
5140001,4,71.4774,-26890.7,1.22071,0.288
5150001,5,89.4975,-26890.9,0.168016,0.3
5160001,4,72.7161,-26890.9,0.507977,0.295
5170001,4,71.3051,-26893.8,0.0528384,0.324
5180001,4,70.2948,-26894.1,0.0675788,0.243
5190001,4,70.6211,-26889.7,3.19448,0.265
5200001,6,107.29,-26890.2,0.230548,0.303
5210001,5,89.6595,-26891.7,0.429595,0.306
5220001,4,69.6505,-26891.9,0.344163,0.295
5230001,4,73.0815,-26898,1.14037,0.282
5240001,4,71.7953,-26894.7,0.962874,0.287
5250001,5,88.3648,-26894.9,1.14379,0.271
5260001,5,85.9539,-26893,1.73396,0.242
5270001,7,126.175,-26893.2,0.531563,0.384
5280001,5,88.0955,-26897.5,1.88653,0.319
5290001,5,88.257,-26892.1,0.465828,0.266
5300001,5,83.8543,-26894.1,0.933694,0.297
5310001,4,70.9738,-26889.7,0.576758,0.239
5320001,7,118.175,-26892.8,0.800147,0.386
5330001,6,106.415,-26895.8,0.432179,0.256
5340001,4,68.4552,-26894.6,1.67933,0.273
5350001,5,88.1433,-26902.8,1.31281,0.36
5360001,4,71.146,-26896.6,0.936532,0.294
5370001,6,109.538,-26894.7,0.102972,0.344
5380001,4,69.6199,-26900.1,2.58823,0.275
5390001,4,71.1575,-26903.9,2.32287,0.293
5400001,5,91.2416,-26893.9,0.650267,0.321
5410001,4,69.656,-26897.1,1.42185,0.272
5420001,5,88.9398,-26892.3,0.284137,0.277
5430001,7,124.088,-26897.5,2.20565,0.36
5440001,4,71.7904,-26895.1,0.0218293,0.29
5450001,4,68.6671,-26892.6,1.31126,0.244
5460001,5,92.5822,-26893.1,0.752698,0.281
5470001,5,89.2758,-26893.2,1.66237,0.305
5480001,6,108.188,-26892.3,0.944191,0.347
5490001,7,121.944,-26893.8,2.25523,0.284
5500001,5,90.4033,-26896.9,0.983738,0.269
5510001,4,67.6183,-26898.7,2.357,0.223
5520001,6,102.355,-26893.7,2.29493,0.356
5530001,4,69.985,-26897.8,1.71829,0.261
5540001,4,69.4953,-26892.7,1.69467,0.275
5550001,5,90.2148,-26895.9,0.841895,0.336
5560001,4,72.617,-26897.6,0.466282,0.279
5570001,4,69.5955,-26895.2,0.308759,0.27
5580001,4,72.7823,-26901.4,2.19998,0.251
5590001,5,89.5335,-26895.4,0.284404,0.3
5600001,5,89.1916,-26902.4,1.55832,0.285
5610001,4,73.6284,-26900.7,0.630636,0.29
5620001,4,70.38,-26899.3,1.65467,0.314
5630001,5,87.7017,-26893.6,1.42088,0.321
5640001,5,91.8265,-26895.8,1.53903,0.344
5650001,4,70.3032,-26904.1,0.181902,0.267
5660001,5,90.6631,-26891.4,1.22741,0.249
5670001,4,71.8606,-26900.2,0.656123,0.299
5680001,5,89.0379,-26891.5,0.0508425,0.304
5690001,5,87.5653,-26892.4,3.10977,0.284
5700001,5,88.5504,-26893.1,1.27653,0.311
5710001,4,71.241,-26893.4,0.557161,0.256
5720001,5,85.8206,-26890.6,0.486503,0.292
5730001,5,88.6554,-26897.8,0.17847,0.294
5740001,4,57.9651,-26897.3,2.43823,0.247
5750001,5,85.0853,-26896.7,0.404024,0.307
5760001,4,71.6698,-26895.6,0.904504,0.27
5770001,4,70.9965,-26893.5,0.255052,0.271
5780001,5,83.7053,-26894.2,2.24921,0.302
5790001,5,87.8325,-26886.4,3.78007,0.279
5800001,4,74.0761,-26896.3,0.183921,0.309
5810001,4,73.9287,-26903.1,0.215055,0.312
5820001,7,121.038,-26894,5.19397,0.271
5830001,6,110.189,-26894.5,0.314896,0.313
5840001,4,71.8185,-26892.6,0.281616,0.256
5850001,5,87.2416,-26899.8,1.66728,0.247
5860001,5,91.4107,-26895.5,0.767995,0.312
5870001,6,107.437,-26893.2,1.06267,0.316
5880001,5,88.3401,-26894.1,1.04122,0.242
5890001,4,70.9434,-26894,0.220683,0.246
5900001,6,106.36,-26895,0.830432,0.29
5910001,5,86.7206,-26889.5,0.321655,0.286
5920001,5,90.0087,-26893.4,2.12921,0.265
5930001,6,107.269,-26884.1,1.01434,0.306
5940001,4,71.7581,-26898.4,1.28159,0.269
5950001,4,73.1831,-26893,0.452272,0.302
5960001,4,73.2721,-26895.6,0.0487175,0.267
5970001,4,74.3268,-26899,0.131307,0.245
5980001,6,109.074,-26895,0.139684,0.288
5990001,4,72.6922,-26897.5,1.49517,0.279
6000001,6,110.65,-26891.9,0.163011,0.355
6010001,7,124.047,-26894.2,3.19818,0.36
6020001,4,71.9174,-26892.7,0.473635,0.287
6030001,7,126.091,-26898.4,1.63246,0.374
6040001,4,70.8449,-26893.8,0.867383,0.285
6050001,5,88.8765,-26891.4,0.278593,0.328
6060001,4,72.457,-26898,1.87481,0.297
6070001,4,70.0806,-26894.1,0.997476,0.266
6080001,4,67.5157,-26895.2,1.35141,0.286
6090001,4,64.7511,-26892.8,1.49913,0.265
6100001,5,88.003,-26899.8,0.448476,0.262
6110001,4,65.9932,-26893,2.00559,0.219
6120001,4,67.4702,-26893.6,4.21115,0.283
6130001,5,89.8762,-26897.7,0.68624,0.295
6140001,4,69.0339,-26896.1,2.07897,0.259
6150001,6,110.48,-26894.5,0.613765,0.317
6160001,4,70.2538,-26893.1,0.566915,0.294
6170001,5,88.5638,-26890.5,0.696271,0.342
6180001,4,72.0945,-26897,0.0448167,0.249
6190001,4,74.2016,-26898.5,0.0109091,0.312
6200001,5,86.477,-26897.9,2.29836,0.336
6210001,4,70.1121,-26895.1,0.503248,0.332
6220001,4,71.2754,-26895.1,1.3035,0.243
6230001,4,70.9657,-26898.4,0.0572791,0.27
6240001,4,70.0331,-26892.5,1.13318,0.294
6250001,5,87.2868,-26894.8,2.4291,0.318
6260001,5,86.9131,-26891.5,0.640736,0.358
6270001,4,69.425,-26895.3,0.551386,0.286
6280001,4,69.1202,-26892.2,0.53609,0.267
6290001,5,84.5149,-26894.5,3.42587,0.307
6300001,4,72.3495,-26894.2,1.08061,0.278
6310001,4,70.58,-26893.4,0.540426,0.276
6320001,4,65.114,-26892.9,4.15058,0.234
6330001,4,72.4103,-26897.4,0.0405116,0.271
6340001,4,71.7267,-26895.2,0.388368,0.271
6350001,4,71.831,-26894.5,1.10603,0.272
6360001,5,85.7814,-26893.4,0.137402,0.262
6370001,5,89.0228,-26896.9,1.89138,0.301
6380001,4,72.9742,-26896.8,0.490038,0.267
6390001,5,91.1853,-26897.9,1.48701,0.33
6400001,5,90.9972,-26898.6,1.69453,0.309
6410001,4,71.2701,-26896.4,0.00743037,0.27
6420001,4,72.1019,-26893.1,0.680504,0.242
6430001,4,70.4473,-26893.6,1.28625,0.236
6440001,4,72.0504,-26896.3,0.713278,0.28
6450001,5,91.8736,-26890,0.96742,0.295
6460001,5,87.6674,-26896.1,1.71323,0.314
6470001,4,70.1049,-26894.4,0.0158313,0.277
6480001,4,73.4971,-26893.3,0.277307,0.24
6490001,4,69.9291,-26894.9,0.0112983,0.257
6500001,4,67.595,-26894.7,3.34512,0.256
6510001,5,88.6894,-26894.9,0.997853,0.333
6520001,4,70.8043,-26892.7,1.80587,0.256
6530001,4,70.4659,-26896,2.93842,0.318
6540001,5,90.6246,-26893.7,1.35645,0.325
6550001,5,88.3682,-26892.7,0.979174,0.298
6560001,5,92.0448,-26895.5,1.78334,0.334
6570001,6,108.081,-26890.8,0.017693,0.305
6580001,5,87.8236,-26885.5,0.0834189,0.298
6590001,4,70.8641,-26898.3,1.7663,0.246
6600001,6,108.961,-26888.7,0.313244,0.365
6610001,6,106.629,-26895.2,0.364012,0.38
6620001,4,69.9094,-26893.7,0.0747442,0.271
6630001,6,103.576,-26887.7,1.50462,0.279
6640001,4,69.2312,-26894.5,0.137793,0.254
6650001,5,89.5276,-26894.7,2.13154,0.302
6660001,6,108.019,-26903.3,1.36659,0.381
6670001,4,71.334,-26895.7,1.63095,0.271
6680001,4,72.9245,-26896.2,0.258458,0.229
6690001,4,72.0538,-26894.7,0.0721555,0.258
6700001,4,71.2082,-26899.2,0.184306,0.241
6710001,4,65.6802,-26891.6,0.343225,0.267
6720001,5,88.6461,-26896.3,0.55841,0.289
6730001,5,89.7715,-26895,1.21626,0.289
6740001,7,124.982,-26895.5,0.0901261,0.372
6750001,5,88.3032,-26895.2,0.582172,0.288
6760001,4,73.4879,-26901.9,0.0623537,0.299
6770001,6,104.485,-26898.9,0.889973,0.327
6780001,4,70.9689,-26897.2,0.724036,0.291
6790001,5,86.6132,-26899.5,2.59336,0.326
6800001,5,89.5156,-26902.6,0.193095,0.342
6810001,4,73.379,-26902,0.707101,0.28
6820001,6,103.703,-26894.7,1.33819,0.338
6830001,4,68.7517,-26895.1,1.18421,0.268
6840001,4,73.1911,-26898.7,0.399574,0.254
6850001,4,72.954,-26899.5,0.00856133,0.294
6860001,4,70.8418,-26899.2,0.610418,0.274
6870001,4,69.5112,-26895.9,0.989012,0.295
6880001,5,91.6336,-26895.9,0.311834,0.255
6890001,4,72.335,-26894.1,0.257229,0.314
6900001,4,71.771,-26894.8,0.314431,0.251
6910001,6,106.082,-26895.2,3.51378,0.33
6920001,5,92.977,-26894.7,0.995538,0.315
6930001,5,91.8611,-26896.6,0.035355,0.315
6940001,4,72.33,-26896.1,1.36716,0.288
6950001,4,72.0466,-26894.4,0.0560181,0.279
6960001,4,71.3032,-26897.2,1.55489,0.266
6970001,4,71.5414,-26895,1.09329,0.294
6980001,5,89.7691,-26900.5,0.430172,0.282
6990001,4,66.1299,-26895.1,1.18239,0.267
7000001,4,66.8543,-26893.2,1.99363,0.259
7010001,4,70.0819,-26894.5,0.633113,0.25
7020001,4,67.5897,-26892.3,1.25814,0.276
7030001,4,68.8548,-26895.4,1.00992,0.229
7040001,5,86.526,-26894,0.620515,0.256
7050001,4,66.2365,-26893.5,0.0304272,0.241
7060001,4,67.1628,-26894.6,1.22018,0.296
7070001,4,71.0114,-26896.6,0.161111,0.255
7080001,5,90.8572,-26897.8,0.0439468,0.314
7090001,4,69.8552,-26903.3,0.369517,0.296
7100001,6,106.429,-26895.8,0.763114,0.36
7110001,4,70.5009,-26894.8,0.696081,0.268
7120001,5,87.8765,-26898.3,0.144352,0.312
7130001,4,71.003,-26896.2,1.63705,0.308
7140001,4,67.4239,-26894.1,2.32378,0.283
7150001,5,93.2116,-26894.6,0.308452,0.315
7160001,4,66.5201,-26892.4,2.67459,0.261
7170001,5,87.8678,-26894.6,0.210015,0.318
7180001,4,70.8273,-26895.6,0.404718,0.247
7190001,5,89.1329,-26901.2,2.61652,0.311
7200001,5,87.7114,-26896.5,0.165481,0.287
7210001,5,88.868,-26888.3,0.690519,0.273
7220001,5,88.8298,-26897.7,0.0733445,0.274
7230001,5,86.6062,-26898.6,2.45469,0.277
7240001,9,160.404,-26891.7,0.337911,0.323
7250001,5,87.8369,-26887.2,1.17154,0.295
7260001,6,101.633,-26895.8,1.58217,0.308
7270001,4,69.328,-26895.7,1.36759,0.329
7280001,4,72.3165,-26897.7,0.774943,0.245
7290001,5,86.2519,-26896.1,0.259783,0.279
7300001,4,72.0662,-26896.7,0.0295427,0.307
7310001,4,72.8745,-26896.5,1.18852,0.241
7320001,4,71.4274,-26898.3,0.543036,0.289
7330001,5,85.8424,-26897.9,5.07834,0.295
7340001,5,88.3882,-26901.3,2.8284,0.337
7350001,5,88.7643,-26893.4,0.645735,0.272
7360001,4,69.8765,-26897.7,0.379788,0.286
7370001,4,70.8469,-26895.2,0.111559,0.279
7380001,4,69.1284,-26899.6,2.4016,0.254
7390001,5,85.9439,-26894.2,1.04146,0.29
7400001,4,69.8062,-26895.9,0.0776228,0.289
7410001,6,104.982,-26892.6,2.53137,0.3
7420001,4,70.0765,-26896.8,0.470212,0.264
7430001,4,71.6616,-26897,0.0852261,0.247
7440001,4,66.5817,-26896.3,4.7674,0.273
7450001,4,72.398,-26896.2,0.624657,0.254
7460001,4,72.0578,-26891.5,1.24993,0.274
7470001,4,71.2224,-26896,0.307561,0.263
7480001,5,91.1979,-26892.4,0.376383,0.338
7490001,5,87.8055,-26891.3,0.130147,0.252
7500001,4,73.2655,-26893.7,0.0275548,0.277
7510001,4,73.6498,-26896.5,0.163337,0.282
7520001,4,70.6811,-26890.4,1.77051,0.263
7530001,4,70.0635,-26893,0.0897995,0.251
7540001,6,105.652,-26884.2,0.363979,0.326
7550001,5,90.4682,-26895,0.0022394,0.366
7560001,7,120.784,-26895.7,1.67816,0.387
7570001,4,69.4139,-26896.6,0.113797,0.257
7580001,4,68.2892,-26892.5,0.679058,0.275
7590001,4,71.6573,-26892.8,0.0630272,0.271
7600001,4,72.4144,-26893.3,0.0287451,0.234
7610001,4,69.1861,-26895.5,1.13031,0.269
7620001,4,72.3846,-26891,0.42852,0.273
7630001,4,67.5254,-26893.5,2.70173,0.252
7640001,5,88.9647,-26893,0.179682,0.258
7650001,4,73.0355,-26894.6,0.535884,0.266
7660001,6,107.11,-26893.3,1.00802,0.35
7670001,5,87.8216,-26897.1,0.944551,0.306
7680001,6,105.812,-26884.5,0.776141,0.346
7690001,5,88.1058,-26894.9,2.54394,0.349
7700001,4,72.2029,-26894.1,1.02609,0.275
7710001,4,68.5298,-26888,0.411037,0.265
7720001,4,68.4551,-26896.5,1.81421,0.265
7730001,4,71.5501,-26893.1,0.488887,0.309
7740001,4,69.2024,-26894.1,0.286368,0.234
7750001,4,72.4208,-26891.4,0.657285,0.242
7760001,4,72.2397,-26894.7,0.694704,0.326
7770001,6,106.987,-26888.9,0.00516377,0.331
7780001,4,71.0014,-26897.6,0.361745,0.24
7790001,4,71.6115,-26896.9,0.749606,0.271
7800001,4,72.1227,-26893.3,1.31727,0.262
7810001,5,92.4424,-26900.2,0.919255,0.297
7820001,5,87.6624,-26894.5,1.88151,0.308
7830001,5,89.0919,-26888.6,0.532373,0.276
7840001,4,71.3148,-26891.7,0.240512,0.259
7850001,4,72.6668,-26896.5,0.817034,0.257
7860001,4,69.9359,-26896,1.10099,0.246
7870001,5,86.8671,-26891.6,0.139448,0.308
7880001,6,109.178,-26892.3,0.466687,0.301
7890001,5,86.902,-26894.6,1.04725,0.302
7900001,4,70.5795,-26900.5,0.424226,0.258
7910001,4,72.8124,-26896.3,0.107618,0.253
7920001,5,88.919,-26896.3,0.631355,0.281
7930001,5,90.9154,-26892.9,0.162212,0.268
7940001,4,71.7059,-26891.9,0.530755,0.255
7950001,4,72.5873,-26893.9,1.11171,0.261
7960001,4,70.6706,-26893.8,1.69365,0.214
7970001,5,89.1179,-26891.5,0.0476028,0.336
7980001,4,67.7733,-26892,0.532074,0.242
7990001,4,72.5746,-26901.5,0.900528,0.254
8000001,5,89.424,-26888.6,1.18057,0.256
8010001,5,89.8655,-26891.8,0.377702,0.266
8020001,4,71.9391,-26894.5,0.788767,0.315
8030001,6,106.804,-26894.8,0.822481,0.359
8040001,4,70.2459,-26893.9,2.72226,0.258
8050001,5,88.6996,-26899.3,0.332363,0.308
8060001,6,108.499,-26896.7,1.17801,0.348
8070001,4,64.8994,-26891.9,1.32094,0.257
8080001,4,69.2158,-26893.2,1.60064,0.293
8090001,4,71.2881,-26896.9,0.153688,0.296
8100001,5,90.4013,-26893.4,0.141659,0.305
8110001,5,82.1056,-26892.2,0.507618,0.249
8120001,6,104.772,-26893.7,0.154375,0.332
8130001,6,103.8,-26893,0.0627028,0.281
8140001,4,69.0453,-26894.4,1.53798,0.27
8150001,4,70.2999,-26899.8,1.27113,0.242
8160001,5,88.918,-26897,0.355438,0.241
8170001,4,69.6419,-26892.9,0.125172,0.254
8180001,4,71.1978,-26899.6,0.346614,0.26
8190001,5,86.6782,-26895.9,0.643185,0.315
8200001,5,86.3918,-26898.9,1.21214,0.273
8210001,4,65.2674,-26895.9,0.718272,0.291
8220001,6,104.198,-26897.3,0.740374,0.319
8230001,5,86.6846,-26897.4,0.989912,0.299
8240001,5,87.0602,-26897.3,1.04692,0.277
8250001,4,72.2337,-26898.7,0.289652,0.236
8260001,4,69.6281,-26902,1.36752,0.264
8270001,5,81.2989,-26895.5,1.25001,0.257
8280001,4,67.5797,-26897.8,1.37261,0.215
8290001,6,108.328,-26894,1.13151,0.355
8300001,4,73.174,-26899.1,0.221622,0.258
8310001,4,70.9383,-26900.8,0.699128,0.292
8320001,6,107.679,-26894.3,0.607577,0.345
8330001,4,72.2629,-26900.4,1.21928,0.255
8340001,5,87.8257,-26891.4,0.770399,0.309
8350001,4,69.3454,-26894.6,0.171352,0.23
8360001,5,89.7236,-26893.9,0.894738,0.277
8370001,5,87.1449,-26892.6,0.284681,0.289
8380001,5,90.9447,-26894.6,0.91607,0.317
8390001,6,105.935,-26889,1.1851,0.303
8400001,4,69.2275,-26890.4,0.349792,0.288
8410001,5,88.1276,-26890,0.476928,0.246
8420001,5,88.0439,-26888.5,0.28395,0.304
8430001,4,72.6811,-26898.6,0.665799,0.322
8440001,4,71.7787,-26892.3,0.332993,0.269
8450001,5,87.1545,-26892.3,0.435381,0.317
8460001,4,69.7996,-26899.6,0.127561,0.3
8470001,5,89.6194,-26892.2,0.0743171,0.318
8480001,4,69.0616,-26892.6,0.252853,0.297
8490001,4,69.1452,-26895.4,0.0575494,0.273
8500001,6,106.206,-26890.9,0.447308,0.317
8510001,6,105.247,-26895,0.625727,0.284
8520001,5,86.3593,-26897.3,3.3987,0.332
8530001,4,71.2758,-26892.6,1.2467,0.274
8540001,5,90.5468,-26893.2,0.847141,0.343
8550001,5,91.5516,-26895,1.2914,0.303
8560001,5,91.0238,-26893.4,1.43316,0.277
8570001,4,68.6646,-26894.3,0.0527443,0.267
8580001,4,75.3211,-26902.7,0.196851,0.258
8590001,4,72.9679,-26892.5,0.0151357,0.268
8600001,5,88.4593,-26903.2,1.11334,0.334
8610001,4,70.4278,-26897,0.823654,0.298
8620001,5,89.8362,-26898.4,1.15936,0.304
8630001,5,91.0017,-26898.7,0.201352,0.268
8640001,5,91.4803,-26894.2,0.450766,0.287
8650001,5,88.1008,-26891,0.610486,0.293
8660001,4,73.9968,-26897.9,0.0144659,0.268
8670001,4,68.4557,-26893.7,0.4402,0.254
8680001,4,70.7018,-26892.5,1.26168,0.253
8690001,4,71.2565,-26894.2,2.55957,0.271
8700001,4,72.1395,-26894.2,0.270466,0.291
8710001,4,70.333,-26899.1,1.70323,0.272
8720001,4,71.9072,-26897.8,0.0506645,0.286
8730001,4,69.8851,-26897.5,0.408463,0.256
8740001,5,88.7448,-26895.2,2.18952,0.337
8750001,5,93.5272,-26897.2,0.0361639,0.273
8760001,4,69.6518,-26895.2,2.11283,0.263
8770001,4,72.2585,-26901.6,0.252632,0.285
8780001,4,71.9051,-26892.4,1.33361,0.259
8790001,4,71.9645,-26891.7,0.771177,0.285
8800001,4,72.6753,-26899.8,1.27707,0.272
8810001,4,68.208,-26902.1,2.42514,0.267
8820001,5,90.976,-26894.1,0.309174,0.314
8830001,4,72.3631,-26894.9,0.119958,0.302
8840001,8,138.646,-26874.2,1.08277,0.316
8850001,4,70.7275,-26891.1,1.88058,0.249
8860001,4,71.7675,-26897.2,0.681164,0.247
8870001,7,124.585,-26883.3,0.374291,0.295
8880001,4,69.6738,-26892.4,1.55457,0.262
8890001,5,88.6317,-26890.2,1.8737,0.298
8900001,4,71.6346,-26907.1,2.11928,0.306
8910001,4,71.6289,-26891.3,0.270076,0.264
8920001,4,71.1893,-26902.6,1.26123,0.319
8930001,4,72.9492,-26894.3,0.943563,0.287
8940001,4,71.6357,-26901.2,0.366375,0.258
8950001,4,72.1471,-26898.1,0.332644,0.292
8960001,4,71.0121,-26893,1.76449,0.252
8970001,5,87.1558,-26892,0.465568,0.265
8980001,4,70.9779,-26897.6,1.26585,0.264
8990001,4,73.7409,-26891.2,0.347948,0.313
9000001,8,139.193,-26886.3,0.978634,0.376
9010001,4,68.7086,-26894.2,0.365677,0.252
9020001,4,73.1474,-26898.2,0.793796,0.317
9030001,6,106.461,-26887.3,0.465017,0.275
9040001,4,68.6757,-26892.3,0.867936,0.249
9050001,4,71.1344,-26898.2,0.708798,0.266
9060001,5,90.642,-26894.2,0.458132,0.291
9070001,4,72.7326,-26899.8,0.391779,0.233
9080001,4,70.39,-26897.7,1.77202,0.237
9090001,7,122.17,-26894,0.129835,0.321
9100001,4,74.1592,-26901.8,0.096265,0.274
9110001,5,88.7362,-26900.4,0.942849,0.257
9120001,4,71.4468,-26897.2,0.918071,0.26
9130001,5,90.0824,-26890.5,0.765592,0.308
9140001,4,67.5688,-26894.3,0.934467,0.27
9150001,6,103.2,-26888.5,0.614677,0.292
9160001,4,69.5027,-26892.3,0.81427,0.285
9170001,6,108.391,-26897.1,2.0622,0.308
9180001,5,86.0207,-26897.9,4.22721,0.31
9190001,6,105.966,-26893.2,0.245772,0.359
9200001,4,70.6282,-26897,1.12945,0.305
9210001,4,68.391,-26894.3,3.87682,0.274
9220001,5,90.0386,-26900.8,2.99006,0.264
9230001,4,72.2066,-26899,1.10711,0.26
9240001,6,103.683,-26896.2,2.78791,0.265
9250001,4,69.4868,-26894.3,3.0824,0.262
9260001,5,89.569,-26895.2,0.226429,0.269
9270001,4,72.7493,-26902.4,0.305374,0.31
9280001,5,87.2305,-26892.3,0.97856,0.284
9290001,7,122.679,-26887.3,1.20297,0.305
9300001,4,70.3278,-26896.4,0.179563,0.274
9310001,4,68.3731,-26897.7,0.941507,0.271
9320001,4,71.6301,-26897.4,1.07277,0.275
9330001,4,68.8185,-26892.9,1.64069,0.308
9340001,4,71.3299,-26896.4,0.294724,0.246
9350001,4,72.2167,-26897.8,0.115406,0.268
9360001,4,71.1531,-26888.6,0.387079,0.228
9370001,4,72.5713,-26898.9,1.61287,0.297
9380001,4,68.8726,-26893.5,0.17551,0.332
9390001,4,72.5836,-26896.2,0.0118831,0.277
9400001,4,68.5178,-26895.9,0.0544827,0.271
9410001,5,89.1437,-26892.7,0.706035,0.254
9420001,5,82.3265,-26892.8,0.872925,0.261
9430001,5,90.7181,-26895.4,0.0881423,0.297
9440001,4,67.463,-26897.7,3.52675,0.289
9450001,4,70.0112,-26895.4,1.33405,0.273
9460001,5,88.4064,-26895.6,0.492522,0.306
9470001,4,69.426,-26896.8,1.33018,0.263
9480001,4,69.4782,-26895.6,0.828358,0.295
9490001,4,71.3077,-26891.8,0.069272,0.251
9500001,4,72.351,-26895.9,0.0707979,0.24
9510001,6,109.008,-26892.5,0.933857,0.326
9520001,4,67.9283,-26891.4,2.63396,0.233
9530001,4,71.9155,-26893.3,2.02766,0.272
9540001,5,91.2095,-26898.6,0.530598,0.27
9550001,4,67.2228,-26892.5,0.684446,0.263
9560001,5,89.4376,-26892.4,0.637744,0.293
9570001,5,90.2088,-26895.5,0.408079,0.31
9580001,4,72.6827,-26893.7,0.149096,0.349
9590001,5,88.8105,-26885.9,1.80809,0.302
9600001,6,107.047,-26891.5,0.285968,0.318
9610001,4,68.9989,-26895.3,0.692392,0.255
9620001,4,71.8924,-26888.4,0.502819,0.307
9630001,4,69.0096,-26891.2,2.51461,0.276
9640001,4,71.4463,-26898.7,0.502419,0.254
9650001,6,107.902,-26889.6,2.77246,0.334
9660001,4,68.6345,-26890,1.14463,0.239
9670001,4,67.4808,-26888.5,0.120336,0.242
9680001,4,65.6798,-26890.5,0.525037,0.252
9690001,4,68.1224,-26904.5,1.91167,0.292
9700001,4,68.3624,-26895.3,0.252767,0.258
9710001,5,86.5531,-26890.8,0.24594,0.304
9720001,4,67.5073,-26896.7,1.51003,0.262
9730001,5,85.6005,-26897.2,1.79813,0.289
9740001,6,105.343,-26892.9,0.0621492,0.3
9750001,4,70.7531,-26896.9,0.593629,0.284
9760001,5,85.314,-26894.4,1.46196,0.306
9770001,6,109.365,-26895.9,0.805461,0.305
9780001,6,105.698,-26895.7,0.069986,0.299
9790001,4,71.4374,-26899.2,0.453221,0.26
9800001,5,88.4861,-26890.3,1.35199,0.298
9810001,6,106.54,-26892.5,1.01056,0.311
9820001,4,70.9867,-26896.8,1.37444,0.268
9830001,4,70.969,-26898.2,2.48789,0.221
9840001,5,84.7689,-26893.4,0.384996,0.319
9850001,4,71.8638,-26897.2,1.51001,0.308
9860001,5,86.4191,-26890.8,1.50038,0.291
9870001,4,71.484,-26894.5,0.930187,0.266
9880001,6,108.863,-26890.8,1.0576,0.336
9890001,6,110.544,-26891.6,0.541379,0.287
9900001,4,73.9765,-26897.4,0.751024,0.283
9910001,5,89.6791,-26896.4,0.490397,0.292
9920001,4,66.3024,-26894.5,1.55355,0.269
9930001,4,71.8279,-26894,0.284746,0.278
9940001,4,71.4937,-26901.1,0.483595,0.27
9950001,4,66.9698,-26899,2.42523,0.288
9960001,5,88.1024,-26899.2,1.52106,0.293
9970001,4,71.6096,-26898.2,0.643565,0.25
9980001,6,106.982,-26891.4,0.245835,0.36
9990001,6,106.828,-26892.9,0.338474,0.349
