generation,N_shifts,eventRate
1,1,50
10001,27,39.433
20001,31,10.8139
30001,45,86.1909
40001,32,14.6578
50001,35,21.1988
60001,52,11.7904
70001,43,9.17288
80001,41,303.029
90001,41,104.99
100001,19,59.8118
110001,32,7.45832
120001,35,5.68929
130001,21,8.44565
140001,46,120.072
150001,45,99.4466
160001,31,9.36894
170001,24,47.6446
180001,23,10.3298
190001,35,95.2695
200001,66,2.78229
210001,57,91.8245
220001,31,56.4283
230001,31,100.118
240001,23,52.838
250001,38,27.8737
260001,46,16.1259
270001,17,24.7363
280001,57,59.5776
290001,28,9.39198
300001,37,13.7319
310001,26,40.1046
320001,29,7.65172
330001,28,40.5531
340001,39,8.3924
350001,31,37.6866
360001,46,42.8941
370001,41,40.7497
380001,37,27.2766
390001,45,21.2914
400001,43,222.345
410001,15,4.96326
420001,32,7.56614
430001,23,41.9756
440001,42,26.3764
450001,28,9.53042
460001,33,51.5602
470001,48,37.8336
480001,22,41.5504
490001,50,20.2442
500001,30,0.321975
510001,25,71.234
520001,23,99.6631
530001,19,27.2283
540001,36,108.498
550001,36,18.6039
560001,39,57.4379
570001,49,31.7375
580001,28,6.68459
590001,44,19.7956
600001,31,10.0578
610001,33,31.7625
620001,33,44.3449
630001,45,33.6678
640001,25,47.8651
650001,23,44.8206
660001,37,34.288
670001,33,102.939
680001,26,79.0015
690001,41,22.4257
700001,28,90.6711
710001,49,32.1334
720001,30,263.777
730001,35,11.46
740001,33,12.5255
750001,28,55.6108
760001,29,52.5489
770001,42,5.18372
780001,49,31.3282
790001,32,10.2409
800001,34,28.6351
810001,32,39.912
820001,33,4.07301
830001,21,40.153
840001,28,75.4003
850001,25,70.8872
860001,39,23.8065
870001,43,16.0348
880001,35,10.6305
890001,34,111.705
900001,27,83.142
910001,27,4.82128
920001,31,70.9657
930001,28,134.486
940001,29,42.2548
950001,31,32.6417
960001,44,3.6268
970001,43,111.28
980001,37,132.105
990001,36,210.912
1000001,35,28.3767
1010001,20,15.6297
1020001,23,51.0129
1030001,33,1.55516
1040001,45,15.6515
1050001,37,4.10449
1060001,39,5.60908
1070001,38,17.3745
1080001,32,81.2285
1090001,33,4.71358
1100001,40,104.311
1110001,23,35.9353
1120001,27,24.8993
1130001,24,91.1429
1140001,20,0.34494
1150001,36,74.4734
1160001,46,53.6361
1170001,35,181.081
1180001,26,0.437677
1190001,33,113.987
1200001,27,16.7909
1210001,32,29.9055
1220001,41,67.588
1230001,37,16.2285
1240001,49,28.2261
1250001,40,92.4101
1260001,40,59.8045
1270001,34,60.99
1280001,36,9.63073
1290001,45,182.922
1300001,25,11.3281
1310001,27,44.7358
1320001,26,59.8883
1330001,24,79.3985
1340001,45,6.88627
1350001,24,5.39356
1360001,21,49.1906
1370001,32,80.6832
1380001,44,23.4533
1390001,35,53.2481
1400001,22,70.8087
1410001,29,130.295
1420001,16,5.06312
1430001,28,30.4124
1440001,38,19.4738
1450001,30,63.015
1460001,44,11.4579
1470001,42,32.4694
1480001,25,0.836235
1490001,27,7.35686
1500001,33,19.3757
1510001,36,78.7566
1520001,38,40.1405
1530001,39,33.6508
1540001,25,5.99201
1550001,26,15.2136
1560001,31,40.024
1570001,36,47.0154
1580001,15,27.2679
1590001,57,36.6441
1600001,30,124.579
1610001,59,94.7904
1620001,34,29.9226
1630001,30,36.4822
1640001,28,23.0456
1650001,33,94.3127
1660001,31,8.76879
1670001,17,142.197
1680001,39,51.9512
1690001,46,82.814
1700001,28,21.285
1710001,48,48.5892
1720001,28,12.8756
1730001,21,68.0368
1740001,25,16.1608
1750001,48,23.8616
1760001,26,26.6461
1770001,28,4.03965
1780001,39,39.3759
1790001,24,17.3107
1800001,28,57.9646
1810001,25,15.4462
1820001,39,17.9895
1830001,34,26.3259
1840001,47,51.9497
1850001,42,206.452
1860001,50,71.0193
1870001,39,45.7326
1880001,39,20.8964
1890001,30,73.6967
1900001,15,23.5154
1910001,32,32.8363
1920001,37,11.3039
1930001,18,2.33613
1940001,36,64.6796
1950001,43,141.532
1960001,39,27.7344
1970001,23,13.8206
1980001,27,76.4813
1990001,39,24.1463
2000001,33,39.2613
2010001,43,39.1819
2020001,25,66.9046
2030001,28,42.0884
2040001,31,26.7781
2050001,23,1.89022
2060001,25,43.2138
2070001,38,116.863
2080001,27,4.67402
2090001,33,72.3567
2100001,42,12.9334
2110001,44,0.713543
2120001,30,8.22807
2130001,13,100.427
2140001,40,65.4303
2150001,17,48.2274
2160001,27,260.808
2170001,31,9.72514
2180001,24,103.009
2190001,33,54.1459
2200001,35,0.0976177
2210001,22,162.897
2220001,50,254.599
2230001,43,55.6879
2240001,40,16.6217
2250001,28,96.1394
2260001,39,8.25742
2270001,22,35.078
2280001,23,103.035
2290001,27,5.60802
2300001,38,10.4158
2310001,46,92.6958
2320001,43,162.651
2330001,32,9.05621
2340001,24,26.8172
2350001,39,8.93901
2360001,37,56.3479
2370001,28,33.8802
2380001,33,50.3988
2390001,57,17.4632
2400001,28,44.5957
2410001,27,62.5185
2420001,35,144.6
2430001,33,25.0687
2440001,25,134.66
2450001,33,83.8619
2460001,43,61.1926
2470001,25,10.342
2480001,29,1.45422
2490001,28,14.327
2500001,33,107.455
2510001,37,4.94469
2520001,38,28.8135
2530001,33,23.6914
2540001,29,98.5499
2550001,36,17.4499
2560001,39,7.31633
2570001,31,27.119
2580001,37,71.5595
2590001,20,26.6875
2600001,23,10.9974
2610001,34,9.95709
2620001,36,177.799
2630001,22,137.236
2640001,36,15.1118
2650001,22,183.013
2660001,20,60.8718
2670001,25,112.559
2680001,57,149.866
2690001,43,17.3095
2700001,32,1.72217
2710001,25,5.25567
2720001,20,20.1925
2730001,38,17.5333
2740001,28,51.1046
2750001,25,89.5256
2760001,31,1.74788
2770001,26,2.00077
2780001,45,32.0171
2790001,30,94.0902
2800001,37,3.41181
2810001,25,309.374
2820001,30,33.6373
2830001,29,117.736
2840001,33,62.51
2850001,34,61.4963
2860001,43,53.7865
2870001,24,40.408
2880001,26,8.22799
2890001,27,53.5735
2900001,36,34.4639
2910001,26,6.68749
2920001,41,57.9035
2930001,29,80.718
2940001,27,28.381
2950001,32,13.1504
2960001,32,0.360663
2970001,37,43.1214
2980001,16,40.3302
2990001,43,165.985
3000001,22,31.8849
3010001,46,35.3456
3020001,23,78.0515
3030001,27,72.151
3040001,21,42.1046
3050001,31,12.4111
3060001,35,51.1832
3070001,23,26.1458
3080001,36,4.49417
3090001,16,32.3052
3100001,34,86.0524
3110001,18,14.7457
3120001,26,10.6621
3130001,41,29.3496
3140001,50,17.4251
3150001,35,42.4284
3160001,47,14.9302
3170001,15,0.761273
3180001,35,115.218
3190001,42,16.9413
3200001,27,23.0442
3210001,22,75.931
3220001,26,44.3704
3230001,43,152.138
3240001,40,22.9555
3250001,36,70.7584
3260001,35,152.024
3270001,23,45.0643
3280001,14,139.064
3290001,39,3.28352
3300001,29,4.18303
3310001,15,69.1675
3320001,23,33.5705
3330001,38,62.4535
3340001,27,91.4512
3350001,39,98.1936
3360001,19,114.389
3370001,42,164.75
3380001,29,95.1257
3390001,27,66.2858
3400001,27,139.814
3410001,41,56.5339
3420001,34,36.1362
3430001,42,20.4563
3440001,40,182.749
3450001,51,41.816
3460001,34,122.521
3470001,35,0.605879
3480001,26,16.9071
3490001,31,67.4524
3500001,39,55.979
3510001,40,22.8209
3520001,47,14.0952
3530001,38,154.436
3540001,44,5.94436
3550001,33,97.501
3560001,12,23.6708
3570001,47,83.8039
3580001,45,71.1398
3590001,13,2.05476
3600001,30,138.984
3610001,14,0.778312
3620001,37,65.4465
3630001,32,42.3079
3640001,28,49.4969
3650001,41,3.84639
3660001,25,23.3291
3670001,42,8.88684
3680001,41,33.8836
3690001,23,25.8022
3700001,38,27.074
3710001,21,7.54793
3720001,24,66.724
3730001,46,0.460417
3740001,36,45.084
3750001,45,9.48883
3760001,28,13.4199
3770001,41,36.2618
3780001,35,16.8598
3790001,39,102.962
3800001,19,3.92882
3810001,25,156.917
3820001,43,8.93589
3830001,17,5.53351
3840001,18,136.354
3850001,33,114.251
3860001,17,0.787971
3870001,28,114.21
3880001,13,4.72961
3890001,33,148.368
3900001,35,215.795
3910001,9,5.70813
3920001,27,28.3425
3930001,22,17.2205
3940001,48,31.4526
3950001,46,14.7042
3960001,30,3.20098
3970001,41,133.007
3980001,39,85.5698
3990001,48,27.8844
4000001,15,16.0361
4010001,28,22.219
4020001,31,90.503
4030001,14,22.8613
4040001,35,83.9074
4050001,29,28.3182
4060001,25,8.79226
4070001,45,20.6352
4080001,15,86.671
4090001,24,58.5987
4100001,32,50.0007
4110001,49,103.533
4120001,38,10.9575
4130001,4,5.78149
4140001,34,99.0837
4150001,48,27.1509
4160001,29,31.1566
4170001,38,161.394
4180001,27,84.0113
4190001,36,12.4619
4200001,20,64.3426
4210001,36,31.6426
4220001,36,74.9071
4230001,15,8.72725
4240001,33,6.57807
4250001,51,38.9744
4260001,40,34.9651
4270001,32,4.27203
4280001,18,36.3639
4290001,31,78.1934
4300001,29,77.2452
4310001,40,60.6413
4320001,51,72.3567
4330001,34,68.9806
4340001,43,56.4258
4350001,38,18.2157
4360001,18,13.8817
4370001,39,108.343
4380001,38,96.0001
4390001,43,49.9078
4400001,37,54.765
4410001,36,48.9028
4420001,26,8.26626
4430001,44,22.267
4440001,31,2.0383
4450001,31,212.6
4460001,16,13.715
4470001,33,33.5685
4480001,13,24.679
4490001,18,34.0225
4500001,38,134.982
4510001,33,14.8298
4520001,24,81.97
4530001,41,63.3308
4540001,33,83.5207
4550001,44,13.5036
4560001,29,70.1392
4570001,34,114.097
4580001,26,88.7941
4590001,38,10.1488
4600001,61,114.774
4610001,41,33.4612
4620001,11,27.0365
4630001,63,40.8723
4640001,35,0.683833
4650001,41,11.0321
4660001,38,26.9121
4670001,27,35.7744
4680001,33,57.1813
4690001,29,37.4381
4700001,23,34.3656
4710001,36,62.7268
4720001,55,21.627
4730001,42,120.914
4740001,40,45.8516
4750001,45,47.9178
4760001,27,75.3912
4770001,36,100.504
4780001,36,38.1675
4790001,37,58.8681
4800001,42,9.69312
4810001,35,32.1626
4820001,38,63.9586
4830001,28,6.26883
4840001,20,24.5168
4850001,21,92.9313
4860001,22,35.9351
4870001,26,9.59093
4880001,24,50.5771
4890001,23,10.3071
4900001,17,6.28096
4910001,28,172.112
4920001,42,21.6597
4930001,36,20.3397
4940001,25,32.3836
4950001,20,17.7531
4960001,24,6.49826
4970001,24,63.2489
4980001,30,54.4766
4990001,31,50.1422
5000001,26,78.4787
5010001,30,22.6775
5020001,35,6.01586
5030001,45,67.5971
5040001,16,15.0147
5050001,25,7.62992
5060001,33,38.6898
5070001,16,15.7929
5080001,28,42.0479
5090001,40,32.9101
5100001,36,95.1856
5110001,20,14.9999
5120001,46,2.14226
5130001,32,91.6246
5140001,26,17.4884
5150001,19,91.1158
5160001,55,145.786
5170001,30,12.2139
5180001,45,14.506
5190001,41,189.561
5200001,37,72.9969
5210001,43,52.2453
5220001,20,10.1119
5230001,22,17.5876
5240001,32,1.01625
5250001,17,104.317
5260001,25,0.201199
5270001,25,347.561
5280001,33,4.06707
5290001,49,2.74396
5300001,37,7.03759
5310001,27,18.9545
5320001,27,107.109
5330001,36,1.71346
5340001,41,73.814
5350001,37,23.8705
5360001,37,21.3385
5370001,33,24.0617
5380001,40,15.4296
5390001,26,5.63593
5400001,8,0.214969
5410001,21,9.52835
5420001,30,111.967
5430001,22,14.8721
5440001,36,148.801
5450001,20,98.686
5460001,35,32.6176
5470001,40,22.281
5480001,33,13.6755
5490001,41,79.4606
5500001,26,77.4002
5510001,36,36.3986
5520001,35,29.7057
5530001,44,159.404
5540001,41,23.8416
5550001,29,33.8208
5560001,26,21.8697
5570001,33,1.97048
5580001,34,23.1365
5590001,44,61.2256
5600001,24,3.28362
5610001,31,25.6821
5620001,38,96.1085
5630001,33,47.8984
5640001,36,45.9784
5650001,26,23.9525
5660001,27,2.24646
5670001,49,1.77738
5680001,21,12.0941
5690001,40,17.3808
5700001,37,36.4835
5710001,43,26.8696
5720001,46,0.533959
5730001,37,77.2764
5740001,34,3.32191
5750001,32,38.7974
5760001,35,25.5052
5770001,9,53.9265
5780001,12,5.57831
5790001,49,51.6717
5800001,32,12.8709
5810001,29,3.49637
5820001,36,24.5635
5830001,21,89.5735
5840001,35,55.1372
5850001,44,38.2508
5860001,41,8.92687
5870001,44,301.198
5880001,22,1.86329
5890001,27,20.1619
5900001,35,139.143
5910001,29,50.8972
5920001,27,27.0559
5930001,22,5.64184
5940001,26,8.84596
5950001,42,12.3976
5960001,33,29.2835
5970001,48,21.1392
5980001,21,6.12321
5990001,39,65.5761
6000001,26,1.31033
6010001,32,16.3296
6020001,56,53.5898
6030001,35,30.5844
6040001,27,147.149
6050001,32,56.5065
6060001,29,69.7681
6070001,44,17.4469
6080001,53,35.7432
6090001,22,26.7882
6100001,24,7.94618
6110001,28,55.9787
6120001,36,65.6527
6130001,42,19.3785
6140001,41,75.3279
6150001,31,3.47474
6160001,26,93.5434
6170001,40,507.517
6180001,36,9.08658
6190001,28,65.1466
6200001,32,91.2683
6210001,29,46.3935
6220001,30,127.085
6230001,30,6.4373
6240001,24,1.06742
6250001,43,13.1448
6260001,37,5.33112
6270001,27,5.07753
6280001,25,23.1399
6290001,37,64.6283
6300001,28,11.8117
6310001,43,58.001
6320001,50,127.354
6330001,28,5.5786
6340001,18,11.9039
6350001,40,148.707
6360001,34,50.4743
6370001,48,19.8978
6380001,25,15.7491
6390001,24,23.6843
6400001,40,38.515
6410001,32,188.737
6420001,42,76.9996
6430001,32,39.0485
6440001,45,34.8995
6450001,34,136.309
6460001,24,4.00013
6470001,13,14.4864
6480001,31,28.9116
6490001,28,17.1153
6500001,46,33.2542
6510001,36,518.395
6520001,39,81.8831
6530001,38,79.1292
6540001,30,27.1516
6550001,29,263.021
6560001,32,41.7372
6570001,35,19.0422
6580001,22,13.2104
6590001,41,7.80945
6600001,32,26.7437
6610001,29,21.334
6620001,23,28.5241
6630001,29,128.368
6640001,38,63.5072
6650001,41,10.332
6660001,30,11.3583
6670001,42,16.3117
6680001,43,7.81536
6690001,22,88.559
6700001,20,44.4183
6710001,43,8.23979
6720001,41,39.7042
6730001,35,53.3726
6740001,31,66.3893
6750001,27,109.389
6760001,27,6.49309
6770001,35,71.893
6780001,37,229.587
6790001,38,132.585
6800001,21,30.766
6810001,23,21.3875
6820001,44,6.14207
6830001,35,69.3819
6840001,40,54.8913
6850001,46,6.31383
6860001,41,30.3337
6870001,18,88.0958
6880001,28,40.2526
6890001,24,136.675
6900001,30,71.5395
6910001,50,11.2993
6920001,42,42.646
6930001,45,10.043
6940001,48,200.305
6950001,37,21.9117
6960001,32,28.7025
6970001,40,14.2206
6980001,22,47.6756
6990001,36,29.5695
7000001,31,49.0303
7010001,34,4.58697
7020001,23,27.9404
7030001,45,108.507
7040001,42,69.6316
7050001,21,1.0527
7060001,41,14.7468
7070001,41,23.6546
7080001,38,2.76929
7090001,33,46.845
7100001,35,14.934
7110001,25,122.181
7120001,26,6.65024
7130001,34,73.604
7140001,34,216.778
7150001,38,18.489
7160001,42,99.5276
7170001,39,102.993
7180001,44,9.07767
7190001,38,9.56568
7200001,37,48.2815
7210001,23,38.8761
7220001,39,127.069
7230001,30,75.9627
7240001,32,18.3759
7250001,28,47.7484
7260001,28,63.901
7270001,40,79.2882
7280001,37,33.8558
7290001,32,4.59795
7300001,32,18.7099
7310001,45,50.2501
7320001,38,67.293
7330001,36,30.7042
7340001,20,3.18539
7350001,36,3.84839
7360001,37,41.4039
7370001,35,19.3142
7380001,44,27.2288
7390001,32,14.1367
7400001,43,56.119
7410001,26,5.09187
7420001,25,30.801
7430001,38,37.0533
7440001,26,5.87138
7450001,33,13.7987
7460001,18,36.1743
7470001,25,8.86217
7480001,29,13.5461
7490001,22,135.381
7500001,41,100.437
7510001,38,25.4675
7520001,34,52.4485
7530001,35,34.1105
7540001,44,6.62837
7550001,25,2.9849
7560001,19,8.06382
7570001,45,4.41113
7580001,39,43.6016
7590001,35,16.5904
7600001,30,16.3596
7610001,36,95.0224
7620001,38,85.0676
7630001,46,114.03
7640001,26,23.0711
7650001,40,126.108
7660001,19,25.096
7670001,23,14.3644
7680001,37,76.4747
7690001,25,44.9722
7700001,23,6.86283
7710001,31,46.1616
7720001,24,18.7275
7730001,36,21.2763
7740001,34,15.7637
7750001,32,9.01989
7760001,44,131.731
7770001,36,55.9958
7780001,21,16.3341
7790001,36,40.5746
7800001,47,99.2285
7810001,26,28.4533
7820001,36,90.1211
7830001,21,8.30763
7840001,32,62.0308
7850001,35,51.6307
7860001,28,2.39048
7870001,36,45.2096
7880001,24,117.961
7890001,31,52.8091
7900001,43,69.827
7910001,47,50.9731
7920001,38,32.2828
7930001,38,38.4199
7940001,35,32.8027
7950001,43,278.124
7960001,30,13.4892
7970001,19,160.584
7980001,36,34.414
7990001,27,2.59192
8000001,51,40.4801
8010001,36,17.0163
8020001,42,8.67126
8030001,38,58.6249
8040001,26,33.0775
8050001,37,59.7129
8060001,26,22.6352
8070001,33,26.13
8080001,33,28.393
8090001,35,31.5393
8100001,35,0.558776
8110001,29,88.6188
8120001,36,111.55
8130001,46,54.7638
8140001,43,77.0332
8150001,36,35.9929
8160001,30,32.7966
8170001,49,170.798
8180001,31,15.0492
8190001,31,5.8976
8200001,27,106.73
8210001,39,42.2591
8220001,34,99.1112
8230001,31,59.6022
8240001,31,15.5871
8250001,51,15.4462
8260001,26,16.7836
8270001,45,1.03267
8280001,30,26.5666
8290001,30,39.61
8300001,46,52.7128
8310001,34,51.3487
8320001,44,16.1977
8330001,34,28.641
8340001,51,15.5795
8350001,29,15.7887
8360001,20,24.9293
8370001,38,172.589
8380001,39,151.05
8390001,40,170.493
8400001,30,248.739
8410001,43,43.6108
8420001,23,38.7919
8430001,37,80.2585
8440001,30,53.0768
8450001,28,48.7776
8460001,30,97.8603
8470001,43,111.325
8480001,35,36.1035
8490001,32,24.578
8500001,13,4.0259
8510001,21,8.57873
8520001,47,65.5552
8530001,28,46.0972
8540001,29,35.4239
8550001,37,0.266785
8560001,23,86.8657
8570001,34,38.1086
8580001,30,56.9394
8590001,27,55.9801
8600001,34,55.5078
8610001,26,13.1033
8620001,31,20.506
8630001,41,27.4341
8640001,34,27.4437
8650001,36,105.848
8660001,30,16.4544
8670001,27,40.7901
8680001,48,101.391
8690001,37,22.3364
8700001,43,19.062
8710001,39,85.8778
8720001,36,34.0515
8730001,36,53.9933
8740001,15,88.4044
8750001,44,115.344
8760001,25,51.1566
8770001,50,69.0768
8780001,28,105.059
8790001,17,35.1758
8800001,17,6.91552
8810001,26,52.2437
8820001,37,68.2192
8830001,29,101.332
8840001,49,35.4895
8850001,30,68.7366
8860001,46,5.49377
8870001,32,6.54672
8880001,19,14.9963
8890001,20,0.310174
8900001,10,70.0686
8910001,27,18.136
8920001,47,62.3547
8930001,32,121.169
8940001,35,15.4016
8950001,30,67.8701
8960001,34,34.7793
8970001,14,78.8764
8980001,29,34.439
8990001,31,103.293
9000001,29,39.3567
9010001,16,9.62063
9020001,47,2.73881
9030001,37,112.253
9040001,40,19.4101
9050001,25,50.5509
9060001,15,244.301
9070001,30,9.06969
9080001,40,186.849
9090001,42,149.502
9100001,17,5.50872
9110001,42,9.6321
9120001,31,31.1364
9130001,32,158.112
9140001,35,33.6617
9150001,8,10.2914
9160001,42,19.7351
9170001,35,39.9006
9180001,28,93.3645
9190001,17,3.17179
9200001,19,7.00737
9210001,32,0.985665
9220001,20,89.5618
9230001,24,9.07506
9240001,35,188.469
9250001,35,72.2849
9260001,15,134.011
9270001,44,19.4281
9280001,24,40.1023
9290001,38,76.0789
9300001,50,16.2484
9310001,23,29.4838
9320001,43,59.0401
9330001,30,115.723
9340001,48,2.21851
9350001,21,15.406
9360001,35,21.4785
9370001,20,19.6386
9380001,23,33.6452
9390001,36,2.3917
9400001,41,92.7251
9410001,29,8.99333
9420001,36,6.33006
9430001,33,26.104
9440001,30,45.5545
9450001,27,31.5575
9460001,50,74.177
9470001,27,86.5581
9480001,33,108.036
9490001,42,61.7129
9500001,29,118.423
9510001,13,31.1108
9520001,22,86.7503
9530001,20,10.4422
9540001,34,26.7269
9550001,22,13.9905
9560001,38,2.56929
9570001,17,22.7375
9580001,23,14.908
9590001,32,91.5066
9600001,30,9.72153
9610001,36,195.912
9620001,29,13.7505
9630001,24,10.3827
9640001,30,47.8831
9650001,27,40.4469
9660001,27,47.3809
9670001,28,171.938
9680001,17,90.477
9690001,38,44.8679
9700001,28,106.373
9710001,34,53.1592
9720001,39,1.75873
9730001,34,78.697
9740001,11,73.8993
9750001,43,38.0248
9760001,41,30.3981
9770001,24,0.184008
9780001,24,70.8805
9790001,19,5.65137
9800001,32,11.4904
9810001,63,81.0026
9820001,42,8.5794
9830001,25,17.8015
9840001,24,48.5872
9850001,16,7.44973
9860001,42,27.7052
9870001,35,1.56478
9880001,33,21.5381
9890001,32,58.5519
9900001,37,18.141
9910001,37,29.0955
9920001,35,43.9563
9930001,26,97.5673
9940001,26,4.84523
9950001,24,3.70245
9960001,40,71.5976
9970001,41,14.2655
9980001,34,9.61105
9990001,53,84.3919
