generation,N_shifts,logPrior,logLik,eventRate,acceptRate
1,0,-1.63198,-39982.9,1,0
5001,0,-1.80211,-38920.3,0.824728,0.3794
10001,2,2.37354,-38909.9,0.149943,0.4406
15001,1,0.930089,-38918,0.224068,0.3918
20001,3,2.92554,-38915,2.42826,0.4378
25001,0,-1.15069,-38918.6,0.165456,0.3864
30001,0,-2.96868,-38920.5,1.86963,0.3352
35001,1,-1.91248,-38917.7,3.28887,0.3512
40001,1,-0.352628,-38917.7,1.13176,0.3958
45001,0,-1.32815,-38918.7,0.370459,0.3786
50001,0,-1.01632,-38918.7,0.0489501,0.3342
55001,0,-4.29301,-38918.2,3.24758,0.3204
60001,0,-2.68403,-38917.7,1.6993,0.3594
65001,0,-2.75553,-38920.9,1.62433,0.376
70001,1,1.29182,-38915,0.127939,0.3358
75001,0,-3.76285,-38918.1,2.83381,0.3298
80001,2,1.73736,-38915.3,0.275977,0.3876
85001,0,-1.4873,-38917.8,0.501183,0.3842
90001,2,1.72284,-38911.5,0.574947,0.3892
95001,1,-0.554258,-38914.8,0.614293,0.303
100001,1,-1.47191,-38918.1,0.255833,0.3748
105001,1,-3.19675,-38918.5,3.66569,0.3922
110001,0,-1.43343,-38917.8,0.497008,0.3318
115001,1,-0.182561,-38918.9,0.861503,0.3884
120001,1,0.868507,-38915.6,1.15923,0.3266
125001,1,0.0716718,-38911.7,0.981625,0.4626
130001,0,-1.36809,-38917.7,0.373287,0.4824
135001,0,-2.56017,-38917.7,1.59649,0.3962
140001,0,-3.17343,-38917.8,2.1664,0.3608
145001,0,-1.35475,-38917.8,0.419454,0.292
150001,0,-1.74533,-38919.2,0.763541,0.3012
155001,0,-1.52117,-38917.5,0.54745,0.3476
160001,0,-1.48083,-38918,0.522403,0.3674
165001,0,-1.27501,-38918.2,0.354475,0.3932
170001,0,-2.356,-38918,1.31849,0.2854
175001,0,-2.15613,-38917.6,1.21212,0.3066
180001,2,2.65891,-38919,1.05083,0.4002
185001,1,1.70178,-38915.8,0.252265,0.3386
190001,0,-1.50653,-38917.7,0.566536,0.4822
195001,0,-1.25862,-38918.1,0.229637,0.2904
200001,0,-1.49072,-38918.5,0.441471,0.388
205001,0,-3.81191,-38917.5,2.8628,0.3148
210001,0,-1.34312,-38917.6,0.381388,0.3722
215001,0,-2.97743,-38918.7,1.96492,0.3882
220001,0,-1.10659,-38918.9,0.0251014,0.3798
225001,0,-0.892967,-38919.9,0.0122908,0.3114
230001,0,-1.34365,-38917.9,0.387248,0.3688
235001,0,-1.25336,-38917.8,0.330086,0.427
240001,1,-1.17265,-38917.9,1.44911,0.3636
245001,2,0.267885,-38916.3,1.78477,0.2818
250001,0,-0.976286,-38918.3,0.0627869,0.338
255001,0,-0.981864,-38917.7,0.0359726,0.3234
260001,0,-1.49058,-38918.3,0.516078,0.3852
265001,0,-1.51199,-38918.8,0.51792,0.3436
270001,2,2.05212,-38917.2,0.451339,0.3722
275001,2,0.880712,-38911.8,1.0008,0.4272
280001,1,2.01125,-38917.3,0.166504,0.4272
285001,0,-0.983003,-38918.1,0.0461436,0.405
290001,0,-2.14073,-38917.8,1.18592,0.4006
295001,0,-2.20579,-38917.6,1.27886,0.4
300001,1,1.46109,-38917.5,0.246574,0.4122
305001,0,-2.12494,-38918.3,1.2042,0.4696
310001,0,-1.28406,-38917.7,0.410576,0.4138
315001,0,-0.924807,-38917.6,0.0235736,0.3644
320001,0,-1.2511,-38917.6,0.382366,0.4312
325001,3,4.05581,-38916.5,0.830331,0.3962
330001,0,-1.24047,-38918,0.397664,0.451
335001,0,-1.9223,-38919.7,0.950354,0.3246
340001,1,-3.23016,-38915.2,1.26487,0.4302
345001,1,2.12267,-38917.6,0.371094,0.324
350001,1,0.545134,-38919.6,0.724129,0.375
355001,1,0.588549,-38917.1,0.844566,0.3828
360001,1,-1.39218,-38913.8,1.4758,0.3664
365001,2,3.67956,-38917,0.977048,0.4064
370001,0,-1.42738,-38917.9,0.486482,0.3746
375001,2,2.76992,-38908.3,0.566949,0.3716
380001,0,-1.86564,-38917.9,0.778784,0.3928
385001,1,1.08145,-38917.3,0.609711,0.3418
390001,0,-1.59918,-38921.2,0.491671,0.4384
395001,1,0.474595,-38917.8,0.0477519,0.3642
400001,0,-2.48905,-38918.5,1.52903,0.3458
405001,0,-1.40411,-38918.6,0.44206,0.3454
410001,0,-1.41328,-38918.3,0.370563,0.331
415001,2,1.6405,-38918.3,0.523187,0.3656
420001,1,-2.59083,-38916.9,1.51804,0.4022
425001,2,2.92216,-38918.5,0.834444,0.3956
430001,4,6.26644,-38911.9,3.36071,0.4156
435001,0,-1.27386,-38917.7,0.304339,0.4024
440001,1,-1.29249,-38916.1,0.812443,0.4214
445001,1,1.79522,-38917.4,0.372967,0.3646
450001,0,-1.82575,-38917.7,0.859669,0.3466
455001,0,-2.10026,-38917.8,1.10007,0.3562
460001,0,-1.42422,-38918.9,0.368378,0.3544
465001,0,-2.58713,-38917.9,1.57989,0.3532
470001,1,1.31073,-38916.5,0.231231,0.338
475001,0,-1.75185,-38917.8,0.775485,0.3414
480001,0,-2.22601,-38917.7,1.22905,0.3628
485001,0,-1.36457,-38917.5,0.40775,0.3568
490001,1,1.40842,-38918,0.25121,0.3544
495001,0,-1.41868,-38918.1,0.369211,0.3912
500001,0,-2.51931,-38918,1.60816,0.324
505001,1,0.915675,-38919.1,0.349899,0.3586
510001,0,-1.05695,-38918.2,0.052388,0.4092
515001,0,-2.03,-38919.5,1.0918,0.3476
520001,0,-1.12817,-38917.5,0.249619,0.3554
525001,1,-2.23143,-38910.9,3.12567,0.33
530001,0,-2.19008,-38917.6,1.27948,0.5124
535001,0,-2.82933,-38917.7,1.88704,0.37
540001,2,2.26831,-38914.5,0.143627,0.4448
545001,1,1.12076,-38913.7,1.09223,0.507
550001,0,-3.80586,-38917.7,2.93044,0.4628
555001,0,-1.2938,-38918,0.355514,0.3414
560001,1,0.0381213,-38917.5,1.88842,0.3312
565001,0,-1.23101,-38917.5,0.351301,0.4498
570001,1,-3.31932,-38917.9,4.52539,0.4188
575001,0,-1.29439,-38918,0.401342,0.3942
580001,2,-0.823491,-38918.3,0.220453,0.3648
585001,0,-2.99825,-38918.4,2.08876,0.4002
590001,2,3.5196,-38921.2,0.39774,0.4
595001,0,-1.03475,-38918.6,0.214577,0.403
600001,1,-1.66756,-38918.2,0.756165,0.4518
605001,1,-3.80967,-38916.8,4.50598,0.3788
610001,0,-0.9967,-38918.4,0.115457,0.3736
615001,1,-1.21435,-38912.8,3.21334,0.49
620001,0,-1.34608,-38918.6,0.515634,0.397
625001,0,-1.32675,-38917.8,0.486383,0.3536
630001,0,-1.21764,-38917.7,0.344464,0.3748
635001,0,-1.58535,-38918.7,0.659081,0.3834
640001,1,-1.62051,-38919.1,0.644595,0.398
645001,0,-1.99993,-38918.5,1.09001,0.3538
650001,0,-1.82855,-38917.9,0.955576,0.3264
655001,0,-1.31422,-38921.8,0.314385,0.417
660001,2,1.09949,-38916.1,2.65821,0.3476
665001,1,1.70294,-38919.5,0.691606,0.4124
670001,0,-1.18935,-38918.6,0.34257,0.3808
675001,1,1.82114,-38917.5,0.256432,0.4198
680001,0,-1.2021,-38919.7,0.233647,0.3338
685001,0,-2.58385,-38918.7,1.66676,0.332
690001,0,-3.04084,-38918,2.17254,0.3872
695001,2,0.448197,-38916.9,1.01001,0.3562
700001,1,-0.0416385,-38919.8,0.456779,0.386
705001,1,2.06388,-38916.3,0.262277,0.4348
710001,0,-1.53015,-38917.8,0.679054,0.3878
715001,1,2.13961,-38917.7,0.0782846,0.3614
720001,0,-0.824495,-38918.7,0.0134089,0.4056
725001,1,1.22597,-38918.7,0.777371,0.3474
730001,1,1.17436,-38913.4,1.23191,0.4868
735001,2,0.867243,-38916.2,0.76825,0.3982
740001,0,-1.75549,-38917.8,0.9563,0.3764
745001,0,-0.932526,-38917.8,0.146931,0.3658
750001,1,0.891416,-38918.5,0.317194,0.3978
755001,1,-0.727657,-38918,0.638494,0.3854
760001,0,-1.74411,-38921.1,0.839063,0.3458
765001,0,-0.978888,-38920.1,0.080533,0.3302
770001,0,-0.900829,-38918.4,0.12248,0.392
775001,0,-1.13589,-38919,0.301951,0.3626
780001,0,-1.69045,-38918,0.886318,0.3598
785001,0,-0.929881,-38918.3,0.0929935,0.3648
790001,0,-1.63164,-38918.1,0.817782,0.429
795001,0,-0.862586,-38917.8,0.0527632,0.4086
800001,0,-3.3524,-38918.2,2.52269,0.319
805001,0,-0.888825,-38918.2,0.0618062,0.3808
810001,0,-1.21112,-38922.7,0.444444,0.378
815001,0,-1.2527,-38918.1,0.456369,0.4018
820001,0,-1.27793,-38919,0.495317,0.4254
825001,2,2.48783,-38918.5,0.934492,0.3658
830001,1,0.191206,-38918,0.332031,0.4884
835001,0,-1.14164,-38917.7,0.311941,0.3762
840001,1,0.0198075,-38916.5,1.17272,0.4144
845001,0,-1.57415,-38919.2,0.684069,0.3684
850001,1,-0.944708,-38918,2.46059,0.3794
855001,2,1.98779,-38917.6,0.0214506,0.378
860001,0,-1.18267,-38917.7,0.314062,0.3754
865001,0,-2.24628,-38918,1.39566,0.418
870001,1,-2.57177,-38916.7,0.292509,0.3412
875001,0,-0.96578,-38918,0.0820753,0.3356
880001,1,-4.36844,-38914.6,1.75879,0.3788
885001,0,-1.55626,-38918,0.617143,0.4014
890001,1,-2.06223,-38919,2.18358,0.3224
895001,0,-1.31659,-38918.4,0.350585,0.3782
900001,2,2.68709,-38912.2,0.225618,0.438
905001,1,1.29565,-38918.6,0.436324,0.334
910001,0,-1.54162,-38918,0.64998,0.3394
915001,0,-1.33633,-38918,0.432461,0.4368
920001,1,-3.1134,-38918.1,3.82304,0.3222
925001,0,-1.13867,-38917.9,0.242118,0.3598
930001,0,-3.8243,-38918.8,2.80284,0.3012
935001,0,-2.38686,-38917.7,1.3722,0.3994
940001,0,-0.978528,-38917.9,0.0557268,0.3396
945001,0,-2.36645,-38918.7,1.4305,0.391
950001,2,-1.70681,-38916.1,3.94843,0.3816
955001,0,-1.02385,-38918.2,0.0424816,0.369
960001,1,-4.32396,-38917.7,3.02762,0.2698
965001,0,-1.33348,-38918.5,0.197053,0.3784
970001,0,-1.50832,-38919.4,0.452422,0.3222
975001,0,-1.02059,-38917.8,0.0809593,0.3348
980001,1,-0.0680392,-38918.5,2.0443,0.3278
985001,0,-1.09133,-38917.8,0.195253,0.3222
990001,2,-0.152256,-38917.5,1.36063,0.4286
995001,2,5.5984,-38917.2,0.425356,0.4594
1000001,0,-1.34162,-38918.6,0.319963,0.3504
1005001,1,0.3178,-38917.8,0.526804,0.3874
1010001,0,-1.56321,-38918.6,0.570371,0.3496
1015001,1,1.10383,-38917.7,0.358723,0.3164
1020001,0,-1.01342,-38917.5,0.0315224,0.393
1025001,1,0.220612,-38915.9,0.891578,0.4186
1030001,0,-1.45971,-38917.5,0.450081,0.344
1035001,1,0.744703,-38917.5,0.555418,0.3712
1040001,0,-2.29628,-38917.9,1.32554,0.3574
1045001,0,-2.03131,-38917.5,0.993048,0.2938
1050001,2,1.70826,-38917.1,3.7935,0.3678
1055001,2,-1.73182,-38922.9,2.97711,0.3984
1060001,0,-1.0107,-38918.3,0.0430754,0.3542
1065001,0,-1.27052,-38917.5,0.266504,0.3858
1070001,1,-4.67249,-38917.1,0.647699,0.4172
1075001,0,-1.61977,-38918.3,0.508626,0.3808
1080001,2,-1.05102,-38917.8,1.08829,0.3684
1085001,0,-2.79171,-38917.7,1.81024,0.3692
1090001,0,-2.34262,-38917.7,1.36857,0.4088
1095001,1,-2.08556,-38918.5,2.71971,0.3488
1100001,0,-2.38563,-38918,1.31741,0.3692
1105001,0,-2.20886,-38917.9,1.13214,0.3488
1110001,1,-0.828221,-38915.7,1.85805,0.3344
1115001,0,-1.1503,-38917.5,0.117246,0.3472
1120001,0,-1.83708,-38918.4,0.814416,0.36
1125001,0,-2.99124,-38918.5,2.05209,0.2904
1130001,1,-0.862618,-38914.5,0.486654,0.4176
1135001,3,-5.87868,-38907.6,2.77808,0.4552
1140001,1,1.57477,-38911.6,0.178351,0.5174
1145001,1,-4.65104,-38913.7,0.530901,0.4898
1150001,1,-2.52179,-38911.9,0.53286,0.5382
1155001,1,1.11718,-38918.3,1.16655,0.3314
1160001,0,-1.35056,-38917.6,0.323552,0.3322
1165001,0,-1.08558,-38917.6,0.015292,0.3474
1170001,0,-1.95027,-38917.6,0.908075,0.3642
1175001,1,0.0292356,-38918.3,1.09829,0.3848
1180001,0,-2.80314,-38918.6,1.79921,0.3404
1185001,0,-1.21287,-38918.2,0.28735,0.325
1190001,0,-1.22792,-38920.1,0.111159,0.3194
1195001,1,0.0894656,-38917.4,1.00092,0.3402
1200001,0,-1.77712,-38918.9,0.675072,0.3276
1205001,0,-2.48033,-38917.9,1.47002,0.3386
1210001,0,-1.13725,-38917.5,0.159705,0.4158
1215001,0,-3.09697,-38917.5,2.10593,0.3922
1220001,2,0.744913,-38918,1.82825,0.364
1225001,2,2.68405,-38914.4,1.78722,0.3306
1230001,0,-1.12588,-38917.6,0.0898283,0.4158
1235001,0,-1.17419,-38919,0.120777,0.336
1240001,0,-1.43748,-38920.5,0.360164,0.3866
1245001,1,-1.6812,-38918.6,0.939514,0.3168
1250001,1,1.23924,-38916.5,0.0095599,0.3748
1255001,0,-2.86706,-38920.3,1.95084,0.396
1260001,0,-2.02812,-38918,1.00781,0.3344
1265001,3,3.54756,-38911.7,0.387974,0.3008
1270001,1,-2.84318,-38920.4,3.17958,0.4396
1275001,1,-0.921105,-38918.5,0.262222,0.3036
1280001,1,-0.627394,-38917.7,1.70354,0.354
1285001,0,-1.10849,-38918.1,0.111351,0.3826
1290001,0,-1.10007,-38917.9,0.142485,0.3406
1295001,1,2.20255,-38920,0.220359,0.3566
1300001,0,-0.95909,-38917.9,0.0282362,0.2878
1305001,0,-1.42818,-38917.7,0.435286,0.3122
1310001,2,2.77254,-38918.3,0.0877051,0.408
1315001,0,-5.03093,-38917.8,4.08528,0.3652
1320001,0,-1.66869,-38917.6,0.691103,0.345
1325001,0,-1.05994,-38918.4,0.0371556,0.3118
1330001,2,1.91031,-38917.8,0.867724,0.3372
1335001,1,0.636678,-38918.7,0.387896,0.46
1340001,0,-3.67764,-38917.7,2.65705,0.4088
1345001,0,-1.66425,-38918.6,0.58692,0.3546
1350001,0,-2.22523,-38918.2,1.12423,0.3366
1355001,1,1.80193,-38915.3,0.22867,0.3562
1360001,1,-2.37833,-38916.8,2.74943,0.3488
1365001,1,1.20841,-38917.8,0.887028,0.2824
1370001,0,-1.41772,-38917.5,0.368132,0.3248
1375001,2,-7.86857,-38919.2,0.461499,0.3938
1380001,0,-2.65203,-38917.6,1.5736,0.3346
1385001,2,1.96432,-38918.2,0.203132,0.3608
1390001,1,0.195494,-38917.9,1.22613,0.2934
1395001,0,-1.41468,-38918.5,0.44371,0.3872
1400001,0,-1.46954,-38919.2,0.32286,0.4016
1405001,0,-1.97267,-38917.7,0.893227,0.2818
1410001,1,-0.939234,-38919.2,0.14698,0.326
1415001,0,-1.11636,-38917.5,0.0768324,0.348
1420001,0,-1.19163,-38919,0.0805353,0.405
1425001,0,-6.6604,-38918.4,5.55982,0.284
1430001,0,-1.2673,-38918.5,0.197453,0.3486
1435001,2,1.77133,-38912.6,1.71054,0.401
1440001,1,0.481166,-38918.2,1.7189,0.3476
1445001,1,-1.10049,-38916.6,0.527298,0.3308
1450001,0,-1.30835,-38918.8,0.272337,0.3798
1455001,0,-2.99891,-38917.5,2.00162,0.2808
1460001,0,-1.16416,-38918,0.216429,0.4224
1465001,0,-0.9986,-38917.6,0.00436785,0.4082
1470001,0,-1.56831,-38917.9,0.565323,0.3992
1475001,0,-0.957174,-38919.4,0.00218051,0.333
1480001,1,0.435597,-38917.9,2.07162,0.3322
1485001,0,-3.0135,-38917.7,1.9693,0.3416
1490001,0,-3.1724,-38917.9,2.2316,0.3876
1495001,0,-4.02538,-38917.6,2.99941,0.3302
1500001,1,1.45178,-38920,0.0305753,0.356
1505001,0,-1.13658,-38917.9,0.127783,0.3594
1510001,0,-2.02718,-38918.9,0.893654,0.3452
1515001,1,-6.72925,-38913.7,3.36232,0.3062
1520001,0,-2.85029,-38917.9,1.78108,0.3622
1525001,0,-2.4799,-38918.8,1.44865,0.3148
1530001,0,-5.75707,-38918.6,4.54567,0.3798
1535001,0,-1.11179,-38918.7,0.0832439,0.3592
1540001,0,-2.2509,-38917.7,1.14352,0.4316
1545001,0,-1.43344,-38919.5,0.240408,0.3412
1550001,0,-4.81153,-38917.6,3.66976,0.3498
1555001,1,1.11183,-38918.8,0.896771,0.3166
1560001,0,-2.6026,-38917.6,1.43743,0.3682
1565001,0,-2.77561,-38918.1,1.61159,0.355
1570001,1,-1.96562,-38918.2,2.83291,0.3402
1575001,1,-0.392838,-38918.8,0.56676,0.3126
1580001,0,-1.50512,-38918.2,0.33807,0.3522
1585001,0,-1.69014,-38918.8,0.513185,0.3918
1590001,2,0.183802,-38919.1,0.703827,0.296
1595001,1,-0.528839,-38917.9,2.83998,0.3854
1600001,0,-2.87326,-38918,1.61415,0.443
1605001,1,-1.37697,-38917.6,0.920323,0.322
1610001,0,-4.84766,-38919.6,3.77324,0.311
1615001,1,-1.268,-38918.7,2.72719,0.271
1620001,0,-3.98697,-38919.3,2.83084,0.4012
1625001,1,-0.776046,-38919.2,0.884024,0.3176
1630001,1,0.137366,-38917.2,1.65457,0.3268
1635001,0,-2.90545,-38918.6,1.69168,0.3748
1640001,0,-4.81926,-38919.4,3.75621,0.2938
1645001,0,-1.76483,-38917.7,0.583803,0.27
1650001,1,-1.03408,-38918.7,1.0705,0.378
1655001,2,-2.50893,-38919.8,2.7823,0.2706
1660001,0,-1.76657,-38918,0.585831,0.3202
1665001,1,-2.2077,-38917,0.60729,0.3996
1670001,0,-2.20675,-38919.6,1.01252,0.302
1675001,0,-1.6839,-38918.3,0.55467,0.3288
1680001,0,-1.59568,-38918.2,0.384385,0.3172
1685001,1,-2.14781,-38920.1,0.773866,0.2906
1690001,0,-1.83754,-38919.6,0.717173,0.3134
1695001,0,-1.38942,-38918.2,0.346481,0.3094
1700001,2,-0.21689,-38909.7,0.811968,0.2724
1705001,2,1.94942,-38912.5,1.51533,0.5044
1710001,1,-2.60542,-38910.8,3.31973,0.4696
1715001,1,-4.40574,-38914.2,2.80871,0.4372
1720001,0,-1.40077,-38918.1,0.174091,0.326
1725001,2,0.49476,-38914.4,1.16104,0.3508
1730001,2,0.768074,-38918.4,0.597437,0.3296
1735001,0,-1.45027,-38918,0.365321,0.2968
1740001,0,-1.49377,-38918.6,0.437012,0.3952
1745001,0,-1.45043,-38918.6,0.276689,0.3656
1750001,0,-2.54697,-38918.5,1.35625,0.2642
1755001,1,-0.601129,-38920.3,0.431914,0.3352
1760001,2,2.9877,-38915.9,0.340099,0.3342
1765001,0,-1.19711,-38919.2,0.0575046,0.3668
1770001,0,-2.69301,-38919.9,1.74014,0.337
1775001,0,-2.34893,-38920,1.15007,0.3356
1780001,0,-1.12414,-38918.1,0.0195576,0.4062
1785001,0,-2.32127,-38917.7,1.23413,0.4178
1790001,0,-2.18679,-38918.2,1.03968,0.2772
1795001,0,-2.22405,-38917.8,1.18587,0.3394
1800001,1,-0.212441,-38917.6,1.75586,0.3196
1805001,0,-1.8657,-38918.1,0.715594,0.3534
1810001,0,-3.47889,-38918.5,2.45697,0.3152
1815001,1,0.518336,-38922.4,0.786274,0.3634
1820001,0,-1.83841,-38917.7,0.707124,0.4434
1825001,0,-2.51667,-38918.2,1.34905,0.326
1830001,0,-1.14956,-38918.6,0.147218,0.3588
1835001,0,-1.3291,-38917.6,0.227013,0.3534
1840001,0,-1.36148,-38917.5,0.292912,0.4208
1845001,0,-1.11169,-38918.6,0.131453,0.3662
1850001,0,-1.57288,-38917.6,0.490623,0.2934
1855001,0,-1.43314,-38918.1,0.343016,0.3562
1860001,0,-1.40516,-38919.1,0.403516,0.4158
1865001,0,-1.51811,-38918.2,0.370426,0.3202
1870001,0,-1.93372,-38917.6,0.815334,0.3268
1875001,2,2.45046,-38916.8,0.0151907,0.3706
1880001,0,-1.44858,-38918.5,0.252975,0.3518
1885001,0,-1.66161,-38921.8,0.61732,0.3038
1890001,0,-2.06859,-38917.6,0.915812,0.4494
1895001,0,-1.25117,-38917.7,0.0695048,0.295
1900001,1,0.955482,-38919.6,0.223481,0.3992
1905001,0,-1.47434,-38917.5,0.381731,0.2804
1910001,0,-2.65855,-38918.5,1.48122,0.3234
1915001,0,-1.93345,-38917.9,0.796927,0.3228
1920001,2,-3.75386,-38916.3,1.91558,0.3522
1925001,0,-2.71312,-38919.3,1.70173,0.3482
1930001,1,1.56104,-38915.2,0.654929,0.4682
1935001,0,-1.08979,-38918.1,0.11122,0.3624
1940001,0,-2.8507,-38918.1,1.81202,0.3454
1945001,1,-2.82211,-38916.6,2.85466,0.3024
1950001,1,-0.380718,-38912.1,1.43716,0.3468
1955001,1,-8.20681,-38910.8,4.64094,0.5002
1960001,0,-1.79521,-38917.6,0.745347,0.4326
1965001,1,-0.589215,-38916,0.435088,0.293
1970001,0,-1.13271,-38918.2,0.120826,0.3392
1975001,1,0.119966,-38917.5,0.247983,0.2882
1980001,0,-4.95445,-38917.7,3.98494,0.3906
1985001,0,-2.47317,-38918.8,1.44306,0.2832
1990001,0,-3.81629,-38920.1,2.73831,0.3244
1995001,0,-2.33079,-38918,1.31055,0.3138
2000001,0,-1.2698,-38917.6,0.277055,0.3678
2005001,1,1.51208,-38920.8,0.568678,0.3384
2010001,0,-2.95209,-38918.5,2.03158,0.4162
2015001,0,-2.96032,-38917.6,1.95188,0.3356
2020001,1,1.4147,-38916.7,0.299628,0.4024
2025001,0,-1.29121,-38918.4,0.387183,0.4082
2030001,0,-1.38929,-38917.5,0.475475,0.4212
2035001,0,-1.35992,-38918.8,0.466221,0.37
2040001,0,-3.14574,-38918.5,2.17721,0.332
2045001,2,0.495379,-38919.6,2.45794,0.4368
2050001,0,-1.1064,-38918.4,0.25043,0.3902
2055001,0,-2.00622,-38917.6,1.09431,0.343
2060001,0,-3.97916,-38918,2.96459,0.27
2065001,2,4.56359,-38917.9,0.10704,0.3474
2070001,1,-0.76456,-38919,0.909614,0.318
2075001,1,1.84226,-38917.6,0.479907,0.3518
2080001,1,-0.281463,-38919,0.478116,0.4606
2085001,1,-2.96131,-38914.8,2.23524,0.4046
2090001,1,0.36894,-38915.5,1.37604,0.371
2095001,1,-1.25271,-38918,0.320275,0.3242
2100001,0,-1.62017,-38917.8,0.6327,0.3624
2105001,1,-1.60476,-38919.2,0.589608,0.3502
2110001,0,-2.54643,-38917.6,1.58046,0.3648
2115001,1,-1.43417,-38918.3,0.450911,0.3888
2120001,0,-1.19424,-38920.1,0.217555,0.3322
2125001,0,-1.06105,-38917.8,0.0636512,0.3704
2130001,2,3.6622,-38915,0.0164377,0.3812
2135001,0,-1.34471,-38917.6,0.471813,0.4332
2140001,0,-1.50413,-38918,0.58447,0.3696
2145001,0,-1.9436,-38918.3,0.96294,0.4042
2150001,2,4.52263,-38913.2,0.28696,0.45
2155001,0,-3.25464,-38918.1,2.33776,0.3716
2160001,3,2.62736,-38919.1,2.01448,0.347
2165001,1,-0.956428,-38919.5,0.730965,0.3908
2170001,0,-3.05449,-38918.6,2.08205,0.3656
2175001,1,0.0348217,-38920.1,1.79427,0.3866
2180001,0,-0.888493,-38919,0.000872949,0.4304
2185001,0,-3.0553,-38917.7,2.143,0.3038
2190001,0,-1.76229,-38920.5,0.734689,0.3848
2195001,1,-0.570261,-38917.3,1.06073,0.3398
2200001,1,0.641396,-38917,0.224856,0.3388
2205001,0,-1.00458,-38917.5,0.109539,0.3686
2210001,0,-1.5433,-38917.6,0.664668,0.3822
2215001,0,-1.92015,-38920.2,0.916038,0.343
2220001,0,-1.07811,-38917.6,0.170482,0.3906
2225001,0,-2.9551,-38917.9,1.95859,0.3432
2230001,0,-1.30103,-38917.5,0.340461,0.3606
2235001,1,2.38641,-38918.9,0.158437,0.3982
2240001,0,-1.07393,-38918.7,0.141205,0.4114
2245001,0,-1.49916,-38918.7,0.578846,0.406
2250001,2,-0.6423,-38916.7,1.22522,0.3776
2255001,1,0.448648,-38917.9,0.119961,0.3696
2260001,1,2.00691,-38917.8,0.359288,0.3348
2265001,0,-3.09898,-38917.7,2.05053,0.3012
2270001,0,-1.47894,-38918,0.448594,0.2968
2275001,0,-1.7118,-38917.7,0.654438,0.4052
2280001,0,-2.89186,-38917.8,1.88901,0.3242
2285001,1,-0.91283,-38913.1,0.560737,0.4322
2290001,0,-4.46286,-38917.5,3.50648,0.442
2295001,0,-2.49884,-38918,1.5226,0.396
2300001,1,-0.994231,-38911.3,0.0785912,0.485
2305001,1,1.04775,-38917.7,0.986042,0.5126
2310001,1,1.26189,-38917.4,0.236347,0.3922
2315001,0,-1.38151,-38917.6,0.355421,0.3964
2320001,1,-0.34427,-38918.3,0.884988,0.2802
2325001,0,-2.75882,-38918.1,1.70807,0.3148
2330001,1,-0.0699596,-38918.3,2.00149,0.3744
2335001,0,-1.18965,-38919.3,0.0760503,0.3192
2340001,1,1.46067,-38917,0.388191,0.409
2345001,0,-1.19102,-38918.7,0.167321,0.37
2350001,1,0.266187,-38919.8,1.35967,0.3058
2355001,0,-1.58599,-38917.9,0.441731,0.3166
2360001,0,-1.12843,-38917.6,0.0644049,0.282
2365001,0,-4.90475,-38918.8,3.73232,0.338
2370001,0,-1.9249,-38917.9,0.782975,0.4332
2375001,1,-4.02643,-38917,3.7617,0.3714
2380001,0,-1.40711,-38917.7,0.299281,0.3848
2385001,0,-1.51914,-38918.3,0.36111,0.3196
2390001,0,-1.93593,-38917.7,0.826458,0.364
2395001,2,2.7846,-38911.8,0.601161,0.3696
2400001,2,3.97521,-38917,0.294784,0.4716
2405001,0,-1.76911,-38917.6,0.726011,0.3816
2410001,0,-1.21942,-38917.6,0.151651,0.2908
2415001,1,0.358234,-38919.5,1.79462,0.3786
2420001,2,2.28256,-38918.5,0.159849,0.3826
2425001,0,-1.88056,-38919.4,0.69721,0.4242
2430001,0,-1.44446,-38917.8,0.376498,0.3188
2435001,0,-2.89221,-38919,1.82669,0.2874
2440001,1,1.9339,-38916.9,0.531257,0.383
2445001,0,-1.62143,-38918,0.43113,0.3388
2450001,0,-3.09375,-38917.7,1.95122,0.351
2455001,0,-3.90585,-38917.8,2.71622,0.328
2460001,2,0.452957,-38920,1.28833,0.3034
2465001,1,0.420843,-38921.3,0.499476,0.3242
2470001,0,-1.50229,-38917.7,0.355346,0.3224
2475001,0,-1.53988,-38918.5,0.422069,0.4132
2480001,0,-4.06781,-38917.7,2.91017,0.328
2485001,2,4.09437,-38916.8,0.206113,0.302
2490001,2,-0.519845,-38913.5,0.933359,0.3502
2495001,1,1.00329,-38918,0.465504,0.3544
2500001,0,-1.44167,-38918.9,0.292309,0.3874
2505001,0,-2.14253,-38918.4,1.09836,0.367
2510001,1,-0.991289,-38919.1,1.95575,0.3772
2515001,1,0.543274,-38916.6,0.379969,0.3958
2520001,0,-2.62635,-38920.5,1.56174,0.3426
2525001,0,-1.64102,-38917.6,0.549816,0.3318
2530001,0,-1.26856,-38917.7,0.19341,0.3252
2535001,0,-4.50223,-38919,3.4822,0.338
2540001,1,0.155825,-38914.5,0.778623,0.3246
2545001,1,1.47832,-38918.1,0.492555,0.3204
2550001,0,-1.2952,-38917.7,0.141255,0.3518
2555001,0,-1.19493,-38917.6,0.0906518,0.4108
2560001,1,0.745228,-38915.4,0.694324,0.4366
2565001,1,-0.355526,-38917.6,0.146157,0.3576
2570001,1,1.27005,-38920.2,0.124842,0.4138
2575001,0,-1.72813,-38918.6,0.648172,0.3342
2580001,1,0.531718,-38920.4,0.77718,0.3052
2585001,0,-2.05204,-38918.8,1.05175,0.4318
2590001,0,-1.19478,-38918.8,0.106246,0.3526
2595001,1,0.465575,-38918,1.36715,0.3752
2600001,0,-1.10233,-38917.7,0.0392014,0.3372
2605001,0,-1.66758,-38918.7,0.478948,0.283
2610001,0,-5.31055,-38917.6,4.18581,0.3334
2615001,1,1.76552,-38917.9,0.372322,0.3186
2620001,0,-2.53901,-38918.1,1.39587,0.3898
2625001,0,-1.47944,-38919.6,0.26825,0.306
2630001,0,-1.02085,-38918.2,0.0364013,0.3652
2635001,0,-1.52885,-38919.3,0.382532,0.3348
2640001,0,-1.8047,-38918.3,0.808149,0.3648
2645001,0,-5.18841,-38918.1,4.21393,0.3686
2650001,0,-2.88241,-38919.2,1.72098,0.3358
2655001,4,8.37794,-38914.8,0.518558,0.3452
2660001,0,-5.91984,-38917.6,4.80154,0.3666
2665001,1,0.00972998,-38920,0.924211,0.3618
2670001,0,-2.69437,-38918.4,1.6219,0.3028
2675001,0,-1.02653,-38918.1,0.00356544,0.3486
2680001,0,-2.75132,-38917.7,1.64627,0.3944
2685001,1,1.36166,-38917.6,0.663513,0.3262
2690001,0,-1.25132,-38918.8,0.0629523,0.3864
2695001,1,1.5858,-38919.4,0.178276,0.3524
2700001,0,-2.24304,-38917.8,1.25016,0.2952
2705001,1,0.614143,-38919,0.665314,0.3416
2710001,0,-1.2546,-38917.5,0.21399,0.34
2715001,0,-1.66683,-38918,0.683679,0.378
2720001,0,-1.77611,-38918.5,0.724079,0.364
2725001,0,-1.37518,-38917.5,0.388295,0.3004
2730001,0,-2.17768,-38918,1.23781,0.3784
2735001,1,-1.02416,-38917.5,2.9372,0.3454
2740001,0,-1.09826,-38918.5,0.06359,0.3002
2745001,0,-1.49785,-38917.8,0.547835,0.4406
2750001,0,-2.23939,-38917.6,1.27517,0.388
2755001,1,0.839055,-38921,0.873385,0.3968
2760001,0,-0.966829,-38917.6,0.0134895,0.4366
2765001,0,-1.28528,-38918.2,0.379363,0.3476
2770001,1,-1.38475,-38912.2,1.18404,0.3832
2775001,1,1.06969,-38914.4,0.588418,0.376
2780001,0,-1.05492,-38919.3,0.0214658,0.3972
2785001,0,-5.50728,-38918,4.62908,0.3654
