generation,leftchild,rightchild,abstime,lambdainit,lambdashift,muinit,mushift
1,1,2,0,0.032,0,0.005,0
5001,1,2,0,0.0515055,-2.98734e-05,0.000456946,0
10001,1,2,0,0.0520213,-2.98734e-05,0.00314556,0
10001,3,NA,180.289,0.0227464,-0.0531709,0.512744,0
10001,4138,9598,195.046,0.102067,0.017253,0.172409,0
15001,1,2,0,0.0525444,-2.98734e-05,0.00342514,0
15001,1477,NA,183.114,0.0152833,0.0873374,0.1833,0
20001,1,2,0,0.0496091,0.000141258,0.00185775,0
20001,3148,NA,193.895,0.0566568,0.0665581,0.282622,0
20001,4755,8024,190.744,0.446352,-0.00399781,0.0298621,0
20001,2260,NA,194.295,0.17901,0.0107987,0.015357,0
25001,1,2,0,0.0503905,0.000141258,0.00191232,0
30001,1,2,0,0.052056,0.000141258,0.00517699,0
35001,1,2,0,0.0496389,0.000141258,0.00109472,0
35001,742,8345,191.849,0.0574136,-0.00855552,0.258501,0
40001,1,2,0,0.0513083,0.000141258,0.00362501,0
40001,356,NA,187.376,0.0651319,0.057465,0.299614,0
45001,1,2,0,0.0499976,0.000141258,0.00111176,0
50001,1,2,0,0.0501466,0.000141258,0.00138221,0
55001,1,2,0,0.0508711,0.000128433,0.00403893,0
60001,1,2,0,0.050172,0.000128433,0.00210895,0
65001,1,2,0,0.0523455,0.000128433,0.00628037,0
70001,1,2,0,0.0499249,0.000128433,0.0024878,0
70001,127,NA,175.311,0.0777501,0.000540109,0.221719,0
75001,1,2,0,0.0489888,0.000101831,0.000879551,0
80001,1,2,0,0.0496724,0.000101831,0.00129304,0
80001,377,NA,176.793,0.0465742,0.0334155,0.0625799,0
80001,7593,8952,193.57,0.181707,0.149097,0.277779,0
85001,1,2,0,0.0504029,0.000101831,0.00193789,0
90001,1,2,0,0.0503749,0.000101831,0.00309764,0
90001,8,NA,154.351,0.19217,-0.0484079,0.145505,0
90001,87,6779,182.458,0.227502,-0.0267765,0.303337,0
95001,1,2,0,0.0494083,0.000101831,0.0010726,0
95001,516,7477,188.234,0.363685,-0.0468771,0.199446,0
100001,1,2,0,0.0485789,0.000315596,0.00104324,0
100001,277,NA,176.73,0.255187,-0.122533,0.352334,0
105001,1,2,0,0.0498038,0.000315596,0.00492854,0
105001,3535,6743,185.065,0.158695,0.109232,0.115142,0
110001,1,2,0,0.0480103,0.000315596,0.00217748,0
115001,1,2,0,0.04742,0.000315596,0.00161576,0
115001,6225,NA,192.077,0.252211,-0.0710751,0.131469,0
120001,1,2,0,0.050305,9.44484e-05,0.00163592,0
120001,1034,2755,169.65,0.10561,-0.00501607,0.0640727,0
125001,1,2,0,0.051022,9.44484e-05,0.00344627,0
125001,3,NA,81.7114,0.125976,-0.110357,0.0180547,0
130001,1,2,0,0.0500755,9.44484e-05,0.00264144,0
135001,1,2,0,0.050045,9.44484e-05,0.0013238,0
140001,1,2,0,0.0507239,9.44484e-05,0.00252262,0
145001,1,2,0,0.0495242,9.44484e-05,0.000615143,0
150001,1,2,0,0.0507283,9.44484e-05,0.00142485,0
155001,1,2,0,0.0501004,9.44484e-05,0.00170324,0
160001,1,2,0,0.0500868,9.44484e-05,0.0010543,0
165001,1,2,0,0.0490797,7.50787e-05,0.000420187,0
170001,1,2,0,0.0513766,6.66972e-05,0.0031905,0
175001,1,2,0,0.0490876,0.000143262,0.00142896,0
180001,1,2,0,0.0501533,0.000143262,0.00314912,0
180001,2276,7595,190.427,0.0205034,-0.121788,0.107826,0
180001,3814,NA,187.995,0.0701452,0.0428827,0.114113,0
185001,1,2,0,0.0490924,0.000143262,0.00146415,0
185001,287,NA,184.295,0.0155642,-0.0143549,0.173666,0
190001,1,2,0,0.0494003,0.000143262,0.00094241,0
195001,1,2,0,0.0504773,0.000143262,0.00372026,0
200001,1,2,0,0.0507692,0.000143262,0.00430648,0
205001,1,2,0,0.0492467,0.000143262,0.00149127,0
210001,1,2,0,0.0492834,0.000159197,0.00200117,0
215001,1,2,0,0.0498099,0.000159197,0.00367416,0
220001,1,2,0,0.0516274,4.92392e-05,0.00484496,0
225001,1,2,0,0.0472811,0.000214329,0.000492039,0
230001,1,2,0,0.0487688,0.000214329,0.00228469,0
235001,1,2,0,0.0483073,0.000214329,0.00131107,0
240001,1,2,0,0.0479001,0.000214329,0.000731602,0
240001,979,8773,164.268,0.294077,0.00891988,0.270472,0
245001,1,2,0,0.0472386,0.000348457,9.93133e-05,0
245001,3701,NA,192.629,0.132312,-0.073177,0.0300499,0
245001,1290,9807,186.382,0.152047,0.110811,0.369177,0
250001,1,2,0,0.0474453,0.000319087,0.00174974,0
255001,1,2,0,0.0481987,0.000319087,0.00239953,0
260001,1,2,0,0.0485304,0.000319087,0.00330745,0
265001,1,2,0,0.0487716,0.000330563,0.00391367,0
270001,1,2,0,0.0473454,0.000330563,0.00121533,0
270001,1964,NA,195.387,0.0557984,-0.122185,0.359392,0
270001,583,9274,180.663,0.121533,-0.0380954,0.0662154,0
275001,1,2,0,0.047444,0.000330563,0.00159036,0
275001,1379,1686,160.078,0.116588,-0.0264693,0.0081368,0
275001,11,NA,187.138,0.0432697,-0.0471558,0.815381,0
280001,1,2,0,0.0474386,0.000330563,0.000119173,0
280001,1966,NA,184.842,0.00910145,-0.0714656,0.0563021,0
285001,1,2,0,0.0480577,0.000388683,0.00214926,0
290001,1,2,0,0.04921,0.000226344,0.00177438,0
295001,1,2,0,0.0481408,0.000266169,0.00163574,0
300001,1,2,0,0.0485166,0.000266169,0.00228435,0
300001,253,7749,178.308,0.228697,-0.0294165,0.000521745,0
305001,1,2,0,0.0482405,0.000338116,0.00126811,0
310001,1,2,0,0.0472518,0.0003407,0.000209759,0
315001,1,2,0,0.0474185,0.0003407,0.00124511,0
320001,1,2,0,0.0467506,0.000404571,0.000505179,0
325001,1,2,0,0.0466654,0.000404571,0.000498441,0
325001,278,NA,192.645,0.410458,0.00433146,0.264867,0
325001,2965,NA,193.445,0.0648687,0.0378183,0.145616,0
325001,63,NA,190.732,0.0119235,-0.0586197,0.228985,0
330001,1,2,0,0.0461143,0.000404571,1.84471e-05,0
335001,1,2,0,0.0474809,0.000521432,0.00424605,0
340001,1,2,0,0.0465219,0.000521432,0.00207795,0
340001,67,8709,181.317,0.470347,-0.00187817,0.581321,0
345001,1,2,0,0.0456143,0.000521432,0.00023113,0
345001,2043,NA,194.258,0.0707977,0.00283547,0.028736,0
350001,1,2,0,0.0458275,0.000521432,0.00250521,0
350001,2248,NA,191.321,0.0332319,0.0891178,0.172811,0
355001,1,2,0,0.0469439,0.000411944,0.00190815,0
355001,3412,6622,187.219,0.13018,-0.00997972,0.182368,0
360001,1,2,0,0.0509378,3.55456e-05,0.00349634,0
360001,21,NA,183.314,0.0576998,0.0245511,0.50996,0
365001,1,2,0,0.0506099,3.55456e-05,0.0013944,0
365001,480,8018,190.598,0.0485077,0.0651616,0.165497,0
365001,3859,8476,186.481,0.108278,-0.0262243,0.00811663,0
370001,1,2,0,0.0497163,3.55456e-05,0.000665555,0
375001,1,2,0,0.0521727,3.55456e-05,0.00411241,0
375001,47,NA,162.037,0.188284,-0.0732624,0.218765,0
375001,3,NA,100.811,0.0509615,-0.0635275,0.0544342,0
380001,1,2,0,0.052863,-0.000146586,0.00384165,0
385001,1,2,0,0.0525987,-0.000135335,0.00275631,0
385001,165,5367,177.541,0.132602,0.00762896,0.0923027,0
390001,1,2,0,0.0525235,-0.000135335,0.00507621,0
395001,1,2,0,0.0521332,-0.000135335,0.003097,0
395001,1134,NA,188.755,0.168572,0.00956671,0.309505,0
400001,1,2,0,0.0511603,-0.000135335,5.01668e-05,0
405001,1,2,0,0.0511693,-9.83563e-05,0.000129111,0
410001,1,2,0,0.0526003,-9.83563e-05,0.00219258,0
415001,1,2,0,0.0531896,-0.000233151,0.00134927,0
415001,4776,NA,194.415,0.219424,0.0807251,0.445893,0
415001,494,NA,191.344,0.0255208,-0.0708624,0.0450849,0
420001,1,2,0,0.0532894,-0.000194966,0.0040903,0
420001,2044,9138,190.586,0.112219,0.0831415,0.574854,0
425001,1,2,0,0.0527155,-8.83184e-05,0.00171385,0
425001,919,NA,188.449,0.0142567,0.0802861,0.0858925,0
425001,1162,7447,186.494,0.168116,0.0133162,0.2138,0
430001,1,2,0,0.0509939,4.20047e-05,0.0019456,0
430001,39,9632,168.008,0.00883676,0.027638,0.174423,0
430001,5354,NA,188.656,0.118612,0.0169827,0.135308,0
430001,5344,9225,189.336,0.120649,-0.00291876,0.100727,0
430001,2686,6873,188.482,0.1956,0.0017236,0.108192,0
435001,1,2,0,0.0504262,4.20047e-05,0.00119559,0
440001,1,2,0,0.0525728,4.20047e-05,0.00442256,0
440001,81,NA,181.342,0.0125734,-0.143008,0.29842,0
445001,1,2,0,0.0506131,4.20047e-05,0.00184727,0
445001,922,NA,194.604,0.0253396,0.0714021,0.0177899,0
450001,1,2,0,0.0496362,0.000179401,0.00183653,0
455001,1,2,0,0.0499402,0.000143092,0.00301037,0
460001,1,2,0,0.051257,0.000143092,0.00410412,0
465001,1,2,0,0.0499523,0.00016332,0.00330346,0
470001,1,2,0,0.0494869,0.00016332,0.00184243,0
470001,828,2939,167.556,0.0597537,-0.0953398,0.0510809,0
475001,1,2,0,0.0499048,0.00016332,0.00201364,0
480001,1,2,0,0.0499391,0.00016332,0.00287127,0
485001,1,2,0,0.0492558,0.00016332,0.00181607,0
490001,1,2,0,0.0488736,0.00016332,0.00177074,0
490001,5382,NA,194.694,0.0240736,0.0179764,0.226329,0
495001,1,2,0,0.0517805,3.00794e-05,0.00330473,0
500001,1,2,0,0.0490332,0.000130065,6.01938e-05,0
505001,1,2,0,0.0485414,0.000130065,4.01954e-05,0
505001,2416,7537,186.723,0.0751682,-0.045888,0.238034,0
510001,1,2,0,0.0499143,0.000225533,0.00322574,0
515001,1,2,0,0.0472756,0.000384564,0.00298921,0
520001,1,2,0,0.0469098,0.000384564,0.000771194,0
525001,1,2,0,0.0470394,0.00036898,0.000671709,0
525001,3,NA,127.37,0.22715,-0.0593675,0.144677,0
530001,1,2,0,0.0474076,0.00036898,0.00166151,0
535001,1,2,0,0.0481474,0.00032915,0.00229485,0
540001,1,2,0,0.049539,0.00032915,0.00512175,0
540001,3,NA,149.508,0.0202147,-0.0357563,0.174403,0
540001,2305,NA,187.811,0.3055,-0.0413332,0.339083,0
545001,1,2,0,0.0467959,0.00032915,0.000391751,0
545001,3,NA,101.893,0.0823984,-0.0035382,0.0711567,0
550001,1,2,0,0.0472982,0.00032915,0.000247283,0
555001,1,2,0,0.0493112,0.000180705,0.000957758,0
560001,1,2,0,0.0488135,0.000263354,0.00211974,0
560001,4367,NA,193.582,0.0106511,0.0479462,0.144068,0
565001,1,2,0,0.0470622,0.000383661,0.000668984,0
570001,1,2,0,0.0459813,0.000565006,0.000434553,0
570001,1103,NA,186.113,0.0560024,0.0303585,0.302748,0
575001,1,2,0,0.0461582,0.000563921,0.00215075,0
580001,1,2,0,0.0455315,0.000563921,0.000852333,0
580001,6369,NA,188.778,0.0827611,0.0719863,0.0857119,0
580001,542,8137,191.373,0.6171,0.0377982,0.681237,0
585001,1,2,0,0.0466153,0.000563921,0.00240606,0
590001,1,2,0,0.0440532,0.000657789,0.00132533,0
590001,6418,9131,193.242,0.0924958,-0.073399,0.0130396,0
590001,172,5136,166.765,0.00740873,0.121546,0.12996,0
595001,1,2,0,0.0442635,0.000657789,0.000888519,0
600001,1,2,0,0.0447137,0.000657789,0.00134319,0
600001,1945,NA,193.776,0.32282,-0.0747161,0.41043,0
605001,1,2,0,0.0448803,0.000657789,0.000326844,0
605001,525,NA,183.721,0.133451,-0.0167241,0.353592,0
610001,1,2,0,0.0456893,0.000657789,0.00210825,0
615001,1,2,0,0.0446514,0.000657789,0.00198905,0
615001,3,NA,127.595,0.0790419,-0.0396234,0.0948862,0
620001,1,2,0,0.0452515,0.000657789,0.000345377,0
625001,1,2,0,0.0448651,0.000657789,0.00116182,0
630001,1,2,0,0.0460871,0.000539502,0.00136086,0
635001,1,2,0,0.0470397,0.000539502,0.0027086,0
640001,1,2,0,0.046445,0.000539502,0.00244656,0
640001,3408,7232,188.629,0.338823,-0.0872212,0.356892,0
645001,1,2,0,0.0468552,0.000539502,0.00218467,0
650001,1,2,0,0.0459018,0.000529783,0.00153764,0
655001,1,2,0,0.0484524,0.000529783,0.00448263,0
660001,1,2,0,0.0473493,0.000482022,0.00239238,0
660001,2059,6662,172.408,0.252777,-0.123174,0.0346709,0
660001,94,NA,149.76,0.000832502,-0.0470659,0.0185298,0
665001,1,2,0,0.0466138,0.000482022,0.00318227,0
665001,2936,NA,177.45,0.0200803,0.0639731,0.0058848,0
670001,1,2,0,0.045532,0.000482022,0.000772859,0
675001,1,2,0,0.0468244,0.000488707,0.00261532,0
675001,812,NA,185.188,0.020799,-0.0758631,0.0449486,0
680001,1,2,0,0.0473822,0.000502221,0.00419322,0
685001,1,2,0,0.0472755,0.000502221,0.00207502,0
690001,1,2,0,0.0459123,0.000502221,0.00132451,0
695001,1,2,0,0.0459467,0.000496648,0.000776413,0
695001,502,NA,188.296,0.0378436,0.0337286,0.156637,0
695001,6925,NA,195.582,0.408129,-0.00427814,0.516614,0
700001,1,2,0,0.0473282,0.000587307,0.00313756,0
700001,7063,9683,192.431,0.436472,-0.00208274,0.0902545,0
705001,1,2,0,0.0451111,0.000587307,0.00132985,0
705001,31,NA,181.175,0.00233541,0.0433218,0.0960701,0
710001,1,2,0,0.0456413,0.000587307,0.000850353,0
715001,1,2,0,0.0441757,0.000764764,0.000692038,0
715001,963,NA,193.221,0.0393093,-0.0282065,0.110345,0
720001,1,2,0,0.0444087,0.000764764,0.000349685,0
725001,1,2,0,0.044597,0.000685575,0.00205846,0
725001,7665,8956,192.358,0.129634,-0.0452187,0.0345232,0
730001,1,2,0,0.0454207,0.000697179,0.00314104,0
730001,3,NA,92.3378,0.00573398,-0.0514319,0.050547,0
735001,1,2,0,0.0452098,0.000697179,0.00258506,0
735001,81,NA,181.89,0.121492,-0.172442,0.145457,0
735001,1551,NA,186.107,0.0117776,-0.0618655,0.199229,0
740001,1,2,0,0.0439353,0.000768539,0.00030778,0
745001,1,2,0,0.0434483,0.00081026,0.000205821,0
750001,1,2,0,0.0435729,0.00081026,0.000136483,0
750001,2782,9563,182.159,0.140672,-0.104785,0.0456137,0
755001,1,2,0,0.0436294,0.00081026,0.0013337,0
755001,721,8130,185.877,0.163015,-0.0897667,0.351969,0
760001,1,2,0,0.0447554,0.00081026,0.00407348,0
765001,1,2,0,0.0450249,0.00081026,0.00351392,0
770001,1,2,0,0.0429805,0.00081026,0.000359714,0
775001,1,2,0,0.0441441,0.000850571,0.00160434,0
780001,1,2,0,0.0441348,0.000762901,0.000322571,0
785001,1,2,0,0.0445406,0.000762901,0.00133552,0
790001,1,2,0,0.0442674,0.000762901,0.00061125,0
795001,1,2,0,0.0440207,0.000762901,0.000682971,0
800001,1,2,0,0.0444726,0.000762901,0.00109275,0
805001,1,2,0,0.044071,0.000762901,0.00137757,0
810001,1,2,0,0.0424395,0.000762901,0.000395217,0
815001,1,2,0,0.0435371,0.000762901,0.00058196,0
820001,1,2,0,0.0431295,0.000762901,0.00039562,0
825001,1,2,0,0.0454661,0.000649317,0.00190873,0
825001,172,NA,186.963,0.183433,-0.0606657,0.0552785,0
825001,3141,NA,195.252,0.124619,-0.0700883,0.190097,0
830001,1,2,0,0.0460864,0.000649317,0.00209045,0
830001,981,9143,193.541,0.315059,-0.0246465,0.188579,0
835001,1,2,0,0.0448296,0.000653169,0.000735279,0
840001,1,2,0,0.0452626,0.000536452,0.000618633,0
840001,1988,4858,173.044,0.26755,-0.0316196,0.0953646,0
845001,1,2,0,0.0458749,0.00052313,0.00230571,0
850001,1,2,0,0.0460325,0.000503009,0.00145471,0
850001,4538,NA,194.137,0.0789526,0.0982055,0.0465153,0
855001,1,2,0,0.0456538,0.000503009,0.000449745,0
855001,732,NA,185.246,0.0222392,-0.0184049,0.121286,0
855001,6139,NA,193.996,0.557861,-0.00661043,0.315842,0
860001,1,2,0,0.0463605,0.000503009,0.000889978,0
865001,1,2,0,0.0456307,0.000503009,0.000840152,0
870001,1,2,0,0.0448426,0.000567187,2.98229e-05,0
870001,169,5409,181.21,0.569405,-0.133783,0.238981,0
875001,1,2,0,0.0459168,0.000567187,0.00198741,0
880001,1,2,0,0.0466236,0.000374467,0.00129483,0
880001,22,NA,189.744,0.0543936,-0.00137853,1.14028,0
885001,1,2,0,0.0481308,0.000374467,0.00217405,0
890001,1,2,0,0.0471402,0.000374467,0.00193012,0
890001,2684,8318,183.708,0.379506,-0.058737,0.154303,0
895001,1,2,0,0.0481216,0.000374467,0.00334791,0
900001,1,2,0,0.047197,0.000358616,0.00292037,0
900001,3,NA,116.738,0.00963338,-0.0797617,0.0241459,0
900001,132,NA,119.148,0.11295,-0.168211,0.0228155,0
905001,1,2,0,0.0480714,0.000358616,0.00114322,0
905001,3206,6203,186.077,0.0913193,0.0194965,0.149511,0
910001,1,2,0,0.0476398,0.000354343,0.000608358,0
915001,1,2,0,0.0481751,0.000189461,0.000602608,0
920001,1,2,0,0.0492595,0.000212425,0.00187163,0
920001,3961,NA,194.567,0.395242,-0.00162006,0.0644022,0
925001,1,2,0,0.0480016,0.000212425,0.000459335,0
930001,1,2,0,0.0496,0.000272794,0.00427189,0
935001,1,2,0,0.0504712,9.01046e-05,0.00310597,0
940001,1,2,0,0.0493193,9.01046e-05,0.000278751,0
945001,1,2,0,0.0489733,9.01046e-05,0.00119429,0
950001,1,2,0,0.0493694,9.01046e-05,0.0016715,0
950001,944,NA,186.049,0.127498,-0.0369258,0.21472,0
950001,132,NA,181.928,0.0575084,0.0457464,0.485812,0
955001,1,2,0,0.0505296,9.01046e-05,0.00160568,0
960001,1,2,0,0.0523644,-0.00012848,0.00206129,0
960001,1446,NA,195.661,0.467753,-0.0134823,0.406606,0
965001,1,2,0,0.0536871,-0.00012848,0.00516507,0
970001,1,2,0,0.0519816,6.39109e-05,0.0033822,0
975001,1,2,0,0.0496131,0.000108341,0.000714193,0
980001,1,2,0,0.0498488,0.000267968,0.00350197,0
980001,1679,4341,177.357,0.108001,-0.00218827,0.0661574,0
985001,1,2,0,0.0475969,0.000279282,0.000843514,0
990001,1,2,0,0.0478484,0.000279282,0.000568251,0
990001,2599,8849,192.314,0.149753,0.0568461,0.0224542,0
990001,6715,NA,195.26,0.248935,-0.0195169,0.698437,0
995001,1,2,0,0.048917,0.000279282,0.00180151,0
995001,2218,7658,178.944,0.0879957,0.0171244,0.0146061,0
995001,2771,NA,194.114,0.00597027,-0.0281314,0.00310064,0
1000001,1,2,0,0.0498313,0.00025623,0.00404901,0
1005001,1,2,0,0.0494435,0.000198425,0.00286083,0
1005001,3783,NA,191.799,0.0485614,0.120255,0.109406,0
1010001,1,2,0,0.0492853,0.000198425,0.00334688,0
1015001,1,2,0,0.0484878,0.000243744,0.000578014,0
1015001,319,NA,188.499,0.111361,-0.0863615,0.0580677,0
1020001,1,2,0,0.0498028,0.000149173,0.00235535,0
1025001,1,2,0,0.0505271,6.20013e-05,0.0031334,0
1025001,123,5362,174.548,0.154836,0.01825,0.198877,0
1030001,1,2,0,0.0508001,6.20013e-05,0.00255905,0
1035001,1,2,0,0.0501844,6.20013e-05,0.00127556,0
1035001,2035,NA,189.771,0.109405,-0.0216424,0.212111,0
1040001,1,2,0,0.0505456,-4.33955e-05,0.00112896,0
1045001,1,2,0,0.0521743,-0.000113356,0.00242553,0
1050001,1,2,0,0.0481162,0.000220391,0.00016919,0
1050001,3459,NA,193.244,0.0931318,-0.00220887,0.103648,0
1050001,1402,NA,178.236,0.0198169,0.0109673,0.0379948,0
1055001,1,2,0,0.0518682,0.000220391,0.00671093,0
1055001,1820,NA,192.871,0.253172,-0.029575,0.298506,0
1055001,8597,NA,193.445,0.11514,0.116256,0.195241,0
1060001,1,2,0,0.0488015,0.000220391,0.00273828,0
1065001,1,2,0,0.050719,3.9265e-05,0.00239729,0
1070001,1,2,0,0.0507187,-3.93537e-05,0.00149453,0
1070001,138,NA,195.539,0.000134243,-0.00711475,1.47868,0
1075001,1,2,0,0.0532594,-7.60805e-05,0.00449775,0
1080001,1,2,0,0.0515431,-7.60805e-05,0.00198113,0
1080001,3794,NA,195.354,0.8712,-0.0544598,0.145376,0
1080001,5154,8931,191.507,0.258125,0.036951,0.0597465,0
1085001,1,2,0,0.0504138,2.63823e-06,0.00172564,0
1090001,1,2,0,0.0503707,2.63823e-06,0.00144741,0
1095001,1,2,0,0.051204,-6.84314e-05,0.00112484,0
1095001,2213,NA,190.241,0.262557,-0.0930896,0.0477272,0
1100001,1,2,0,0.0521136,-6.84314e-05,0.00378379,0
1105001,1,2,0,0.0527058,-6.84314e-05,0.00355994,0
1110001,1,2,0,0.0513697,-5.85897e-05,0.00106833,0
1110001,536,9319,168.827,0.0784093,0.0703039,0.214268,0
1115001,1,2,0,0.0516563,-5.85897e-05,0.0027179,0
1120001,1,2,0,0.0523186,-0.000102149,0.00160537,0
1125001,1,2,0,0.0500744,-4.98857e-05,0.000232007,0
1130001,1,2,0,0.0519012,4.43094e-05,0.00400784,0
1130001,39,9632,170.751,0.257178,-0.0341573,0.392253,0
1135001,1,2,0,0.0508315,4.43094e-05,0.00344153,0
1135001,51,NA,164.001,0.057945,-0.194711,0.127656,0
1135001,2216,NA,195.932,0.888011,0.226362,0.0938139,0
1135001,3,NA,70.8604,0.00766469,-0.0663416,0.0112055,0
1140001,1,2,0,0.0519477,4.25698e-05,0.00338793,0
1140001,3,NA,128.333,0.0340493,-0.0756514,0.0730858,0
1145001,1,2,0,0.0520771,-3.8135e-05,0.00418338,0
1145001,3,NA,145.867,0.451624,-0.226558,0.0821912,0
1150001,1,2,0,0.0521155,-0.000114259,0.00212088,0
1150001,3,NA,122.942,0.735182,-0.0409513,0.262569,0
1155001,1,2,0,0.0526889,-0.000114259,0.0038236,0
1155001,4339,6612,187.431,0.0289424,0.0402572,0.0330178,0
1160001,1,2,0,0.0518384,-0.000114259,0.00227397,0
1165001,1,2,0,0.0527276,-0.000114259,0.00325962,0
1170001,1,2,0,0.052401,-0.000114259,0.00236903,0
1175001,1,2,0,0.0504534,2.84484e-05,0.000636238,0
1175001,149,NA,191.286,0.210382,0.00967668,0.157279,0
1180001,1,2,0,0.0494276,0.000215428,0.00368501,0
1185001,1,2,0,0.0481985,0.000215428,0.0015172,0
1190001,1,2,0,0.0519991,0.000102337,0.00600139,0
1195001,1,2,0,0.0517584,-4.70824e-05,0.00154578,0
1195001,6294,9256,193.607,0.267339,0.0661382,0.0183703,0
1200001,1,2,0,0.053201,-4.70824e-05,0.0041622,0
1205001,1,2,0,0.0504572,5.81304e-05,0.00293199,0
1210001,1,2,0,0.0503175,5.81304e-05,0.00165195,0
1215001,1,2,0,0.0503397,8.15931e-05,0.00221412,0
1220001,1,2,0,0.0517545,-3.541e-05,0.00220614,0
1220001,4126,8242,190.787,0.0784244,-0.100278,0.0917081,0
1220001,5949,NA,195.377,0.00262553,-0.0143246,0.50091,0
1225001,1,2,0,0.0521692,-0.000148375,0.00274991,0
1225001,2631,8675,192.858,0.323318,-0.00749793,0.0312345,0
1225001,42,NA,180.614,0.0291805,0.00365071,0.0619169,0
1230001,1,2,0,0.0522316,-0.000148375,0.0022725,0
1235001,1,2,0,0.0506707,0.000204475,0.00458537,0
1240001,1,2,0,0.0505856,0.000204475,0.00570593,0
1245001,1,2,0,0.0503904,0.000204475,0.00409904,0
1245001,1807,NA,195.899,0.0570429,0.192548,0.0166549,0
1250001,1,2,0,0.0502484,0.000204475,0.00414345,0
1250001,584,7593,184.065,0.241347,0.0600514,0.0187743,0
1255001,1,2,0,0.048461,8.33625e-05,0.000851934,0
1260001,1,2,0,0.0505307,0.000148118,0.00329141,0
1265001,1,2,0,0.0494874,0.000120983,0.00130783,0
1265001,72,7271,163.839,0.0811184,0.0396997,0.19848,0
1265001,330,7017,184.412,0.316852,-0.0159866,0.404092,0
1265001,2910,8325,192.743,0.207423,0.00364615,0.162553,0
1270001,1,2,0,0.0517238,0.000120983,0.00345005,0
1270001,3761,7661,190.573,0.0892911,-0.147216,0.0314528,0
1275001,1,2,0,0.0493399,0.000120983,0.000946082,0
1275001,4535,7888,187.002,0.305145,0.000553558,0.455187,0
1280001,1,2,0,0.0483845,0.000120983,9.2435e-05,0
1280001,551,NA,184.79,0.0523142,-0.122209,0.065904,0
1285001,1,2,0,0.0503402,0.00015153,0.00247798,0
1290001,1,2,0,0.0491023,0.00015153,0.00200239,0
1295001,1,2,0,0.0509416,0.00015153,0.00559499,0
1295001,2301,NA,190.677,0.0266458,0.0129219,0.0318496,0
1300001,1,2,0,0.0487678,0.00015153,0.00117908,0
1305001,1,2,0,0.049767,0.000162069,0.00286728,0
1310001,1,2,0,0.0483834,0.000179205,0.000478033,0
1310001,7168,NA,195.319,0.00389472,0.068075,0.517789,0
1310001,7364,NA,192.026,0.126649,-0.0679228,0.00732959,0
1315001,1,2,0,0.0493777,0.000179205,0.00121019,0
1320001,1,2,0,0.0494822,0.000179205,0.00248916,0
1325001,1,2,0,0.0505165,0.000179205,0.00341279,0
1330001,1,2,0,0.0504874,-4.78445e-05,0.000120386,0
1330001,1825,NA,180.6,0.0473737,-0.0913578,0.0308386,0
1330001,5010,NA,195.797,0.31783,-0.0431033,0.251062,0
1335001,1,2,0,0.0521565,-4.78445e-05,0.00407389,0
1335001,3322,NA,188.525,0.170505,0.0148688,0.191401,0
1340001,1,2,0,0.052021,-0.000162358,0.0018133,0
1345001,1,2,0,0.0525664,-0.000162358,0.00372582,0
1350001,1,2,0,0.0531191,-0.000162358,0.00419848,0
1355001,1,2,0,0.0523611,-0.000117969,0.00214013,0
1355001,1160,3074,171.205,0.0539644,0.0487011,0.0590303,0
1360001,1,2,0,0.0530104,-0.000117969,0.00346516,0
1360001,200,3687,175.187,0.221356,-0.0367106,0.260093,0
1365001,1,2,0,0.0525881,-0.000117969,0.00229913,0
1365001,1623,NA,185.846,0.0843086,-0.0163894,0.0514909,0
1370001,1,2,0,0.0523911,-0.000117969,0.00269952,0
1375001,1,2,0,0.0549825,-0.000138373,0.00523794,0
1375001,8279,NA,194.177,0.430802,-0.121565,0.0681831,0
1375001,191,NA,192.487,0.470834,0.130838,1.43535,0
1380001,1,2,0,0.052821,-0.000138373,0.0035188,0
1385001,1,2,0,0.0523483,-0.000193622,0.00094003,0
1385001,3937,NA,182.652,0.05528,-0.111725,0.0382923,0
1385001,4442,8610,190.091,0.111172,0.144767,0.132804,0
1390001,1,2,0,0.0541196,-0.000205294,0.00354377,0
1390001,780,NA,193.298,0.0462825,-0.101489,0.0366325,0
1395001,1,2,0,0.0513871,-0.000107205,0.000297763,0
1400001,1,2,0,0.0536268,-0.000130959,0.00566955,0
1405001,1,2,0,0.0530005,-0.000123629,0.00338345,0
1410001,1,2,0,0.0544873,-0.000110033,0.00651905,0
1410001,483,NA,194.314,0.0844827,-0.0435233,0.616216,0
1415001,1,2,0,0.0517822,-6.43726e-05,0.00287254,0
1420001,1,2,0,0.0534455,-6.43726e-05,0.00430916,0
1425001,1,2,0,0.0531158,-6.43726e-05,0.00418382,0
1430001,1,2,0,0.0514618,5.5585e-05,0.00450627,0
1435001,1,2,0,0.0520175,-5.53489e-05,0.00309051,0
1435001,422,NA,189.904,0.0592529,0.0278531,0.327656,0
1435001,40,NA,169.034,0.0139116,0.0383875,0.217997,0
1440001,1,2,0,0.0504376,-5.53489e-05,0.00103862,0
1440001,3002,NA,194.873,0.0360444,-0.00542473,0.0985579,0
1445001,1,2,0,0.0524894,-2.70542e-05,0.00336767,0
1445001,3049,9868,194.907,0.32371,0.0752135,0.285911,0
1450001,1,2,0,0.0511052,-2.70542e-05,0.00339714,0
1455001,1,2,0,0.0510474,-2.70542e-05,0.00177771,0
1460001,1,2,0,0.0495448,5.27627e-05,0.00113301,0
1465001,1,2,0,0.0507157,5.27627e-05,0.00197675,0
1470001,1,2,0,0.0503704,5.27627e-05,0.00270144,0
1475001,1,2,0,0.0500382,-6.10996e-05,0.000954428,0
1480001,1,2,0,0.0504946,-6.10996e-05,0.000952986,0
1480001,1033,NA,191.393,0.0247954,-0.00177824,0.0439045,0
1485001,1,2,0,0.0520918,-0.000123194,0.00276508,0
1490001,1,2,0,0.0499488,3.91839e-05,0.000429069,0
1495001,1,2,0,0.0511919,3.91839e-05,0.00287498,0
1500001,1,2,0,0.051809,3.91839e-05,0.00556809,0
1500001,112,NA,195.515,0.0466957,-0.0795926,0.0976,0
1505001,1,2,0,0.0508554,-1.90097e-05,0.00246804,0
1510001,1,2,0,0.0533177,-7.06441e-05,0.00540897,0
1515001,1,2,0,0.0541871,-0.000272355,0.00446721,0
1515001,86,9609,190.967,0.301233,0.0320437,0.98489,0
1520001,1,2,0,0.0541399,-0.000345667,0.00180075,0
1525001,1,2,0,0.0537157,-0.000361815,0.000580376,0
1530001,1,2,0,0.0566005,-0.000361815,0.00549949,0
1535001,1,2,0,0.0535551,-0.000361815,0.000623877,0
1540001,1,2,0,0.0548701,-0.000361815,0.00272418,0
1545001,1,2,0,0.0567058,-0.000361815,0.00459843,0
1550001,1,2,0,0.0552679,-0.000361815,0.00381622,0
1555001,1,2,0,0.0554608,-0.000487423,0.00288256,0
1555001,2056,NA,171.964,0.0188222,0.0322245,0.104311,0
1560001,1,2,0,0.0563675,-0.000487423,0.0037298,0
1565001,1,2,0,0.056046,-0.000487423,0.00400182,0
1570001,1,2,0,0.0570992,-0.000672737,0.00153111,0
1570001,925,NA,182.382,0.0364641,-0.129004,0.0447573,0
1575001,1,2,0,0.0592792,-0.000682679,0.004309,0
1575001,4976,NA,192.513,0.214063,-0.0108014,0.29723,0
1580001,1,2,0,0.057492,-0.000618884,0.00268681,0
1585001,1,2,0,0.0568947,-0.000618884,0.0037133,0
1590001,1,2,0,0.0611868,-0.000618884,0.00937583,0
1590001,81,NA,182.911,0.0999407,-0.00713014,0.179983,0
1590001,204,NA,185.691,0.294161,-0.125853,0.277878,0
1595001,1,2,0,0.0566116,-0.000618884,0.0027127,0
1595001,1171,NA,162.366,0.0117449,0.0362223,0.0359093,0
1600001,1,2,0,0.0587038,-0.000618884,0.0054632,0
1605001,1,2,0,0.0583375,-0.000590533,0.00487404,0
1605001,2069,NA,189.439,0.0366343,-0.138266,0.2628,0
1610001,1,2,0,0.0553964,-0.000590533,0.000769809,0
1615001,1,2,0,0.0588836,-0.000692263,0.00561035,0
1615001,4107,NA,192.44,0.01611,0.0819862,0.0904889,0
1620001,1,2,0,0.0570417,-0.000692263,0.00266432,0
1625001,1,2,0,0.0590274,-0.000692263,0.00532168,0
1625001,5117,6222,185.729,0.331598,-0.0970781,0.0185696,0
1630001,1,2,0,0.0569652,-0.000579236,0.00275095,0
1630001,491,NA,190.201,0.0306867,-0.0368351,0.126643,0
1635001,1,2,0,0.0575399,-0.000616876,0.00466294,0
1640001,1,2,0,0.0550133,-0.000546328,0.000660514,0
1645001,1,2,0,0.0571809,-0.000546328,0.00360361,0
1650001,1,2,0,0.0574102,-0.000617243,0.00383392,0
1650001,1143,NA,194.083,0.412365,0.0822602,0.0178222,0
1655001,1,2,0,0.0589052,-0.000617243,0.00636527,0
1655001,1957,NA,193.552,0.564236,0.00558576,0.493972,0
1655001,5449,NA,190.882,0.18392,-0.0258308,0.0494287,0
1660001,1,2,0,0.0572356,-0.000617243,0.00353656,0
1665001,1,2,0,0.0555625,-0.000465445,0.00235739,0
1665001,374,4179,173.497,0.324317,-0.178645,0.0133836,0
1670001,1,2,0,0.0571078,-0.000415475,0.0042488,0
1675001,1,2,0,0.0558068,-0.000415475,0.00273372,0
1680001,1,2,0,0.0565859,-0.000415475,0.00550973,0
1685001,1,2,0,0.0558432,-0.000415542,0.0016971,0
1685001,1998,4921,181.697,0.359574,-0.133578,0.190396,0
1690001,1,2,0,0.0554863,-0.000337621,0.00267035,0
1695001,1,2,0,0.0534205,-0.000337621,0.00138214,0
1700001,1,2,0,0.056409,-0.000418325,0.00439245,0
1700001,3,NA,159.416,0.193331,-0.10663,0.137665,0
1700001,3305,3888,175.351,0.373724,-0.128995,0.0359577,0
1705001,1,2,0,0.0576261,-0.000418325,0.00606598,0
1705001,2697,NA,182.54,0.0327965,-0.0273926,0.144291,0
1705001,3,NA,129.22,0.219074,-0.0209053,0.203026,0
1710001,1,2,0,0.0568445,-0.000482811,0.00447869,0
1710001,3,NA,160.879,0.0408246,-0.102858,0.171833,0
1715001,1,2,0,0.0562696,-0.000482811,0.00414534,0
1715001,221,6416,184.479,0.42081,-0.0843288,0.360973,0
1720001,1,2,0,0.0574813,-0.000482811,0.00528092,0
1725001,1,2,0,0.0575749,-0.000482811,0.00548329,0
1725001,1015,7328,171.605,0.149154,-0.00278684,0.163765,0
1725001,64,9748,186.215,0.209941,0.0184929,0.486755,0
1730001,1,2,0,0.0564517,-0.000492958,0.00332662,0
1730001,2330,NA,173.37,0.200619,-0.155123,0.0209954,0
1730001,7760,9423,193.421,0.0397799,-0.121978,0.115964,0
1735001,1,2,0,0.0546857,-0.000383083,0.0019366,0
1740001,1,2,0,0.0537255,-0.000383083,0.00167547,0
1745001,1,2,0,0.0554894,-0.000383083,0.00497919,0
1750001,1,2,0,0.0564225,-0.000364902,0.00478166,0
1755001,1,2,0,0.0573284,-0.000303642,0.00709381,0
1755001,7844,9652,195.572,0.131541,-0.082702,0.325951,0
1760001,1,2,0,0.0539344,-0.000303642,0.00337618,0
1760001,7667,9836,193.872,0.283331,0.0230587,0.0221694,0
1760001,1022,9144,193.295,0.300048,-0.0557664,0.00996035,0
1765001,1,2,0,0.0549188,-0.00021527,0.00407122,0
1770001,1,2,0,0.0505272,-0.000150849,0.000373593,0
1775001,1,2,0,0.0550874,-0.000150849,0.00646915,0
1780001,1,2,0,0.0534873,-0.000220822,0.00398541,0
1785001,1,2,0,0.0537836,-0.000287736,0.00293371,0
1790001,1,2,0,0.054405,-0.000227496,0.00491002,0
1795001,1,2,0,0.0527013,-0.000227496,0.00189505,0
1800001,1,2,0,0.0537866,-0.000268298,0.00342266,0
1800001,689,7987,191.925,0.225339,-0.000355867,0.0233654,0
1805001,1,2,0,0.0550664,-0.000268298,0.00437847,0
1810001,1,2,0,0.053075,-0.000268298,0.000816556,0
1815001,1,2,0,0.0541013,-0.000268298,0.000903022,0
1815001,1743,NA,184.78,0.175883,0.0467849,0.0952186,0
1820001,1,2,0,0.0544392,-0.000268298,0.00419037,0
1825001,1,2,0,0.0552341,-0.000268298,0.00496958,0
1830001,1,2,0,0.0525761,-0.000268298,0.000467733,0
1835001,1,2,0,0.0536164,-0.000207511,0.00374831,0
1840001,1,2,0,0.0532908,-0.00021304,0.00262177,0
1845001,1,2,0,0.0517807,-0.00021304,0.000305611,0
1850001,1,2,0,0.0531754,-0.000156603,0.00333037,0
1855001,1,2,0,0.0536998,-0.000300936,0.00314659,0
1860001,1,2,0,0.0523724,-0.000300936,0.000641204,0
1865001,1,2,0,0.0549037,-0.000241253,0.00443625,0
1870001,1,2,0,0.0541669,-0.000241253,0.00390375,0
1875001,1,2,0,0.0555469,-0.000374857,0.0050405,0
1875001,3903,7865,191.515,0.337232,-0.11982,0.0426295,0
1875001,2422,7390,187.207,0.0634543,0.0290316,0.129451,0
1880001,1,2,0,0.0559389,-0.000304731,0.00547691,0
1885001,1,2,0,0.0547204,-0.000383577,0.000140422,0
1890001,1,2,0,0.0557637,-0.000431552,0.00379685,0
1895001,1,2,0,0.0563274,-0.000431552,0.00448479,0
1900001,1,2,0,0.0552807,-0.000431552,0.000979804,0
1900001,822,9000,190.25,0.244764,-0.0506704,0.0402911,0
1905001,1,2,0,0.0537055,-0.00024558,0.00324852,0
1910001,1,2,0,0.0551164,-0.00024558,0.00550759,0
1915001,1,2,0,0.05462,-0.00024558,0.00423643,0
1920001,1,2,0,0.0518919,-0.000119621,0.0016506,0
1920001,4013,NA,193.972,0.242531,0.0735076,0.742584,0
1920001,1845,9610,193.342,0.29934,0.060474,0.368947,0
1925001,1,2,0,0.0511551,-0.000119621,0.00228051,0
1930001,1,2,0,0.0513546,-0.00010624,0.00055555,0
1930001,6,4408,131.072,0.0311165,-0.00725532,0.0974434,0
1935001,1,2,0,0.0513742,-0.00010624,0.000639905,0
1940001,1,2,0,0.0519338,-1.15614e-05,0.00268401,0
1945001,1,2,0,0.0520568,-1.15614e-05,0.00417238,0
1945001,1424,9754,192.036,0.215498,-0.0391546,0.337096,0
1950001,1,2,0,0.050943,-1.15614e-05,0.0026196,0
1950001,3,NA,178.884,0.014228,0.0494873,0.313039,0
1955001,1,2,0,0.0504355,-1.15614e-05,0.00105156,0
1955001,3,NA,165.942,0.210902,-0.225851,0.232617,0
1960001,1,2,0,0.0517384,-1.15614e-05,0.00336394,0
1965001,1,2,0,0.0530659,-1.15614e-05,0.00448585,0
1965001,151,9704,188.166,0.0923778,0.0788152,0.407773,0
1970001,1,2,0,0.0507611,-1.15614e-05,0.00269592,0
1975001,1,2,0,0.0508465,-1.15614e-05,0.00171662,0
1975001,2569,6834,188.551,0.0587471,-0.146139,0.0740376,0
1980001,1,2,0,0.050507,-9.80693e-06,0.00111424,0
1985001,1,2,0,0.0509047,-9.80693e-06,0.00334197,0
1990001,1,2,0,0.0515328,-9.80693e-06,0.00478762,0
1995001,1,2,0,0.0514952,1.39288e-05,0.0023241,0
2000001,1,2,0,0.0511432,-2.87714e-05,0.00148464,0
2005001,1,2,0,0.051468,0.000101692,0.00280154,0
2005001,6,4408,130.444,0.0946939,0.00768816,0.0512345,0
2010001,1,2,0,0.0494969,0.000101692,1.86664e-06,0
2015001,1,2,0,0.0504793,0.000112071,0.00282854,0
2020001,1,2,0,0.0478732,0.000260634,0.00102267,0
2020001,326,NA,190.882,0.0345656,-0.00728133,0.217713,0
2025001,1,2,0,0.0475999,0.000260634,0.00118459,0
2030001,1,2,0,0.0482454,0.000260634,0.000963273,0
2035001,1,2,0,0.048263,0.000280237,7.43934e-05,0
2040001,1,2,0,0.0482242,0.000407291,0.00335489,0
2045001,1,2,0,0.0470373,0.000407291,0.000379988,0
2045001,2481,NA,195.997,0.040798,0.0378746,0.245393,0
2045001,2117,7072,181.141,0.0828974,-0.114228,0.177121,0
2050001,1,2,0,0.0462598,0.00038306,0.000443034,0
2055001,1,2,0,0.0474691,0.00038306,0.00165703,0
2060001,1,2,0,0.0500815,0.000194301,0.00349185,0
2065001,1,2,0,0.0499111,0.000160763,0.00125482,0
2065001,72,1294,119.571,0.150031,0.00034053,0.15271,0
2065001,693,NA,184.877,0.0134228,-0.000817625,0.106339,0
2070001,1,2,0,0.0501764,8.07964e-05,0.00334011,0
2070001,6949,NA,195.056,0.0598038,0.0513682,0.4616,0
2075001,1,2,0,0.04892,0.000182063,0.00135326,0
2075001,1548,NA,167.853,0.0482979,0.012823,0.0633828,0
2080001,1,2,0,0.0483131,0.000182063,0.00155691,0
2080001,6011,9459,194.88,0.0702242,-0.0723301,0.410429,0
2085001,1,2,0,0.0485734,0.000182063,0.00125884,0
2085001,1168,2231,165.711,0.473736,-0.106826,0.0930191,0
2090001,1,2,0,0.0489335,0.000182063,0.00148294,0
2090001,46,5275,171.959,0.0562299,0.0253146,0.170968,0
2095001,1,2,0,0.0491749,0.000128152,0.000639137,0
2095001,988,5619,181.403,0.263132,-0.125689,0.26755,0
2100001,1,2,0,0.0497696,0.000128152,0.00262966,0
2105001,1,2,0,0.0495296,0.000121285,0.000749906,0
2105001,385,NA,182.536,0.177978,-0.0038189,0.65929,0
2110001,1,2,0,0.0495736,0.000121285,0.00189444,0
2115001,1,2,0,0.0490066,0.000239303,0.00209318,0
2115001,6954,NA,193.824,0.321383,0.136691,0.160656,0
2120001,1,2,0,0.048818,0.000182102,0.00311412,0
2125001,1,2,0,0.0498399,0.000200817,0.00298985,0
2130001,1,2,0,0.0467416,0.00043324,0.000738245,0
2130001,1153,NA,186.87,0.125164,-0.0349231,0.0265256,0
2130001,40,NA,185.047,0.0654661,-0.0862011,0.27917,0
2135001,1,2,0,0.0467096,0.00043324,0.000726735,0
2140001,1,2,0,0.047121,0.00043324,0.00234072,0
2145001,1,2,0,0.0488662,0.000335911,0.00323809,0
2150001,1,2,0,0.0469255,0.000335911,0.000604242,0
2150001,2178,NA,189.454,0.0356976,-0.0708933,0.0623289,0
2150001,2106,6500,184.831,0.203943,-0.0239464,0.0053954,0
2155001,1,2,0,0.0470343,0.000426738,0.00230692,0
2160001,1,2,0,0.0471096,0.000426738,0.00228054,0
2160001,7136,NA,195.567,0.316273,-0.0801814,0.0814869,0
2160001,1572,9763,186.642,0.353096,0.00826655,0.00851475,0
2160001,3940,NA,195.039,0.109285,-0.098601,0.090875,0
2165001,1,2,0,0.0476928,0.000426738,0.00224245,0
2165001,4343,NA,191.554,0.0298377,0.0018601,0.638311,0
2170001,1,2,0,0.0485406,0.000390484,0.00320793,0
2175001,1,2,0,0.0468812,0.000390484,0.00180078,0
2175001,1751,NA,179.097,0.169541,0.0134832,0.0565738,0
2180001,1,2,0,0.0476203,0.000390484,0.000453627,0
2185001,1,2,0,0.047561,0.000393807,0.00158202,0
2190001,1,2,0,0.0492316,0.000411332,0.00490643,0
2195001,1,2,0,0.0481248,0.000411332,0.00351782,0
2195001,198,5626,175.939,0.289439,-0.0422258,0.182293,0
2200001,1,2,0,0.0495428,0.000273612,0.0034735,0
2200001,80,NA,188.591,0.136382,-0.0187203,0.273501,0
2205001,1,2,0,0.0472892,0.000360025,0.00110644,0
2210001,1,2,0,0.0472307,0.000360025,0.000453734,0
2215001,1,2,0,0.0484837,0.000360025,0.00463673,0
2220001,1,2,0,0.0478827,0.000319913,0.00105812,0
2225001,1,2,0,0.0496571,0.000212302,0.00313409,0
2230001,1,2,0,0.0491435,0.000212302,0.00209049,0
2235001,1,2,0,0.0494005,0.000212302,0.00389984,0
2235001,2199,NA,193.713,0.00380392,-0.0431702,0.0131803,0
2240001,1,2,0,0.049224,0.000212302,0.000803782,0
2245001,1,2,0,0.0486711,0.000107151,0.000819061,0
2250001,1,2,0,0.0496744,0.000107151,0.00123458,0
2250001,3377,5278,183.813,0.149851,-0.0652409,0.000282338,0
2250001,486,NA,184.192,0.497902,0.0202431,0.575125,0
2255001,1,2,0,0.0517522,-0.000113521,0.00202019,0
2255001,6060,8406,191.918,0.369111,0.0133826,0.104621,0
2260001,1,2,0,0.0528682,-0.000263367,0.00162704,0
2260001,1889,NA,189.65,0.0421201,-0.0050469,0.0414754,0
2265001,1,2,0,0.0531242,-0.000263367,0.00191706,0
2270001,1,2,0,0.0526585,-0.000246384,0.00159847,0
2275001,1,2,0,0.0528708,-0.000145676,0.00255662,0
2280001,1,2,0,0.0517463,-0.000145676,0.00131918,0
2285001,1,2,0,0.0506739,8.86494e-05,0.0036617,0
2285001,8,NA,158.26,0.244762,-0.102215,0.236249,0
2290001,1,2,0,0.0497696,8.86494e-05,0.00128304,0
2295001,1,2,0,0.0497027,8.86494e-05,0.00221026,0
2300001,1,2,0,0.0514722,8.86494e-05,0.00398479,0
2300001,3,NA,79.2794,0.561985,-0.0896889,0.0797998,0
2305001,1,2,0,0.05104,8.86494e-05,0.0034389,0
2305001,1803,NA,194.838,0.00803217,0.0099447,0.146289,0
2310001,1,2,0,0.0529817,-8.73757e-05,0.00354469,0
2310001,3132,7513,189.512,0.13311,0.0768923,0.0197899,0
2315001,1,2,0,0.0519826,-8.73757e-05,0.00209004,0
2320001,1,2,0,0.0533724,-0.000273165,0.00388688,0
2320001,107,NA,184.446,0.0807118,0.0924572,0.227321,0
2325001,1,2,0,0.053576,-0.000273165,0.00156498,0
2330001,1,2,0,0.0543098,-0.000254479,0.00299803,0
2330001,2774,8676,177.775,0.0994577,-0.0502751,0.0180901,0
2335001,1,2,0,0.0548228,-0.000254479,0.00304044,0
2340001,1,2,0,0.0526747,-0.000254479,0.00170604,0
2340001,722,NA,189.283,0.0128154,-0.00015526,0.183875,0
2345001,1,2,0,0.0531514,-0.000254479,0.000817384,0
2350001,1,2,0,0.0531847,-0.000254479,0.00123387,0
2350001,3588,5973,181.306,0.182909,-0.00227404,0.061801,0
2355001,1,2,0,0.0546636,-0.000281428,0.00452806,0
2360001,1,2,0,0.0533546,-0.000244485,0.00236144,0
2365001,1,2,0,0.0553911,-0.000244485,0.00502084,0
2370001,1,2,0,0.0544966,-0.000244485,0.00459401,0
2375001,1,2,0,0.0521104,-0.000244485,1.69588e-05,0
2375001,341,NA,192.138,0.0369234,-0.011395,0.62644,0
2380001,1,2,0,0.0542187,-0.0002416,0.0033948,0
2385001,1,2,0,0.0546111,-0.000214651,0.00517707,0
2390001,1,2,0,0.0537548,-0.000214651,0.00392968,0
2395001,1,2,0,0.0523829,-0.000214651,0.00024555,0
2395001,2958,9011,191.071,0.352966,0.0707864,0.174706,0
2395001,252,727,138.626,0.0607404,0.00103785,0.0126896,0
2400001,1,2,0,0.0517532,-0.000214651,0.000234919,0
2400001,2658,8975,193.289,0.141624,0.0347213,0.104204,0
2400001,691,NA,175.715,0.0556677,-0.0460608,0.142345,0
2405001,1,2,0,0.0527691,-0.000214651,0.00204032,0
2410001,1,2,0,0.0533935,-0.000214651,0.00248454,0
2415001,1,2,0,0.0524701,-0.000214651,0.00265513,0
2415001,1392,4594,168.191,0.0681941,-0.0418964,0.0265689,0
2420001,1,2,0,0.0525899,-0.000214651,0.0014125,0
2420001,4913,9545,185.638,0.0850595,0.00819154,0.119211,0
2420001,4284,NA,187.031,0.00952281,0.169292,0.147524,0
2425001,1,2,0,0.0554472,-0.000214651,0.005438,0
2430001,1,2,0,0.0536356,-0.000246835,0.00225105,0
2435001,1,2,0,0.0527821,-0.000246835,0.00299875,0
2440001,1,2,0,0.0533894,-0.000246835,0.00342072,0
2440001,919,NA,149.34,0.017526,-0.022642,0.0240784,0
2445001,1,2,0,0.0566112,-0.000421215,0.00457479,0
2450001,1,2,0,0.0554986,-0.000421215,0.0036181,0
2455001,1,2,0,0.0564603,-0.000421215,0.0046966,0
2460001,1,2,0,0.0571346,-0.000433256,0.00538986,0
2460001,202,7812,182.676,0.61333,-0.0794461,0.143675,0
2460001,3838,9375,177.133,0.0304813,-0.0572485,0.0359336,0
2465001,1,2,0,0.0547146,-0.000433256,0.00388376,0
2465001,4069,NA,191.713,0.296903,0.0303314,0.0628589,0
2470001,1,2,0,0.055611,-0.000433256,0.00369711,0
2475001,1,2,0,0.0557592,-0.000433256,0.00228656,0
2480001,1,2,0,0.0561023,-0.000433256,0.00366908,0
2485001,1,2,0,0.0548882,-0.000433256,0.00309973,0
2485001,177,5083,181.153,0.192702,0.0191814,0.230564,0
2485001,3078,5934,178.846,0.0293336,0.00230384,0.00910035,0
2490001,1,2,0,0.055199,-0.000264606,0.00479832,0
2490001,544,NA,193.609,0.055317,-0.0880365,0.111984,0
2490001,584,7593,182.65,0.0687972,0.176491,0.347148,0
2495001,1,2,0,0.0543747,-0.000400543,0.00214332,0
2495001,6429,NA,195.92,0.194542,-0.0437856,0.0384386,0
2500001,1,2,0,0.0550586,-0.000400543,0.00435421,0
2505001,1,2,0,0.05372,-0.000318092,0.00113581,0
2510001,1,2,0,0.0560473,-0.000318092,0.00438567,0
2510001,4065,NA,195.944,0.0383752,0.109666,0.0978769,0
2515001,1,2,0,0.0562917,-0.000318092,0.00524055,0
2515001,1631,4088,175.676,0.237815,-0.0729073,0.025604,0
2520001,1,2,0,0.0529696,-0.000318092,0.00277158,0
2525001,1,2,0,0.0541054,-0.000314442,0.00278768,0
2530001,1,2,0,0.053927,-0.000314442,0.00227091,0
2535001,1,2,0,0.0526749,-0.000314442,0.00113537,0
2540001,1,2,0,0.0530301,-0.000314442,0.00200359,0
2540001,2,NA,183.061,0.00503787,-0.0720988,0.290608,0
2545001,1,2,0,0.0526062,-0.000332093,0.000845706,0
2545001,373,3357,169.772,0.144724,-0.00511246,0.0297021,0
2550001,1,2,0,0.0552187,-0.000332093,0.00439237,0
2555001,1,2,0,0.0544073,-0.000332093,0.00305239,0
2560001,1,2,0,0.0557047,-0.000373384,0.00398315,0
2560001,54,NA,180.7,0.0726132,-0.0237747,0.175777,0
2565001,1,2,0,0.0561785,-0.000481137,0.00356289,0
2565001,1875,NA,195.398,0.177554,-0.00508674,0.437666,0
2570001,1,2,0,0.05738,-0.000481137,0.00368658,0
2570001,5559,NA,187.31,0.0250498,0.059341,0.171619,0
2575001,1,2,0,0.0547878,-0.000481137,0.00161853,0
2580001,1,2,0,0.055409,-0.00027339,0.00555911,0
2580001,3378,6506,184.231,0.163697,0.0542671,0.0627166,0
2585001,1,2,0,0.052262,-0.00027339,0.000692913,0
2590001,1,2,0,0.0544514,-0.00027339,0.00232627,0
2595001,1,2,0,0.0533622,-0.00028897,0.00145826,0
2595001,3753,NA,183.991,0.0336953,-0.0696096,0.0749553,0
2600001,1,2,0,0.0534427,-0.00028897,0.00223438,0
2605001,1,2,0,0.0558483,-0.00028897,0.00526528,0
2610001,1,2,0,0.054435,-0.000262893,0.00391104,0
2615001,1,2,0,0.0539972,-0.00024463,0.00287831,0
2615001,5703,NA,192.232,0.0946949,0.0152906,0.0226193,0
2620001,1,2,0,0.0548138,-0.00024463,0.00432965,0
2625001,1,2,0,0.0559636,-0.00024463,0.00612762,0
2630001,1,2,0,0.0516651,-0.000133817,0.000603424,0
2635001,1,2,0,0.0542166,-0.000108649,0.00506422,0
2640001,1,2,0,0.0512535,-0.000125956,0.0015394,0
2645001,1,2,0,0.0512268,-0.000125956,0.000609879,0
2650001,1,2,0,0.0540292,-0.000120567,0.00590615,0
2655001,1,2,0,0.0522003,-0.000120567,0.00256353,0
2655001,2393,4613,180.418,0.0456816,0.0316994,0.0297315,0
2655001,1065,6755,174.573,0.0372163,0.0873766,0.0710027,0
2655001,4525,6624,187.727,0.2929,-0.100671,0.104569,0
2655001,1179,4502,170.921,0.132544,-0.00584544,0.070679,0
2660001,1,2,0,0.0546583,-0.000297709,0.00340909,0
2665001,1,2,0,0.0550552,-0.000297709,0.00374482,0
2665001,824,4364,177.571,0.308224,-0.0129667,0.0614416,0
2670001,1,2,0,0.054211,-0.000297709,0.0018706,0
2675001,1,2,0,0.0527814,-0.00026221,0.00115554,0
2680001,1,2,0,0.0538894,-0.00026221,0.00360338,0
2685001,1,2,0,0.0539657,-0.00026221,0.00363973,0
2685001,2876,NA,185.832,0.0245162,-0.0122221,0.11511,0
2690001,1,2,0,0.0552389,-0.00026221,0.0058634,0
2695001,1,2,0,0.0534436,-0.00026221,0.00250179,0
2695001,357,4073,173.886,0.0382673,0.0155367,0.164516,0
2700001,1,2,0,0.0515102,-0.000101,0.00112364,0
2705001,1,2,0,0.0534347,-0.000101,0.00318652,0
2705001,1688,NA,188.389,0.0944237,-0.011034,0.212153,0
2710001,1,2,0,0.0520664,-0.000101,0.00263499,0
2715001,1,2,0,0.0503199,3.54923e-06,0.0018924,0
2720001,1,2,0,0.0512448,1.40318e-05,0.00395123,0
2725001,1,2,0,0.0505781,1.40318e-05,0.00179594,0
2730001,1,2,0,0.0498521,1.40318e-05,0.000485532,0
2735001,1,2,0,0.0488669,0.000178362,0.00174251,0
2735001,4212,7665,189.503,0.0995013,-0.0185204,0.0958237,0
2740001,1,2,0,0.0502699,0.000178362,0.00417434,0
2745001,1,2,0,0.0489009,0.000178362,0.00187584,0
2750001,1,2,0,0.0491115,0.000226298,0.00228103,0
2755001,1,2,0,0.0469834,0.000226298,0.000821565,0
2755001,418,1934,159.424,0.144811,-0.0043246,0.113963,0
2760001,1,2,0,0.0486501,0.00028314,0.00227079,0
2765001,1,2,0,0.0475464,0.00028314,0.00131994,0
2770001,1,2,0,0.0486271,0.00028314,0.00173213,0
2770001,1114,2290,166.031,0.438137,-0.0436861,0.187409,0
2775001,1,2,0,0.0477097,0.000267365,6.1365e-05,0
2775001,2686,5636,179.08,0.251124,-0.010584,0.0178683,0
2780001,1,2,0,0.0496875,0.000267365,0.00470403,0
2785001,1,2,0,0.0473658,0.000267365,0.000299975,0
