generation,N_shifts,logPrior,logLik,eventRate,acceptRate
1,0,-620.341,-305478,1,0
5001,37,-390.358,-19816.7,1.36308,0.3948
10001,52,-124.895,-14548.1,3.02149,0.3714
15001,63,44.7323,-12154,2.11204,0.3542
20001,65,65.4929,-11309.9,3.40802,0.3236
25001,67,101.041,-10633,1.23534,0.3202
30001,72,193.874,-10095.3,0.219369,0.3058
35001,72,201.268,-9752.78,0.0161864,0.3082
40001,73,215.755,-9384.39,2.09576,0.326
45001,74,223.57,-9034.83,0.764203,0.3076
50001,74,239.542,-8940.04,0.321227,0.3206
55001,70,174.261,-8866.89,2.56011,0.3232
60001,70,173.036,-8832.26,2.39962,0.311
65001,66,107.188,-8679.25,0.381125,0.3128
70001,67,125.407,-8601.37,2.76992,0.3068
75001,66,106.012,-8536.2,1.37134,0.299
80001,66,113.09,-8483.47,1.58351,0.304
85001,67,137.683,-8428.16,0.418527,0.3038
90001,66,117.957,-8325.3,2.15886,0.308
95001,66,121.319,-8284.77,1.1308,0.316
100001,65,104.161,-8134.02,1.2799,0.3142
105001,64,85.4353,-8109.13,1.81954,0.3054
110001,63,67.8114,-8123.24,1.03669,0.3096
115001,63,69.2918,-8112.47,0.482799,0.3142
120001,63,66.0529,-8115.62,0.482249,0.2996
125001,64,78.7347,-8118.16,0.486797,0.2922
130001,62,43.8778,-8129.86,0.563035,0.3034
135001,61,19.4559,-8135.19,2.17013,0.2974
140001,60,-7.11802,-8136.87,0.725373,0.2896
145001,60,4.87173,-8117.81,1.42022,0.2934
150001,59,-6.03256,-8121.73,1.14721,0.2982
155001,59,-9.60446,-8094,0.646275,0.2874
160001,56,-50.2785,-8107.94,0.36801,0.3106
165001,56,-49.5156,-8092.13,2.10824,0.2916
170001,58,-21.663,-8034.97,0.709931,0.2976
175001,57,-36.2266,-8032.06,1.47716,0.305
180001,55,-68.9063,-7998.28,0.928627,0.2912
185001,57,-43.771,-7986.67,2.68736,0.2998
190001,56,-56.0121,-7991.65,1.72742,0.3018
195001,56,-55.4934,-7998.35,0.629307,0.2898
200001,55,-68.4509,-7991.1,0.396013,0.293
205001,55,-82.7743,-7982.42,0.544274,0.2946
210001,55,-79.3399,-7998.43,0.119512,0.2798
215001,55,-73.3044,-7991.13,0.122517,0.289
220001,55,-75.5589,-7985.77,3.10694,0.2836
225001,55,-73.3348,-7980.33,0.285573,0.2888
230001,55,-62.1789,-7989.73,0.00580555,0.3112
235001,54,-86.8557,-7983.73,0.187471,0.3022
240001,54,-92.3908,-7946.9,4.68745,0.3
245001,54,-87.6604,-7949.1,0.288137,0.285
250001,55,-59.5023,-7935.22,0.256676,0.2912
255001,55,-74.0998,-7933.65,0.76128,0.297
260001,54,-82.8185,-7921.03,1.45655,0.2974
265001,55,-64.1384,-7914.81,0.237649,0.296
270001,56,-42.3072,-7926.94,0.206977,0.2974
275001,59,13.3688,-7903.73,1.28344,0.3114
280001,56,-42.8915,-7912.22,0.93644,0.3054
285001,56,-41.7055,-7914.5,0.386566,0.298
290001,57,-14.9031,-7939.09,0.0797488,0.3038
295001,56,-39.6639,-7906.31,0.324236,0.2864
300001,54,-77.5882,-7924.07,0.763702,0.2922
305001,54,-79.4916,-7921.41,0.347083,0.2922
310001,53,-97.8664,-7918.81,3.09834,0.2972
315001,53,-90.4242,-7913.57,0.565269,0.3026
320001,53,-99.6459,-7912.91,1.40431,0.2772
325001,52,-110.112,-7904.25,0.513775,0.287
330001,52,-111.611,-7917.8,0.00988385,0.2804
335001,53,-95.3631,-7917.3,0.93442,0.3
340001,53,-96.9662,-7927.6,0.252761,0.3072
345001,53,-98.9998,-7914.58,2.27911,0.31
350001,53,-96.2233,-7918.53,0.489063,0.2874
355001,53,-103.402,-7909.13,3.34662,0.2946
360001,53,-103.089,-7912.58,0.598798,0.2982
365001,52,-120.573,-7919.5,0.689591,0.2972
370001,52,-128.579,-7926.87,0.97952,0.2948
375001,53,-105.687,-7945.53,0.788099,0.2926
380001,53,-98.0052,-7939.11,0.533649,0.3176
385001,51,-141.727,-7955.13,1.38229,0.3068
390001,52,-120.099,-7928.94,1.0306,0.3218
395001,51,-143.942,-7944.42,3.12896,0.3148
400001,51,-139.781,-7924.55,0.989727,0.3054
405001,51,-139.759,-7928.92,1.5939,0.3028
410001,51,-138.612,-7921.7,0.697064,0.2984
415001,51,-126.211,-7923.44,0.162203,0.3158
420001,52,-109.859,-7926.29,0.346817,0.302
425001,52,-105.211,-7932.93,0.73526,0.32
430001,51,-131.797,-7932.73,1.27793,0.3104
435001,52,-113.828,-7917.95,0.568275,0.2972
440001,52,-117.627,-7936.87,0.514259,0.2998
445001,54,-77.8775,-7920.88,1.14002,0.324
450001,54,-71.5634,-7919.25,0.5936,0.3172
455001,55,-52.5624,-7944.01,1.5881,0.3374
460001,54,-74.2577,-7912.98,1.04953,0.33
465001,53,-91.2098,-7895.24,0.00487768,0.3162
470001,51,-126.352,-7803.71,0.492635,0.323
475001,51,-130.097,-7814.54,0.5907,0.3328
480001,49,-167.34,-7804.64,0.229037,0.309
485001,49,-172.258,-7802.72,1.807,0.3142
490001,51,-117.456,-7806.16,0.558484,0.3178
495001,50,-134.899,-7799.25,0.859689,0.3256
500001,50,-150.303,-7802.18,0.511837,0.3024
505001,48,-177.327,-7796.08,0.497863,0.3032
510001,49,-159.835,-7797.76,4.19632,0.2942
515001,49,-162.687,-7794.68,4.16522,0.3038
520001,48,-173.177,-7800.93,0.608965,0.2994
525001,48,-172.1,-7798.79,1.47525,0.291
530001,48,-175.364,-7804.37,1.81689,0.3042
535001,48,-176.134,-7801.56,0.700823,0.3002
540001,48,-178.157,-7799.66,1.63135,0.3016
545001,48,-182.567,-7810.51,4.66529,0.3026
550001,48,-176.5,-7802.78,1.28432,0.3068
555001,50,-142.254,-7794.33,2.64025,0.3114
560001,49,-158.814,-7799.22,0.283425,0.3002
565001,48,-176.373,-7799.06,4.85284,0.3132
570001,48,-181.351,-7796.63,2.85607,0.3044
575001,48,-173.991,-7808,1.16683,0.3078
580001,48,-171.54,-7821.13,0.342827,0.2954
585001,48,-178.671,-7818.17,1.32997,0.3198
590001,48,-168.24,-7799.9,0.74634,0.319
595001,49,-152.253,-7789.93,0.199771,0.3096
600001,48,-160.653,-7796.05,1.13141,0.312
605001,49,-143.906,-7788.44,0.0611779,0.3094
610001,49,-148.203,-7799.05,0.87563,0.3076
615001,49,-154.191,-7799.22,0.472019,0.315
620001,49,-150.49,-7808.34,0.15026,0.331
625001,51,-111.041,-7795.52,0.98423,0.3268
630001,51,-117.566,-7770.52,1.73729,0.3396
635001,51,-112.169,-7792.78,1.14516,0.319
640001,51,-107.526,-7769.39,0.175572,0.3128
645001,49,-153.528,-7795.81,2.39681,0.3204
650001,50,-134.876,-7783.09,0.380062,0.3188
655001,51,-114.367,-7792.31,1.38253,0.3288
660001,50,-134.829,-7790.29,0.179325,0.3272
665001,49,-157.759,-7789.33,0.0715552,0.3106
670001,49,-153.096,-7800,1.29812,0.307
675001,49,-152.47,-7783.79,0.817864,0.3134
680001,52,-94.6992,-7776.09,0.394552,0.3262
685001,50,-126.649,-7791.41,1.37927,0.3186
690001,51,-120.066,-7793.27,0.506904,0.316
695001,50,-127.685,-7788.89,0.372179,0.3322
700001,50,-131.18,-7790.93,2.03951,0.3254
705001,50,-131.163,-7805.68,0.265315,0.3214
710001,49,-147.773,-7798.28,0.240527,0.3346
715001,49,-144.1,-7799.49,0.292612,0.3046
720001,49,-140.099,-7803.29,0.284685,0.3228
725001,49,-156.74,-7795.25,0.58336,0.3236
730001,50,-143.703,-7791.6,0.100611,0.325
735001,50,-137.904,-7786.88,2.32624,0.3266
740001,50,-139.354,-7801.96,0.318788,0.3396
745001,49,-151.704,-7800.75,1.09499,0.325
750001,48,-167.43,-7792.65,0.868768,0.3156
755001,48,-162.327,-7771.28,0.440097,0.3366
760001,44,-231.855,-7722.58,1.97202,0.3296
765001,44,-228.987,-7716.33,0.502174,0.3358
770001,43,-246.117,-7713.88,0.184874,0.3234
775001,43,-248.457,-7726.48,1.28652,0.3136
780001,43,-257.304,-7721.66,0.447621,0.3066
785001,43,-247.515,-7722.4,0.808432,0.3204
790001,44,-238.442,-7724.59,0.189343,0.3176
795001,43,-256.88,-7729.19,2.79567,0.3084
800001,44,-239.082,-7729.85,0.930933,0.3016
805001,44,-234.11,-7707.24,2.43857,0.3186
810001,45,-216.656,-7716.71,0.534014,0.3068
815001,44,-233.564,-7725.1,1.14719,0.3288
820001,44,-235.197,-7722.22,2.06628,0.3144
825001,45,-219.564,-7715.52,1.13098,0.3206
830001,44,-241.976,-7724.33,0.137292,0.3126
835001,43,-250.141,-7717.45,0.968208,0.3056
840001,43,-248.445,-7716.4,1.6095,0.314
845001,43,-244.443,-7720.87,1.25292,0.312
850001,43,-245.624,-7746.02,0.390462,0.3158
855001,44,-229.983,-7721.13,0.465906,0.3134
860001,45,-211.595,-7716.35,1.01808,0.3268
865001,44,-230.358,-7726.72,1.62812,0.3108
870001,45,-210.353,-7732.53,0.840734,0.3284
875001,43,-242.525,-7750.29,2.0959,0.3326
880001,43,-247.247,-7726.94,0.269734,0.3208
885001,43,-251.871,-7717.66,0.363127,0.3092
890001,43,-252.477,-7722.53,0.0638036,0.3246
895001,43,-252.626,-7726.62,4.70132,0.3116
900001,44,-237.1,-7719.49,0.19505,0.327
905001,45,-212.6,-7714.2,1.63314,0.3144
910001,44,-231.471,-7734.43,0.248362,0.321
915001,44,-233.051,-7731.75,1.36747,0.3294
920001,43,-248.169,-7730.4,0.188411,0.3204
925001,43,-248.199,-7721.47,1.91737,0.327
930001,43,-259.17,-7726.64,0.375198,0.3102
935001,43,-252.386,-7724.84,0.559837,0.2958
940001,45,-219.773,-7728.28,0.434873,0.3104
945001,43,-246.61,-7722.63,0.557222,0.314
950001,43,-253.83,-7707.41,0.352801,0.313
955001,43,-259.296,-7712.27,1.03414,0.3076
960001,43,-254.347,-7709.87,0.226683,0.3096
965001,43,-248.932,-7718.08,1.25314,0.2938
970001,43,-244.777,-7716.39,0.678152,0.3004
975001,43,-255.876,-7717.58,0.017621,0.2948
980001,44,-232.151,-7725.27,0.938648,0.3006
985001,44,-232.268,-7730.75,0.262241,0.3236
990001,44,-227.001,-7732.55,0.0495398,0.3114
995001,43,-256.496,-7735.32,1.13794,0.3218
1000001,43,-262.961,-7706.79,2.33265,0.3194
1005001,43,-245.301,-7706.29,0.0805548,0.303
1010001,42,-260.083,-7713.8,0.17878,0.3204
1015001,43,-240.938,-7702.2,0.490016,0.3064
1020001,43,-245.134,-7703.55,0.0703521,0.3018
1025001,42,-273.017,-7701.14,1.58362,0.3288
1030001,38,-336.051,-7671.83,0.770989,0.3224
1035001,33,-424.092,-7686.67,0.128088,0.3436
1040001,33,-427.753,-7673.2,0.272627,0.3142
1045001,31,-464.479,-7684.54,0.927992,0.317
1050001,31,-458.602,-7685.93,2.80708,0.3082
1055001,31,-462.931,-7687.23,0.390485,0.3152
1060001,31,-469.809,-7698.69,1.81592,0.3116
1065001,32,-455.904,-7682.34,0.356193,0.3012
1070001,32,-456.309,-7687.24,0.033724,0.3064
1075001,34,-404.2,-7680.67,0.664161,0.315
1080001,32,-442.708,-7672.48,0.331311,0.3004
1085001,32,-443.816,-7677.12,0.0950697,0.3148
1090001,32,-445.875,-7684.98,0.508474,0.2994
1095001,32,-448.334,-7676.86,0.963181,0.3136
1100001,33,-429.647,-7679.22,0.322981,0.306
1105001,31,-464.413,-7686.05,0.120269,0.3062
1110001,31,-472.68,-7680.85,3.53918,0.2916
1115001,30,-482.258,-7682.81,1.60544,0.3012
1120001,30,-489.461,-7681.14,1.69861,0.284
1125001,30,-481.009,-7690.78,0.81807,0.2764
1130001,31,-464.151,-7679.76,0.0410957,0.2784
1135001,29,-503.353,-7697.37,1.05594,0.3048
1140001,28,-523.229,-7687.97,0.405496,0.2844
1145001,28,-525.376,-7691.55,0.157597,0.273
1150001,29,-503.707,-7672.53,0.175708,0.298
1155001,28,-525.585,-7681.11,0.931524,0.2798
1160001,28,-519.398,-7684.19,0.793084,0.2902
1165001,28,-519.907,-7698.54,1.66727,0.2766
1170001,29,-496.86,-7687.52,0.266094,0.2828
1175001,29,-509.287,-7682.58,0.671971,0.287
1180001,29,-509.981,-7684.5,1.03727,0.2702
1185001,28,-518.907,-7683.57,0.139132,0.2814
1190001,28,-516.53,-7683.45,0.608198,0.2854
1195001,29,-496.419,-7686.78,0.0857521,0.2858
1200001,28,-519.133,-7685.99,2.0782,0.2956
1205001,28,-514.652,-7681.48,0.453479,0.2892
1210001,29,-500.401,-7682.27,1.96721,0.2714
1215001,31,-466.293,-7681.8,1.23191,0.3024
1220001,30,-483.021,-7691.08,1.418,0.2928
1225001,32,-444.757,-7644.01,1.43607,0.302
1230001,31,-460.562,-7637.9,0.0355378,0.2968
1235001,30,-486.638,-7639.95,2.36511,0.284
1240001,29,-500.207,-7597.69,1.29927,0.2724
1245001,30,-483.423,-7596.49,0.315606,0.2822
1250001,28,-524.604,-7609.19,1.57075,0.2768
1255001,28,-524.078,-7619.04,0.323759,0.2818
1260001,30,-480.628,-7612.12,0.738291,0.286
1265001,28,-524.283,-7618.46,0.120929,0.2878
1270001,30,-486.103,-7614,0.78278,0.2764
1275001,25,-572.508,-7633.02,0.445663,0.3028
1280001,25,-576.992,-7624.87,2.79594,0.2854
1285001,26,-557.587,-7629.74,0.572822,0.2992
1290001,25,-576.529,-7626.3,2.11467,0.2816
1295001,27,-535.14,-7596.79,0.61828,0.2828
1300001,26,-562.623,-7604.3,4.14863,0.2938
1305001,26,-554.446,-7604.73,2.04908,0.2856
1310001,25,-572.289,-7601.38,2.82849,0.2812
1315001,25,-576.827,-7608.61,0.0229911,0.288
1320001,26,-557.381,-7607.57,1.50315,0.2646
1325001,25,-572.108,-7597.7,1.06605,0.2844
1330001,26,-551.102,-7604.07,0.550053,0.284
1335001,26,-551.669,-7603.99,0.496168,0.2846
1340001,27,-536.926,-7595.56,0.452349,0.2856
1345001,24,-590.701,-7616.17,1.08501,0.2766
1350001,26,-551.762,-7599.73,1.24018,0.2906
1355001,24,-593.796,-7612.08,0.601879,0.2764
1360001,24,-594.549,-7614.12,0.775371,0.267
1365001,24,-591.073,-7605.34,1.13383,0.274
1370001,25,-574.223,-7606.54,1.13288,0.2832
1375001,24,-592.324,-7622.17,1.14593,0.2874
1380001,25,-575.15,-7607.73,0.17804,0.2836
1385001,26,-553.099,-7606.19,0.11248,0.2882
1390001,25,-576.602,-7606.32,1.31244,0.2976
1395001,24,-596.076,-7607.1,4.31401,0.2784
1400001,24,-590.293,-7606.4,1.50462,0.278
1405001,24,-595.226,-7606.8,2.49796,0.28
1410001,24,-588.92,-7603.85,0.706802,0.2726
1415001,24,-591.601,-7618.01,2.18655,0.277
1420001,24,-584.731,-7609.23,0.139401,0.2722
1425001,24,-587.444,-7618.13,0.018835,0.2946
1430001,26,-555.299,-7607.47,0.838114,0.2976
1435001,24,-590.792,-7604.07,0.0152703,0.288
1440001,24,-591.627,-7602.14,0.0959449,0.276
1445001,24,-587.213,-7609.42,0.0981904,0.2694
1450001,24,-586.975,-7606.64,0.278448,0.2892
1455001,24,-585.128,-7604.97,0.323099,0.2862
1460001,24,-587.724,-7602.31,0.802296,0.2756
1465001,24,-590.172,-7612.78,0.772669,0.285
1470001,26,-551.596,-7607.5,1.79863,0.2982
1475001,22,-623.159,-7609.27,0.172251,0.3076
1480001,21,-645.713,-7617.4,1.63213,0.253
1485001,21,-642.766,-7618.06,0.521655,0.2594
1490001,21,-644.228,-7614.48,0.695926,0.2518
1495001,21,-647.686,-7612.49,0.963483,0.2552
1500001,22,-629.013,-7612.31,0.53099,0.254
1505001,22,-629.81,-7614.59,2.02604,0.266
1510001,21,-643.162,-7611.06,0.0220155,0.2668
1515001,24,-595.83,-7601.46,2.55493,0.2816
1520001,21,-646.894,-7613.51,0.0760282,0.2788
1525001,21,-650.598,-7605.94,1.55172,0.2492
1530001,22,-634.21,-7605.61,0.655248,0.2562
1535001,21,-654.276,-7619.88,1.68849,0.2654
1540001,21,-645.497,-7622.69,0.20857,0.2436
1545001,22,-628,-7615.99,1.19534,0.2654
1550001,21,-648.259,-7616.74,0.820699,0.259
1555001,21,-648.059,-7611.49,0.996537,0.244
1560001,21,-645.716,-7621.19,0.150577,0.2494
1565001,21,-646.902,-7617.7,0.177045,0.26
1570001,22,-631.368,-7615.65,0.0316246,0.2686
1575001,23,-608.374,-7605.04,1.22869,0.2766
1580001,21,-651.568,-7621.96,3.12422,0.2658
1585001,20,-663.69,-7619.3,0.149293,0.2484
1590001,20,-664.791,-7622.19,1.01447,0.2602
1595001,20,-660.22,-7622.79,0.178202,0.2642
1600001,20,-664.089,-7619.75,1.14251,0.2718
1605001,21,-643.88,-7613.77,0.19979,0.2444
1610001,21,-643.483,-7618.86,0.593373,0.2838
1615001,20,-666.468,-7619.38,0.61367,0.26
1620001,20,-667.904,-7615.72,2.18791,0.2562
1625001,20,-666.013,-7617.5,0.889359,0.2466
1630001,20,-663.693,-7625.32,0.152348,0.2498
1635001,21,-646.416,-7607.49,0.247802,0.2558
1640001,20,-661.245,-7619.67,0.244238,0.2656
1645001,21,-644.313,-7608.64,0.471583,0.2536
1650001,22,-630.576,-7608.36,5.12787,0.263
1655001,21,-642.942,-7619.78,0.244867,0.2528
1660001,20,-662.395,-7613.69,0.662967,0.2488
1665001,21,-645.844,-7608.74,1.57192,0.2524
1670001,21,-645.302,-7612.03,2.21579,0.2658
1675001,20,-663.819,-7606.61,0.0527446,0.2598
1680001,20,-670.994,-7613.85,3.82649,0.245
1685001,21,-647.884,-7621.15,2.83343,0.2678
1690001,21,-649.653,-7610.04,2.31358,0.2862
1695001,21,-646.835,-7608.22,0.241906,0.2768
1700001,20,-667.495,-7614.56,0.915569,0.2654
1705001,21,-651.807,-7617.48,1.38844,0.255
1710001,22,-636.885,-7608.91,0.0647488,0.2684
1715001,20,-670.221,-7615.32,0.594063,0.2586
1720001,20,-671.672,-7613.71,2.84616,0.2494
1725001,20,-669.177,-7617.59,1.1077,0.267
1730001,20,-667.273,-7603.74,1.74857,0.2474
1735001,21,-647.071,-7608.49,0.0735657,0.2536
1740001,20,-666.35,-7610.08,1.0315,0.2606
1745001,20,-665.532,-7619.61,0.210726,0.2562
1750001,20,-667.24,-7624.76,2.82833,0.253
1755001,20,-667.932,-7615.82,0.304476,0.2494
1760001,20,-666.509,-7615.68,0.636678,0.2482
1765001,22,-629.382,-7608.78,0.10228,0.2668
1770001,20,-661.244,-7622.36,0.0786613,0.2792
1775001,22,-623.534,-7613.54,2.42407,0.2652
1780001,21,-642.624,-7620.35,0.768378,0.2608
1785001,21,-645.682,-7613.77,0.331707,0.272
1790001,21,-650.406,-7604.33,2.10152,0.2662
1795001,21,-648.048,-7594.46,0.759753,0.2622
1800001,21,-644.99,-7595.83,0.097288,0.2646
1805001,21,-644.751,-7603.6,0.462674,0.2654
1810001,20,-664.545,-7618.72,1.05998,0.2526
1815001,20,-663.095,-7613.64,0.462748,0.2704
1820001,20,-665.367,-7610.08,1.22307,0.2458
1825001,21,-645.78,-7609.52,1.4363,0.259
1830001,21,-645.012,-7598.12,2.07082,0.2554
1835001,21,-643.607,-7602.71,0.196498,0.2676
1840001,22,-625.853,-7604.43,0.627518,0.283
1845001,20,-664.206,-7596,0.960762,0.267
1850001,20,-661.347,-7607.3,0.974512,0.259
1855001,20,-659.248,-7610.28,0.324464,0.2558
1860001,22,-622.737,-7613.32,0.538037,0.2636
1865001,21,-637.523,-7603.44,0.045382,0.2618
1870001,21,-641.006,-7606.25,0.57482,0.2602
1875001,21,-642.001,-7607.43,2.11105,0.2588
1880001,21,-642.018,-7604.32,1.11286,0.2494
1885001,21,-641.004,-7614.97,0.369579,0.2612
1890001,20,-662.654,-7608.43,1.41444,0.258
1895001,22,-627.916,-7613.26,1.17724,0.2688
1900001,20,-662.81,-7597.32,0.52269,0.2666
1905001,20,-663.473,-7614.56,0.688552,0.255
1910001,19,-682.866,-7613.72,0.731879,0.2556
1915001,20,-661.141,-7616.5,0.380886,0.2544
1920001,20,-665.18,-7604.51,1.40719,0.2518
1925001,20,-662.315,-7608.1,1.58711,0.2452
1930001,19,-677.329,-7606.82,0.00563077,0.2662
1935001,19,-683.388,-7617.62,4.68768,0.2542
1940001,19,-678.15,-7604.92,0.804174,0.2454
1945001,19,-677.731,-7603.09,0.717483,0.2406
1950001,19,-678.75,-7619.43,0.283898,0.2466
1955001,19,-680.58,-7609.55,2.20915,0.2464
1960001,21,-643.465,-7602.09,0.434399,0.2638
1965001,21,-651.525,-7603.59,0.514737,0.2644
1970001,19,-680.811,-7606.82,0.660481,0.2734
1975001,21,-645.142,-7599.85,3.63093,0.2512
1980001,19,-682.739,-7600.06,0.562809,0.2604
1985001,19,-686.19,-7601.5,3.06371,0.2368
1990001,19,-681.847,-7601.82,0.789265,0.2708
1995001,19,-683.243,-7596.38,0.828588,0.2388
2000001,20,-663.272,-7600.62,2.14369,0.2518
2005001,20,-665.877,-7598.99,1.50963,0.2704
2010001,16,-734.084,-7585.28,0.0323683,0.266
2015001,15,-754.502,-7591.59,0.306647,0.265
2020001,14,-772.344,-7594.19,0.75298,0.2468
2025001,16,-735.283,-7586.83,0.416818,0.28
2030001,15,-756.725,-7591.2,3.16741,0.274
2035001,14,-773.174,-7585.54,0.674158,0.2566
2040001,14,-776.968,-7589.81,3.99176,0.2462
2045001,14,-771.144,-7595.66,0.271462,0.2562
2050001,15,-756.167,-7592.04,0.923602,0.2716
2055001,17,-717.168,-7596.62,1.56976,0.2652
2060001,15,-755.433,-7592.27,2.403,0.2492
2065001,15,-752.327,-7593.1,0.371359,0.2574
2070001,15,-754.718,-7605.91,0.305801,0.2524
2075001,15,-749.743,-7585.99,0.590312,0.2746
2080001,16,-733.194,-7590.28,1.62166,0.291
2085001,15,-751.096,-7593.18,0.587675,0.2732
2090001,14,-766.944,-7591.96,0.0547518,0.2674
2095001,14,-771.069,-7597.29,2.86174,0.2812
2100001,13,-786.215,-7593.58,0.287658,0.2458
2105001,14,-770.62,-7580.69,0.0130834,0.2576
2110001,16,-735.211,-7584.11,2.84881,0.2676
2115001,15,-753.542,-7583.69,0.417536,0.2812
2120001,14,-769.284,-7585.66,2.24429,0.2698
2125001,15,-750.742,-7557.12,1.66619,0.283
2130001,14,-764.968,-7553.97,0.874961,0.2894
2135001,12,-260.588,-7560.71,2.36001,0.2622
2140001,9,-223.799,-7554.38,0.0756868,0.285
2145001,7,4.00254,-7561.7,0.660006,0.2558
2150001,5,100.257,-7580.55,0.444051,0.315
2155001,5,97.3203,-7588.11,0.339022,0.3248
2160001,5,99.2939,-7582.08,0.771302,0.3566
2165001,5,96.6466,-7533.31,2.21565,0.3374
2170001,4,76.8372,-7536.46,0.40085,0.344
2175001,4,78.1454,-7537.56,2.1881,0.3658
2180001,5,99.4845,-7531.57,0.462481,0.3664
2185001,5,98.9455,-7537.82,2.36304,0.3842
2190001,3,56.1605,-7544.75,0.0838948,0.4022
2195001,3,59.6945,-7544.76,0.776951,0.343
2200001,4,79.8362,-7557.51,0.137093,0.3516
2205001,4,79.6644,-7547.59,0.732892,0.369
2210001,4,79.5945,-7537.09,0.259428,0.3462
2215001,4,78.5496,-7534.4,0.429059,0.3262
2220001,4,79.4992,-7532.93,1.29968,0.3466
2225001,4,80.462,-7535.57,0.03853,0.3294
2230001,5,100.451,-7534.81,0.605967,0.3304
2235001,4,79.0101,-7531.09,0.272712,0.3716
2240001,4,77.5234,-7537.03,0.500569,0.3468
2245001,6,115.325,-7530.97,1.27608,0.357
2250001,6,110.282,-7531.93,0.971606,0.3634
2255001,5,93.9686,-7536.34,3.13,0.3786
2260001,5,94.6775,-7534.39,1.24835,0.335
2265001,5,96.4518,-7531.77,0.526941,0.3554
2270001,5,98.1489,-7539.59,0.217692,0.3286
2275001,5,98.706,-7531.45,0.90491,0.3752
2280001,4,76.9545,-7532.95,2.17948,0.33
2285001,5,93.4441,-7532.89,2.70095,0.3428
2290001,6,119.391,-7528.95,0.045363,0.3372
2295001,4,79.3806,-7535.46,0.787394,0.3528
2300001,4,78.0561,-7532.5,1.54505,0.3398
2305001,5,91.7701,-7530.92,0.40035,0.3288
2310001,4,77.1532,-7531.79,0.636718,0.3468
2315001,4,79.0993,-7531.25,0.50234,0.3294
2320001,4,79.6906,-7530.96,0.169215,0.3346
2325001,4,77.8304,-7533.27,0.133205,0.3266
2330001,8,150.415,-7531.27,1.14837,0.3734
2335001,4,80.6519,-7535.32,0.0109852,0.373
2340001,4,77.268,-7534.62,1.28166,0.3638
2345001,5,96.6587,-7529.96,0.367404,0.3348
2350001,4,79.5886,-7531.83,0.0853152,0.3426
2355001,5,99.1742,-7524.8,0.0786359,0.3694
2360001,5,99.7691,-7531.43,1.14511,0.3668
2365001,4,79.1311,-7530.56,0.683387,0.3274
2370001,5,98.2107,-7525.73,0.354109,0.3658
2375001,5,97.8809,-7528.15,1.29565,0.3632
2380001,3,60.1157,-7540.97,1.85414,0.3608
2385001,3,60.1267,-7538.15,0.843999,0.3438
2390001,3,58.6491,-7536.25,1.94543,0.3496
2395001,3,59.5561,-7537.31,1.08367,0.3386
2400001,4,75.9358,-7535.39,0.861767,0.3966
2405001,3,61.5043,-7537.73,0.0397976,0.359
2410001,3,58.9557,-7536.89,1.07793,0.3636
2415001,4,77.2415,-7534.09,0.266173,0.3626
2420001,3,59.8028,-7537.13,0.518171,0.394
2425001,4,79.898,-7530.71,0.902351,0.371
2430001,3,57.7603,-7532.25,0.904629,0.3642
2435001,4,81.4385,-7529.86,0.0708838,0.3918
2440001,4,80.3102,-7530.93,0.448088,0.3744
2445001,3,60.3346,-7534.34,1.70125,0.3678
2450001,3,61.3068,-7534.65,0.0552525,0.3572
2455001,3,55.704,-7534.18,1.23787,0.354
2460001,5,96.2614,-7530.49,0.602922,0.3798
2465001,4,75.2853,-7535.41,0.411812,0.373
2470001,3,61.993,-7535.13,0.292692,0.3832
2475001,4,75.5429,-7532.29,1.25295,0.3516
2480001,3,55.8786,-7533.89,4.14497,0.3638
2485001,3,60.7021,-7536.16,1.41306,0.3628
2490001,4,78.6612,-7535.32,0.502117,0.388
2495001,3,60.8625,-7536.96,1.56023,0.3586
2500001,3,52.1304,-7536.43,1.44905,0.3328
2505001,3,58.5854,-7532.53,0.0561621,0.3594
2510001,4,74.138,-7534.32,1.0337,0.37
2515001,3,59.4299,-7534.55,0.1432,0.3506
2520001,3,56.0521,-7536.4,2.3942,0.3582
2525001,5,88.77,-7532.76,0.97281,0.3536
2530001,4,78.0829,-7534.76,1.35595,0.3588
2535001,5,97.2828,-7532.58,1.22537,0.3814
2540001,3,59.6938,-7533.48,0.5986,0.3836
2545001,3,57.6231,-7538.75,0.621498,0.348
2550001,4,77.9266,-7528.51,0.905726,0.35
2555001,6,115.89,-7531,1.45129,0.3532
2560001,3,62.2871,-7534.6,0.018835,0.389
2565001,7,135.482,-7526.54,0.893391,0.3656
2570001,4,79.6662,-7535.95,0.357811,0.3524
2575001,3,60.6416,-7536.92,1.08415,0.3372
2580001,4,77.0978,-7538.17,1.88228,0.3288
2585001,3,62.2364,-7538.27,0.019181,0.321
2590001,3,59.3777,-7532,1.0097,0.34
2595001,3,59.0843,-7531.18,0.338753,0.3442
2600001,3,53.9318,-7532.77,1.14678,0.3466
2605001,3,58.9899,-7529.35,0.302745,0.3092
2610001,3,57.1999,-7530.56,2.62064,0.3234
2615001,5,98.4262,-7531.78,1.09458,0.3622
2620001,3,56.6208,-7528.46,0.34245,0.3632
2625001,3,56.3772,-7531.05,1.82512,0.3458
2630001,3,56.9344,-7539.64,0.759181,0.3368
2635001,5,94.6369,-7534.22,0.26939,0.331
2640001,4,76.6302,-7528.91,0.699944,0.3622
2645001,3,57.2404,-7532.72,1.31282,0.3366
2650001,3,57.8079,-7536.35,0.451263,0.3328
2655001,3,53.3575,-7528.23,1.6835,0.3308
2660001,3,54.0477,-7531.59,2.36656,0.3512
2665001,4,78.0165,-7535.44,0.35607,0.3218
2670001,3,56.336,-7533.58,0.132269,0.3244
2675001,3,58.4929,-7532.47,2.52928,0.3266
2680001,3,61.4566,-7533.79,0.952095,0.3324
2685001,3,58.5056,-7531.23,0.972509,0.3518
2690001,4,76.0173,-7534.1,2.89003,0.367
2695001,4,77.3614,-7534.52,1.4874,0.358
2700001,3,60.4543,-7535.86,0.390777,0.3406
2705001,4,79.1424,-7534.29,0.764076,0.3606
2710001,4,76.5859,-7530.29,0.751611,0.3528
2715001,4,76.7494,-7535.29,2.1363,0.357
2720001,3,59.7158,-7532.46,1.39693,0.3644
2725001,3,60.3685,-7532.62,0.165857,0.3546
2730001,5,96.7232,-7534.02,0.90981,0.3126
2735001,4,80.3906,-7537.32,0.462604,0.3456
2740001,3,58.0326,-7536.86,0.00341236,0.3242
2745001,3,58.3197,-7535.89,1.47538,0.3246
2750001,4,77.4018,-7536.34,0.358807,0.3208
2755001,4,73.5789,-7532.04,0.340438,0.3402
2760001,3,55.4252,-7533.09,0.512688,0.3208
2765001,3,53.0741,-7536.56,0.341907,0.3048
2770001,3,56.1599,-7531.52,0.0745864,0.371
2775001,3,58.492,-7529.73,1.01393,0.3506
2780001,3,53.5552,-7532.06,4.57536,0.3658
2785001,3,58.4152,-7536.83,1.57589,0.367
2790001,3,59.0714,-7535.11,0.53572,0.3882
2795001,3,61.7693,-7536.67,0.25485,0.3932
2800001,3,58.3454,-7534.89,1.27743,0.3444
2805001,4,78.0724,-7530.04,0.667635,0.3568
2810001,4,80.7045,-7533.59,0.142398,0.3684
2815001,5,96.4219,-7532.12,2.33204,0.356
2820001,4,78.7091,-7536.7,0.227133,0.3568
2825001,3,60.9152,-7533.43,0.728019,0.3504
2830001,3,59.7208,-7534.71,0.820289,0.3712
2835001,3,58.3869,-7531.01,2.45602,0.3558
2840001,4,76.4007,-7528.45,0.0697822,0.3628
2845001,3,60.252,-7530.24,0.141828,0.322
2850001,3,60.9683,-7534.22,0.332206,0.3494
2855001,4,78.7906,-7533.9,0.898953,0.3536
2860001,4,76.6172,-7537.89,5.37533,0.3768
2865001,6,113.799,-7525.13,1.32335,0.3766
2870001,4,76.3162,-7536.02,4.4501,0.3442
2875001,4,80.7543,-7532.44,0.189358,0.3602
2880001,3,56.3353,-7530.15,0.0607241,0.3596
2885001,3,60.9812,-7532.99,1.92822,0.3568
2890001,3,60.5123,-7534.64,1.24836,0.3884
2895001,3,60.7931,-7536.08,0.0920884,0.3534
2900001,4,78.2019,-7531.61,0.315339,0.3766
2905001,4,76.3834,-7532.04,2.30172,0.3662
2910001,3,59.3917,-7534.14,1.45208,0.3744
2915001,4,82.5075,-7535.07,0.246653,0.377
2920001,3,60.8736,-7532.2,0.432742,0.3524
2925001,3,62.1513,-7534.14,0.341481,0.3476
2930001,3,58.5535,-7536.23,1.58376,0.3752
2935001,3,59.6461,-7535.15,1.09297,0.3442
2940001,3,56.9371,-7533.3,1.82416,0.3312
2945001,3,60.6668,-7538.7,0.39115,0.3402
2950001,4,72.1965,-7529.06,2.8825,0.368
2955001,4,74.8328,-7529.91,1.08887,0.3774
2960001,3,58.8532,-7532.89,0.435236,0.3234
2965001,3,55.3507,-7532.04,3.33815,0.3462
2970001,4,79.2907,-7535.89,0.980197,0.3458
2975001,3,60.0196,-7532.1,0.515373,0.3452
2980001,4,78.0596,-7531.4,0.257529,0.3974
2985001,3,60.5771,-7534.35,0.424191,0.3368
2990001,4,77.9993,-7533.4,0.289943,0.379
2995001,3,58.2776,-7531.14,0.302838,0.38
3000001,3,59.8824,-7536.6,0.096167,0.3536
3005001,3,59.301,-7535.18,1.31173,0.362
3010001,3,61.8022,-7535.63,1.7775,0.36
3015001,3,61.6955,-7532.89,0.607499,0.3668
3020001,3,61.7948,-7532.53,0.23015,0.361
3025001,3,60.9484,-7532.15,0.204111,0.3726
3030001,3,62.6162,-7534.89,0.858965,0.3598
3035001,4,82.1497,-7534.23,0.627546,0.3972
3040001,4,78.5949,-7528.61,0.768114,0.3964
3045001,3,54.1286,-7529.51,1.26263,0.3518
3050001,3,56.1606,-7530.45,0.467277,0.334
3055001,4,79.1402,-7533.96,0.892784,0.3378
3060001,3,59.775,-7533.52,0.488345,0.3756
3065001,3,58.9101,-7532.83,0.185709,0.3458
3070001,3,61.0313,-7532.56,0.133901,0.3202
3075001,5,92.1232,-7531.71,2.10764,0.329
3080001,3,58.3966,-7530.42,2.09036,0.3262
3085001,3,57.1563,-7537.87,2.35622,0.3316
3090001,3,55.5886,-7533.07,1.02588,0.3612
3095001,3,57.1944,-7532.37,0.040433,0.3376
3100001,5,95.0831,-7532.94,1.02631,0.3236
3105001,3,58.9979,-7528.92,0.316903,0.3506
3110001,3,54.3044,-7536.37,1.02476,0.3478
3115001,3,59.9189,-7533.78,0.30284,0.3512
3120001,4,79.1155,-7528.11,0.190316,0.3574
3125001,4,79.6575,-7533.77,0.0840178,0.3702
3130001,3,61.2934,-7537.24,0.170781,0.3572
3135001,3,58.6235,-7537.63,0.457723,0.3356
3140001,3,61.4713,-7531.43,0.109417,0.3736
3145001,6,118.499,-7532.86,1.8756,0.3852
3150001,3,53.3777,-7533.19,0.389975,0.3968
3155001,3,60.4441,-7538.71,0.666655,0.3274
3160001,3,60.1261,-7541.57,0.664006,0.3234
3165001,3,62.3489,-7535.66,0.506335,0.3444
3170001,3,60.5387,-7534.13,0.762959,0.384
3175001,4,74.9198,-7534.23,0.963475,0.3506
3180001,3,58.5609,-7530.76,1.62206,0.3668
3185001,3,57.7496,-7534.32,0.897833,0.3612
3190001,4,77.4545,-7538.21,0.494135,0.3284
3195001,3,57.8511,-7534.68,0.435063,0.3268
3200001,4,78.5801,-7535.07,0.48105,0.3168
3205001,3,60.8881,-7532.31,1.20076,0.3454
3210001,3,58.1047,-7534.59,0.215825,0.3446
3215001,3,58.3499,-7530.47,1.72971,0.3534
3220001,3,60.3783,-7535.33,0.885383,0.3594
3225001,4,76.2096,-7529.29,0.112142,0.3544
3230001,4,79.1371,-7533.45,0.125031,0.3262
3235001,3,58.0572,-7531.21,0.796538,0.368
3240001,4,78.106,-7530.66,0.976447,0.3296
3245001,3,58.6629,-7534.57,1.13801,0.349
3250001,4,77.8845,-7532.04,0.276249,0.317
3255001,4,75.3699,-7529.95,1.97548,0.3386
3260001,3,58.7434,-7535.52,1.22835,0.3368
3265001,5,96.7036,-7532.53,0.256033,0.3348
3270001,6,117.331,-7531.09,0.973828,0.3756
3275001,3,58.4617,-7530.77,0.728576,0.3578
3280001,3,61.2816,-7534.76,0.340808,0.3468
3285001,3,62.0077,-7539.57,0.039113,0.3422
3290001,3,58.2907,-7533.59,0.887469,0.3512
3295001,4,75.1043,-7535.17,0.337338,0.3962
3300001,3,58.14,-7530.63,0.289138,0.3766
3305001,3,58.8175,-7531.95,2.69468,0.3432
3310001,4,72.995,-7529.4,1.03865,0.3314
3315001,3,58.2726,-7531.58,0.885952,0.372
3320001,4,77.6192,-7536.02,2.3106,0.3664
3325001,4,79.7975,-7531.55,0.62444,0.3924
3330001,3,58.5134,-7535.84,0.246931,0.3744
3335001,3,60.7396,-7533.08,0.75645,0.4156
3340001,4,77.3694,-7533.2,1.23264,0.3664
3345001,3,61.1408,-7532.57,0.2737,0.3434
3350001,4,79.4367,-7537.51,0.141898,0.3556
3355001,5,94.1772,-7531.09,0.488561,0.3532
3360001,3,56.1483,-7530.99,0.772527,0.3468
3365001,3,59.9963,-7530.62,0.401619,0.3386
3370001,4,77.0776,-7531.51,0.539766,0.3334
3375001,3,60.2044,-7535.61,0.332276,0.3558
3380001,3,57.4233,-7535.59,0.540285,0.3656
3385001,4,76.2635,-7531.43,1.29427,0.3604
3390001,4,77.6699,-7530.14,0.840553,0.36
3395001,4,81.0654,-7532.41,0.367309,0.356
3400001,3,54.419,-7531.97,3.38837,0.4144
3405001,4,77.9485,-7530.13,0.655609,0.3306
3410001,3,57.8132,-7534.21,2.65576,0.3568
3415001,3,58.0118,-7532.3,0.0874958,0.3452
3420001,4,75.4267,-7528.42,1.29442,0.3384
3425001,4,78.3557,-7530.51,0.28289,0.379
3430001,4,77.8972,-7534.48,0.331558,0.3334
3435001,3,59.1495,-7532.11,1.90635,0.3642
3440001,3,59.1549,-7529.14,0.240512,0.3366
3445001,3,56.4688,-7531.18,1.878,0.3232
3450001,5,97.0864,-7532.35,0.215919,0.3696
3455001,4,76.8779,-7530.25,0.825639,0.3484
3460001,3,58.9867,-7531.1,1.90189,0.3588
3465001,3,59.283,-7531.16,0.13055,0.352
3470001,5,93.2166,-7528.82,1.3176,0.3632
3475001,3,60.6542,-7529.88,0.540418,0.3964
3480001,4,74.712,-7529.74,2.49042,0.3508
3485001,3,62.2039,-7532.95,0.344264,0.358
3490001,3,60.2387,-7533.8,0.343133,0.3634
3495001,4,77.8359,-7531.86,2.27869,0.348
3500001,3,57.4067,-7534.2,2.76538,0.3436
3505001,3,56.827,-7531.03,2.25206,0.3428
3510001,3,58.0475,-7531.54,3.38825,0.3298
3515001,5,91.4542,-7532.46,3.12002,0.3364
3520001,3,57.8246,-7529.58,0.375494,0.3484
3525001,3,57.5849,-7533.43,0.646748,0.3692
3530001,4,76.915,-7528.39,1.85665,0.3774
3535001,3,61.4474,-7531.97,0.501725,0.3534
3540001,3,60.9045,-7530.89,1.31855,0.3782
3545001,4,80.8356,-7535.01,0.120527,0.3438
3550001,3,56.8461,-7532.37,1.43322,0.3626
3555001,3,57.1273,-7533.79,0.913275,0.3334
3560001,3,63.875,-7534.53,0.0588347,0.3376
3565001,3,60.1294,-7531.38,0.34275,0.3384
3570001,3,58.2501,-7531.47,0.366584,0.336
3575001,3,51.7155,-7528.74,0.204435,0.343
3580001,5,94.8845,-7528.99,1.19436,0.373
3585001,3,59.5347,-7530.82,1.76844,0.3598
3590001,3,57.4384,-7529.37,1.00178,0.3458
3595001,3,60.2633,-7531.94,0.0884524,0.351
3600001,4,77.8045,-7531.19,0.275914,0.358
3605001,3,57.2632,-7528.09,0.996498,0.3354
3610001,4,79.6506,-7529.66,0.28259,0.3282
3615001,3,59.0134,-7530.34,1.28743,0.3292
3620001,4,76.9552,-7532.97,2.15777,0.3498
3625001,3,57.5572,-7531.23,2.49369,0.3422
3630001,3,56.45,-7531.55,2.33496,0.3446
3635001,3,60.9128,-7531.57,1.54787,0.3458
3640001,3,61.9776,-7533.17,0.0184868,0.3636
3645001,3,56.9175,-7531.73,1.17083,0.3276
3650001,3,55.7495,-7535.56,0.250727,0.3222
3655001,3,56.764,-7532.01,0.444344,0.3584
3660001,4,79.3079,-7530.74,0.246938,0.355
3665001,3,58.1134,-7533.53,0.385936,0.365
3670001,4,68.6659,-7531.35,2.43243,0.3656
3675001,5,96.4572,-7534.22,2.82095,0.3688
3680001,5,93.87,-7532.79,0.924051,0.3864
3685001,3,60.4948,-7530.86,0.656719,0.3616
3690001,3,59.2405,-7532.31,1.1704,0.3638
3695001,3,61.2882,-7533.37,0.831778,0.3256
3700001,3,57.0011,-7532.07,0.940511,0.3674
3705001,4,80.6346,-7532.75,0.857132,0.3428
3710001,4,74.4424,-7534.57,3.39426,0.3406
3715001,3,61.4524,-7533.81,0.21714,0.3408
3720001,3,62.5695,-7537.02,0.505462,0.3286
3725001,4,76.5505,-7531.35,2.20231,0.3496
3730001,3,58.965,-7538.51,1.89394,0.3266
3735001,3,60.169,-7543.62,3.10316,0.3428
3740001,4,78.8993,-7535.43,0.507601,0.328
3745001,4,75.7874,-7532.98,0.81027,0.3654
3750001,4,80.7409,-7534.43,0.184312,0.331
3755001,3,56.9562,-7536.1,2.56167,0.3282
3760001,3,58.8776,-7532.68,1.13509,0.3116
3765001,4,82.0593,-7523.98,0.108425,0.2916
3770001,3,59.0513,-7523.78,2.48729,0.279
3775001,3,59.006,-7524.32,1.79281,0.2456
3780001,3,59.3488,-7525.56,3.24184,0.2558
3785001,3,61.435,-7526.79,1.00105,0.2602
3790001,4,80.2647,-7526.66,0.954131,0.2896
3795001,4,79.1196,-7524.28,0.0828827,0.248
3800001,4,81.6574,-7525.15,1.01628,0.263
3805001,3,62.8484,-7528.1,0.00358346,0.2776
3810001,3,62.3449,-7529,0.122126,0.286
3815001,3,61.8981,-7528.11,1.11392,0.2654
3820001,3,60.0085,-7529.45,1.07976,0.2806
3825001,3,60.4138,-7527.22,0.373289,0.261
3830001,3,59.2342,-7528.33,0.28532,0.2582
3835001,5,95.5181,-7527.36,0.478918,0.3244
3840001,5,96.8664,-7527.61,1.38675,0.3386
3845001,5,93.8195,-7525.75,1.39709,0.3288
3850001,4,78.2852,-7525.52,0.112217,0.3444
3855001,5,97.8074,-7528.4,0.623273,0.3456
3860001,4,78.911,-7527.12,0.245826,0.353
3865001,4,79.4712,-7529.91,1.1501,0.321
3870001,4,77.8462,-7527.53,0.262263,0.3662
3875001,4,78.5571,-7524.13,1.4753,0.3614
3880001,4,79.9385,-7522.86,1.03716,0.352
3885001,4,80.9092,-7525.9,0.0398482,0.3344
3890001,4,79.8094,-7523.73,0.00066205,0.3624
3895001,4,80.2888,-7522.29,0.364647,0.3844
3900001,5,95.9478,-7524.63,1.14919,0.3732
3905001,4,78.4161,-7524.56,1.82643,0.3534
3910001,4,75.387,-7523.3,0.547995,0.3796
3915001,4,82.6266,-7524.04,0.161011,0.3374
3920001,4,80.3606,-7531.2,0.380778,0.356
3925001,6,115.765,-7531.26,0.270888,0.3698
3930001,5,98.311,-7527.24,2.66188,0.3674
3935001,5,96.2298,-7528.28,0.982484,0.3672
3940001,6,118.662,-7526.74,1.90035,0.402
3945001,4,79.6187,-7528,0.141788,0.3712
3950001,4,68.0408,-7530.35,0.0894099,0.3632
3955001,5,96.2096,-7528.43,0.000605265,0.3528
3960001,3,59.7799,-7532.12,0.193154,0.3626
3965001,4,79.7866,-7529.54,0.544347,0.3356
3970001,3,56.338,-7533.96,0.560867,0.3254
3975001,3,60.069,-7534.45,2.24782,0.3322
3980001,4,77.2177,-7533.1,2.02309,0.3448
3985001,4,76.3894,-7529.03,0.964401,0.3678
3990001,3,61.3356,-7533.46,0.421026,0.3606
3995001,4,78.0352,-7532.64,0.0552804,0.359
4000001,3,60.3718,-7531.82,0.373777,0.358
4005001,3,60.6339,-7530.39,0.975588,0.3578
4010001,4,79.5082,-7529.95,0.288625,0.3608
4015001,5,98.0914,-7525.17,1.76387,0.3442
4020001,4,77.008,-7533.03,2.62192,0.3524
4025001,3,52.7741,-7535.41,2.46654,0.3616
4030001,3,51.6764,-7533.64,4.37487,0.3534
4035001,3,59.9677,-7531.91,0.924917,0.3422
4040001,3,58.7254,-7530.83,0.460273,0.3398
4045001,3,53.8158,-7529.67,4.18617,0.3736
4050001,4,72.2141,-7532.08,1.3385,0.383
4055001,4,82.179,-7531.13,0.0362204,0.3536
4060001,3,60.5839,-7533.07,0.678734,0.3588
4065001,4,77.2673,-7534.95,0.242379,0.3476
4070001,3,60.3766,-7537.45,0.193036,0.3944
4075001,3,60.0809,-7534.33,0.210936,0.332
4080001,3,61.5331,-7530.66,0.73833,0.3428
4085001,3,57.4198,-7531.54,0.828446,0.3354
4090001,1,19.8757,-7533.65,0.252594,0.3524
4095001,1,17.0432,-7531.56,2.42044,0.207
4100001,1,18.6436,-7532.15,0.534328,0.228
4105001,2,36.0007,-7531.4,1.90928,0.2118
4110001,2,33.8934,-7530.02,1.10969,0.2436
4115001,3,52.396,-7532.76,0.0550677,0.2174
4120001,2,37.8451,-7521.86,0.254146,0.2682
4125001,1,17.2501,-7527.62,0.142929,0.2484
4130001,2,37.0822,-7530.84,0.395797,0.188
4135001,3,54.4088,-7529.71,2.0873,0.2712
4140001,2,37.2283,-7533.4,0.523242,0.345
4145001,1,18.3918,-7532.24,1.0182,0.2314
4150001,1,20.7316,-7535.37,0.0750128,0.1988
4155001,1,19.3909,-7534.89,1.61255,0.2282
4160001,1,17.4191,-7533.75,1.57041,0.269
4165001,1,19.3611,-7532.21,0.29524,0.2062
4170001,1,16.4936,-7533.74,0.97071,0.2538
4175001,1,15.7705,-7529.92,1.43988,0.189
4180001,1,14.8406,-7530.38,1.37319,0.1972
4185001,1,16.0708,-7528.89,1.15825,0.195
4190001,2,36.6877,-7529.15,0.423978,0.2188
4195001,2,37.3673,-7528.59,0.789618,0.2288
4200001,4,70.177,-7514.67,1.89538,0.2566
4205001,2,36.3305,-7529.85,0.864399,0.2528
4210001,1,20.6184,-7533.75,0.0336368,0.192
4215001,1,18.6987,-7532.43,0.00594648,0.2206
4220001,1,18.6278,-7532.94,0.963172,0.2068
4225001,1,18.1595,-7532.22,1.16791,0.173
4230001,2,39.278,-7530.87,0.789867,0.2252
4235001,1,17.9798,-7533.15,1.46006,0.2208
4240001,1,17.2998,-7529.85,0.623012,0.2326
4245001,1,20.3332,-7535.21,0.758957,0.2506
4250001,1,18.2563,-7531.57,0.924715,0.2272
4255001,1,19.538,-7533.15,0.323687,0.2368
4260001,1,18.6335,-7533.98,1.44617,0.2142
4265001,1,17.104,-7530.67,0.69904,0.2326
4270001,1,18.7578,-7530.54,0.0107865,0.2246
4275001,1,18.6374,-7536.45,1.4489,0.2194
4280001,1,19.2403,-7532.74,0.381117,0.2076
4285001,1,17.3572,-7532.8,1.08256,0.1742
4290001,3,54.6048,-7523.88,2.13896,0.2642
4295001,2,35.1482,-7530.77,1.19443,0.3058
4300001,2,34.0788,-7520.65,3.78329,0.2752
4305001,2,38.7947,-7529.67,0.0775219,0.3026
4310001,3,55.0323,-7522.19,0.161278,0.3174
4315001,1,16.6943,-7532.5,2.77615,0.2236
4320001,1,17.4019,-7533.04,1.49998,0.1814
4325001,1,14.9325,-7531.22,0.486764,0.2486
4330001,2,35.6922,-7526.79,0.449904,0.2668
4335001,1,17.7243,-7530.47,0.388971,0.1914
4340001,1,11.9735,-7530.59,3.38851,0.1834
4345001,3,53.1663,-7527.13,1.74678,0.2584
4350001,2,37.1633,-7534.14,2.28162,0.296
4355001,2,35.1918,-7529.19,1.16589,0.2754
4360001,1,17.3075,-7529.97,0.69253,0.2256
4365001,1,15.0233,-7528.85,1.06063,0.2042
4370001,2,36.6623,-7529.6,0.413183,0.2302
4375001,1,17.5754,-7530.04,0.909458,0.1648
4380001,1,17.0684,-7527.58,0.533162,0.185
4385001,1,17.2302,-7533.03,1.79805,0.2094
4390001,1,17.6503,-7530.54,0.0296204,0.219
4395001,2,38.17,-7531.31,0.459263,0.1992
4400001,1,15.2661,-7534.84,1.99873,0.2248
4405001,1,16.799,-7529.45,1.63063,0.2482
4410001,2,34.5234,-7533.81,0.36237,0.2094
4415001,1,17.8437,-7529.92,0.888424,0.1714
4420001,1,17.2379,-7529.12,0.518343,0.1778
4425001,5,86.5414,-7528.63,0.248354,0.2216
4430001,1,16,-7528.65,0.952202,0.2832
4435001,2,35.4385,-7530.65,0.163174,0.2362
4440001,1,17.5983,-7530.61,1.05173,0.1916
4445001,1,15.5755,-7528.44,1.68619,0.1824
4450001,1,17.8173,-7531.73,1.1124,0.191
4455001,1,17.3521,-7527.52,0.16725,0.2314
4460001,1,17.596,-7530.2,0.944966,0.1704
4465001,1,17.2311,-7528.5,0.874684,0.177
4470001,1,17.5408,-7535.71,0.609012,0.1814
4475001,1,19.2484,-7533.26,0.292214,0.2038
4480001,1,17.8063,-7532.96,0.998423,0.1816
4485001,2,33.8101,-7524.47,2.41344,0.2402
4490001,1,14.6606,-7528.54,1.18005,0.1936
4495001,1,16.9387,-7528.77,0.38712,0.2284
4500001,1,14.9299,-7531.51,1.54376,0.1776
4505001,3,52.2207,-7520.04,1.40594,0.2872
4510001,2,33.1649,-7522.39,4.50991,0.3172
4515001,2,35.1976,-7528.73,0.585076,0.3268
4520001,1,17.5731,-7529.03,0.105867,0.2158
4525001,2,36.1264,-7534.78,0.854828,0.251
4530001,1,19.7383,-7533.81,0.15258,0.2054
4535001,1,13.5606,-7528.99,4.32831,0.2312
4540001,3,50.2748,-7526.45,0.606004,0.1702
4545001,1,15.7798,-7527.29,0.0890022,0.312
4550001,1,15.3785,-7527.9,1.41151,0.1968
4555001,3,50.7237,-7527.8,1.66566,0.2014
4560001,1,16.0273,-7528.9,1.21127,0.279
4565001,1,17.3642,-7527.69,0.860072,0.2166
4570001,1,17.3798,-7527.45,0.308012,0.2188
4575001,1,18.336,-7528.11,0.0822559,0.185
4580001,1,16.0917,-7532.95,1.10101,0.2556
4585001,1,17.3453,-7527.49,0.329703,0.2022
4590001,1,17.1913,-7527.76,0.0900812,0.2338
4595001,1,16.3831,-7529.18,1.09668,0.1924
4600001,1,17.2112,-7527.98,0.695126,0.206
4605001,3,53.9218,-7529.36,0.691942,0.2132
4610001,1,15.8102,-7527.83,1.59076,0.2752
4615001,1,16.5166,-7527.9,0.802204,0.218
4620001,1,17.7493,-7529.41,0.470855,0.1996
4625001,1,16.4834,-7527.34,0.204478,0.204
4630001,1,16.909,-7527.01,0.0664859,0.265
4635001,2,34.5598,-7529.06,0.384799,0.2062
4640001,1,16.0022,-7527.46,1.78641,0.249
4645001,1,17.8897,-7528.25,0.110172,0.2226
4650001,1,17.0909,-7527.66,0.540818,0.186
4655001,1,13.9373,-7526.97,3.31894,0.189
4660001,1,16.813,-7530.24,1.16793,0.214
4665001,1,17.2699,-7527.44,0.0679801,0.2248
4670001,2,34.4864,-7519.87,2.0495,0.262
4675001,2,37.7266,-7522,0.0734636,0.2966
4680001,3,56.3948,-7517.56,1.31181,0.339
4685001,3,55.9507,-7519.66,0.839272,0.3632
4690001,2,39.0504,-7523.99,0.0422473,0.3232
4695001,2,37.8727,-7527.71,0.0901122,0.3028
4700001,2,35.7854,-7519.28,1.78632,0.3396
4705001,2,37.7728,-7525.14,0.453735,0.296
4710001,2,36.1295,-7526.16,0.899434,0.3684
4715001,3,54.4409,-7528.29,0.97831,0.28
4720001,1,15.9769,-7530.57,0.602238,0.1864
4725001,2,39.7095,-7533.66,0.64683,0.263
4730001,2,36.7781,-7531.06,0.635342,0.2284
4735001,1,18.0605,-7530.65,0.782754,0.2264
4740001,1,15.9863,-7530.7,0.179889,0.2216
4745001,1,17.3647,-7530.11,0.0201715,0.2194
4750001,3,48.5682,-7529.92,3.91365,0.2282
4755001,1,17.636,-7528.92,0.224529,0.263
4760001,2,36.435,-7532.16,2.17782,0.2066
4765001,2,36.3105,-7533.16,1.47912,0.2306
4770001,2,39.0162,-7530.12,0.0865472,0.2722
4775001,1,19.0173,-7531.72,0.510059,0.2206
4780001,1,15.8617,-7531.17,2.15575,0.2064
4785001,1,16.4816,-7529.03,0.531148,0.2152
4790001,1,17.9032,-7527.4,0.0506542,0.184
4795001,2,36.2457,-7528.96,0.450346,0.1956
4800001,1,16.7579,-7531.43,0.613041,0.2364
4805001,2,36.4963,-7528.48,0.0456628,0.177
4810001,1,18.1767,-7532.23,0.0479436,0.2788
4815001,2,29.7862,-7531.27,4.49675,0.1788
4820001,2,35.5343,-7529.19,0.409253,0.2412
4825001,1,18.2913,-7533.59,0.695558,0.2112
4830001,1,17.1938,-7528.24,0.278569,0.1824
4835001,3,51.6802,-7529.95,1.11293,0.1718
4840001,1,18.5749,-7531.42,0.656786,0.2232
4845001,1,17.7627,-7531.41,0.827442,0.2118
4850001,2,34.4189,-7531.67,1.8349,0.1922
4855001,3,57.8753,-7530.16,0.0457762,0.243
4860001,2,32.0958,-7527.6,3.264,0.2078
4865001,1,15.1812,-7527.85,1.80641,0.1774
4870001,3,56.1148,-7525.74,0.540419,0.1858
4875001,2,38.1628,-7527.48,0.306533,0.2398
4880001,1,15.2095,-7526.97,2.02823,0.1718
4885001,1,11.3682,-7529.55,4.93392,0.198
4890001,1,13.1039,-7530.64,1.8012,0.2136
4895001,2,30.0102,-7527.19,2.12696,0.231
4900001,1,16.5092,-7528.48,0.0411953,0.1762
4905001,1,16.8542,-7531.35,0.101673,0.1912
4910001,1,17.2892,-7530.06,0.67391,0.2026
4915001,1,16.2484,-7532.22,1.76817,0.21
4920001,1,16.0089,-7530.25,1.19953,0.2212
4925001,1,17.8305,-7530.34,0.250743,0.1734
4930001,1,16.5112,-7528.91,0.464465,0.2362
4935001,1,16.6726,-7529.3,0.00125948,0.2412
4940001,2,34.2672,-7530.23,1.05991,0.2512
4945001,1,14.8587,-7528.66,2.01555,0.1686
4950001,1,17.5935,-7530.16,0.340578,0.1994
4955001,1,16.4258,-7529.7,1.31098,0.1618
4960001,3,52.2844,-7529.56,2.38356,0.2344
4965001,3,53.4964,-7527.91,0.803853,0.2082
4970001,3,52.4544,-7528.08,2.22869,0.2258
4975001,2,37.5737,-7529.55,0.756806,0.2886
4980001,1,17.6572,-7526.8,0.255469,0.1718
4985001,1,18.1367,-7527.24,0.301594,0.2262
4990001,2,36.1189,-7522.7,0.0974771,0.2398
4995001,3,53.6727,-7521.46,0.776479,0.2606
5000001,1,17.0994,-7526.88,0.810143,0.2666
5005001,2,35.2279,-7526.59,2.31323,0.2224
5010001,2,35.5097,-7525.81,0.878849,0.2212
5015001,1,15.8263,-7526.11,1.81081,0.2682
5020001,2,36.5688,-7524.74,0.231504,0.2746
5025001,2,34.9211,-7529.49,3.59945,0.2734
5030001,1,17.2206,-7526.5,0.951362,0.2574
5035001,1,18.1993,-7527.07,0.20572,0.174
5040001,1,13.5273,-7529.9,5.02224,0.2072
5045001,2,36.6537,-7533.09,0.634354,0.2076
5050001,1,17.0939,-7528.03,1.15455,0.1798
5055001,1,17.6207,-7529.3,0.186038,0.1826
5060001,2,37.6169,-7531.42,0.631975,0.2286
5065001,1,17.1772,-7529.09,1.8199,0.1888
5070001,2,35.9372,-7525,0.418879,0.2256
5075001,1,16.7462,-7526.49,0.698894,0.2382
5080001,1,17.1143,-7527.16,0.608402,0.2156
5085001,1,18.6461,-7528.08,0.0428448,0.2282
5090001,1,17.9336,-7527.2,0.134874,0.224
5095001,3,56.0148,-7529.55,1.49998,0.2384
5100001,1,18.8044,-7528.65,0.299707,0.2122
5105001,1,16.1006,-7526.03,0.887524,0.192
5110001,2,33.3037,-7526.94,0.923534,0.2004
5115001,4,69.4567,-7524.48,3.73014,0.2026
5120001,2,36.7327,-7526.33,0.0920138,0.2936
5125001,1,16.0198,-7526.52,0.752333,0.246
5130001,3,50.4,-7527.47,0.0152628,0.2464
5135001,1,16.9842,-7526.05,0.0449388,0.219
5140001,2,35.5889,-7527.93,0.331969,0.224
5145001,1,14.2633,-7527.77,2.36549,0.2192
5150001,2,33.3747,-7527.95,3.08971,0.2654
5155001,2,34.5108,-7527.29,0.856466,0.2354
5160001,1,17.2662,-7529.67,0.558274,0.2426
5165001,2,38.5037,-7533.84,1.30891,0.1944
5170001,1,20.4427,-7534.64,0.104321,0.2818
5175001,2,35.9811,-7535.56,1.56541,0.1906
5180001,1,17.8553,-7532.31,2.12909,0.2738
5185001,2,32.476,-7527.98,2.39204,0.218
5190001,3,52.2864,-7526.96,1.06808,0.1864
5195001,1,20.6486,-7535.21,0.530132,0.2506
5200001,1,19.1081,-7531.24,0.301529,0.2082
5205001,1,19.1508,-7530.34,0.104345,0.1896
5210001,2,32.2198,-7528.57,1.18163,0.1996
5215001,2,33.2362,-7529.72,0.544564,0.2156
5220001,1,18.5173,-7531.07,0.125161,0.2698
5225001,1,17.7639,-7528.17,0.813511,0.3128
5230001,4,73.8661,-7531.31,0.485494,0.197
5235001,3,54.0672,-7525.57,0.925263,0.2408
5240001,2,38.5096,-7532.45,1.33834,0.2884
5245001,1,18.6837,-7528.93,0.251818,0.2688
5250001,1,19.7326,-7533.78,0.857921,0.207
5255001,2,36.3428,-7528.23,1.77141,0.2352
5260001,1,16.3919,-7527.56,1.84,0.2162
5265001,1,18.4121,-7531.61,0.91845,0.188
5270001,1,18.4188,-7530.83,0.0887524,0.1782
5275001,1,17.4235,-7530.7,0.868802,0.2134
5280001,1,14.0751,-7530.85,2.2472,0.187
5285001,2,33.9453,-7526.88,0.780164,0.222
5290001,2,35.2919,-7525.7,0.84958,0.1864
5295001,1,16.7048,-7526.15,0.551419,0.181
5300001,1,16.99,-7530.87,0.212548,0.2406
5305001,1,15.4118,-7525.68,1.70963,0.2702
5310001,1,16.8122,-7526.31,0.977384,0.1656
5315001,1,15.6632,-7527.09,1.73928,0.1984
5320001,3,46.9671,-7520.48,3.77903,0.327
5325001,2,37.364,-7521.69,0.108439,0.322
5330001,2,31.1714,-7527.35,2.37511,0.2578
5335001,1,18.5043,-7528.4,0.0944145,0.2574
5340001,2,30.0728,-7532.42,3.89355,0.195
5345001,1,17.803,-7528.5,0.746761,0.2652
5350001,1,19.2588,-7530.62,0.135595,0.2236
5355001,1,19.8144,-7534.97,0.142902,0.2414
5360001,2,36.5384,-7527.36,0.0983756,0.239
5365001,3,53.112,-7526.71,0.631051,0.2254
5370001,1,17.756,-7527.39,0.116801,0.1902
5375001,3,51.413,-7524.08,2.95472,0.212
5380001,1,21.4635,-7536.78,0.213166,0.2256
5385001,1,19.0473,-7535.99,0.489577,0.2162
5390001,2,36.03,-7526.25,0.0274009,0.1996
5395001,1,17.2957,-7526.37,0.0319946,0.193
5400001,1,17.5157,-7528.78,0.93632,0.2538
5405001,1,17.07,-7527.3,0.460982,0.2102
5410001,2,37.4876,-7527.21,0.620705,0.2044
5415001,1,17.9333,-7527.81,0.115782,0.2166
5420001,1,18.4875,-7531.37,1.1084,0.2064
5425001,1,18.527,-7529.11,0.589257,0.243
5430001,1,14.8336,-7529.49,2.01431,0.2418
5435001,2,30.1354,-7530.2,2.3634,0.2692
5440001,1,13.5415,-7530.97,2.71826,0.2342
5445001,2,33.1135,-7521.1,2.29089,0.2232
5450001,1,13.3922,-7530.4,3.30571,0.244
5455001,1,14.3827,-7529.36,0.858543,0.2514
5460001,1,12.7789,-7531.75,1.13008,0.2356
5465001,2,31.3054,-7527.59,3.54383,0.2196
5470001,1,14.6975,-7528.75,0.281672,0.1768
5475001,2,33.4326,-7530.85,1.73049,0.21
5480001,2,32.8927,-7526.72,2.03647,0.2176
5485001,1,17.9704,-7527.19,0.121658,0.2692
5490001,2,35.8003,-7526.93,0.920076,0.1958
5495001,1,16.2598,-7527.63,2.08842,0.1872
5500001,1,17.6609,-7526.67,0.16043,0.2302
5505001,2,31.937,-7526.34,0.0710176,0.2064
5510001,2,36.4645,-7527.36,1.21144,0.2736
5515001,3,52.3831,-7525.69,2.09073,0.256
5520001,1,17.0634,-7526.13,0.659649,0.2142
5525001,3,54.0981,-7527.84,0.401016,0.2142
5530001,2,36.7709,-7522.67,0.374795,0.2426
5535001,1,17.1168,-7527.3,0.114626,0.2202
5540001,1,13.5161,-7526.96,3.9716,0.1858
5545001,2,34.0003,-7526.68,1.0382,0.2084
5550001,2,35.0924,-7528.09,1.01753,0.3316
5555001,3,54.5725,-7523.22,0.511966,0.2442
5560001,2,34.7878,-7526.87,1.02825,0.2048
5565001,3,53.56,-7527.56,0.106455,0.2264
5570001,1,16.7928,-7526.83,0.826558,0.2066
5575001,1,18.0519,-7532.84,0.861214,0.2018
5580001,2,39.1435,-7535.26,0.517704,0.196
5585001,1,17.1989,-7526.03,0.610607,0.1994
5590001,2,35.3688,-7525.96,0.1027,0.2326
5595001,1,15.1511,-7526.47,2.8346,0.2622
5600001,3,53.0648,-7518.21,1.78734,0.3026
5605001,3,51.3417,-7515.82,0.396434,0.317
5610001,1,16.3103,-7526.13,1.2552,0.3108
5615001,1,16.6156,-7527.09,0.478428,0.1992
5620001,2,34.2768,-7527.18,1.38545,0.266
5625001,3,53.0599,-7528.97,0.839368,0.2542
5630001,3,55.2688,-7527.68,0.240707,0.243
5635001,1,15.8787,-7530.05,1.57816,0.2416
5640001,1,16.4488,-7529.95,0.0543575,0.1776
5645001,1,15.745,-7527.52,1.91612,0.1958
5650001,2,33.3994,-7530.13,1.39849,0.2452
5655001,1,16.2943,-7529.93,0.426145,0.2072
5660001,1,14.8872,-7527.62,2.16286,0.2256
5665001,1,16.6472,-7528.47,0.9087,0.2368
5670001,1,17.7868,-7529.6,0.119248,0.3042
5675001,2,37.4443,-7535.77,0.549508,0.1764
5680001,1,19.1746,-7534.47,0.299931,0.2666
5685001,2,33.4571,-7531.55,2.46917,0.1926
5690001,1,18.5038,-7531.01,0.0779069,0.1936
5695001,1,17.8976,-7530.59,0.747748,0.197
5700001,1,14.8518,-7529.55,0.450655,0.2504
5705001,1,17.3044,-7527.98,0.294559,0.2374
5710001,1,14.8359,-7532.54,4.92409,0.2134
5715001,1,17.7342,-7529.35,0.037876,0.2302
5720001,2,38.133,-7531.97,0.170757,0.225
5725001,1,17.0654,-7529.87,1.16284,0.1618
5730001,1,16.709,-7527.01,1.126,0.1778
5735001,1,17.5746,-7530.01,1.37349,0.1708
5740001,2,36.4038,-7521.69,1.03316,0.2796
5745001,2,34.6838,-7526.3,1.11891,0.194
5750001,1,16.3889,-7528.55,0.905134,0.2104
5755001,1,16.1929,-7525.91,0.465386,0.271
5760001,1,16.6551,-7528,1.32107,0.278
5765001,2,36.3411,-7525.64,0.110415,0.2206
5770001,1,18.1776,-7528.81,0.0238191,0.2384
5775001,1,18.6466,-7532.5,1.28771,0.202
5780001,3,57.6373,-7537.2,0.360858,0.2422
5785001,1,14.3644,-7528.72,4.53197,0.2034
5790001,2,37.1963,-7528.36,0.885786,0.2782
5795001,2,38.5732,-7530.27,0.102059,0.2256
5800001,1,17.7615,-7532.49,2.19552,0.21
5805001,1,17.3428,-7526.39,0.63956,0.2494
5810001,1,17.1089,-7525.97,0.196748,0.2428
5815001,1,17.1989,-7526.49,0.568961,0.2226
5820001,1,17.3162,-7526.16,0.569691,0.182
5825001,1,17.8959,-7527.95,0.709953,0.1838
5830001,1,17.8014,-7531.32,1.00302,0.2406
5835001,2,38.2569,-7528.88,0.524853,0.2094
5840001,1,17.0296,-7528.42,1.3177,0.2524
5845001,1,17.0941,-7528.2,1.48111,0.1882
5850001,1,19.5846,-7532.31,0.315645,0.2122
5855001,1,19.197,-7531.16,0.318095,0.2048
5860001,1,16.4933,-7526.84,0.944137,0.2248
5865001,1,18.1937,-7528.97,0.408524,0.1948
5870001,1,17.7571,-7529.42,0.705721,0.1916
5875001,1,17.832,-7527.65,0.792667,0.2124
5880001,2,36.247,-7520.55,1.74009,0.2912
5885001,3,56.1082,-7517.59,0.364952,0.2686
5890001,3,51.5793,-7519.94,2.25885,0.308
5895001,4,72.3202,-7523.34,0.63967,0.3352
5900001,1,17.508,-7528.43,1.23588,0.3
5905001,2,37.6045,-7528.89,0.0713356,0.1958
5910001,1,17.8407,-7526.63,0.357043,0.1584
5915001,1,14.7385,-7526.88,3.5015,0.2552
5920001,1,15.3672,-7528.68,2.76314,0.243
5925001,1,17.8236,-7528.79,0.647531,0.269
5930001,3,56.6641,-7516.9,0.149888,0.1782
5935001,1,16.0056,-7528.02,0.776489,0.2252
5940001,2,38.2826,-7525.99,0.148288,0.2952
5945001,2,35.8062,-7521.27,2.13664,0.307
5950001,1,17.7226,-7528.16,0.347253,0.3016
5955001,2,35.8868,-7528.57,1.01136,0.2098
5960001,1,18.1211,-7527.72,0.437352,0.1866
5965001,2,36.5244,-7529.85,0.106276,0.21
5970001,2,37.0031,-7531.86,1.08142,0.2082
5975001,1,16.7394,-7526.58,0.674486,0.2138
5980001,1,16.8244,-7525.79,0.315524,0.2248
5985001,2,32.041,-7527.67,4.574,0.2362
5990001,1,13.6398,-7526.25,2.87321,0.2348
5995001,1,16.0884,-7525.64,0.615067,0.1988
6000001,1,15.0502,-7525.93,1.87194,0.1824
6005001,2,33.7363,-7526.17,0.857083,0.232
6010001,1,16.3904,-7526.57,0.612155,0.1934
6015001,1,11.3024,-7526.3,5.84641,0.198
6020001,1,17.6743,-7528.96,0.416448,0.1982
6025001,1,16.7584,-7527.96,0.73317,0.22
6030001,2,33.6928,-7528.4,3.56558,0.1996
6035001,1,16.8544,-7527.58,0.0923549,0.2562
6040001,1,15.1771,-7528.47,0.825748,0.183
6045001,2,34.9668,-7522.49,1.14896,0.2436
6050001,3,55.9156,-7523.43,0.730162,0.2832
6055001,2,32.5407,-7524.18,4.23922,0.3152
6060001,2,32.615,-7527.03,1.04783,0.3412
6065001,2,35.3703,-7527.44,0.925433,0.234
6070001,1,16.0442,-7529.66,0.541563,0.2058
6075001,1,17.3075,-7528.22,0.543446,0.1996
6080001,1,17.8985,-7528.8,0.177533,0.2132
6085001,2,35.8954,-7523.23,1.35696,0.2222
6090001,1,17.7035,-7528.63,1.05129,0.2054
6095001,2,34.3497,-7526.71,2.35803,0.211
6100001,1,17.4839,-7528.09,0.521191,0.2122
6105001,3,53.8101,-7531.15,0.758328,0.1832
6110001,1,18.951,-7532.18,0.152983,0.185
6115001,1,17.1491,-7527.82,0.730623,0.2276
6120001,2,34.6142,-7527.25,0.616538,0.2002
6125001,2,32.4076,-7527.29,0.459745,0.1834
6130001,1,15.5729,-7531.92,1.41287,0.1978
6135001,2,36.2364,-7529.34,1.37219,0.2666
6140001,1,16.9759,-7526.55,0.3426,0.281
6145001,1,19.0266,-7532.45,0.165311,0.2072
6150001,3,56.4762,-7538.41,0.950297,0.1908
6155001,2,37.5371,-7528.4,0.0429887,0.2814
6160001,1,16.4055,-7526.19,0.148947,0.2772
6165001,1,16.4852,-7526.33,0.358851,0.1936
6170001,1,15.9835,-7528.01,0.24601,0.254
6175001,1,14.8717,-7526.43,1.73645,0.2166
6180001,1,16.3629,-7525.84,0.390961,0.2408
6185001,2,35.2508,-7526.56,1.57244,0.2182
6190001,2,38.6503,-7532.97,0.0780507,0.2384
6195001,1,16.7453,-7526.62,0.689157,0.2194
6200001,1,16.2734,-7530.92,1.43633,0.1612
6205001,1,17.3683,-7526.92,0.852652,0.1754
6210001,1,17.3902,-7531.6,1.00045,0.2418
6215001,1,18.3536,-7530.15,0.185059,0.2272
6220001,1,17.2144,-7527.09,0.21319,0.1914
6225001,1,17.2466,-7527.65,0.793124,0.2078
6230001,4,70.4662,-7523.61,0.420117,0.218
6235001,1,15.734,-7526.3,0.649936,0.2276
6240001,1,16.2702,-7526.41,0.0904713,0.2484
6245001,2,29.7289,-7528.32,1.76832,0.2258
6250001,1,15.0708,-7525.95,1.55266,0.2428
6255001,1,17.5803,-7527.92,0.299372,0.1788
6260001,1,18.1508,-7528.99,0.864486,0.212
6265001,3,51.7498,-7524.35,0.565153,0.2402
6270001,2,35.2025,-7523.86,0.546617,0.246
6275001,2,34.3331,-7525.28,1.19325,0.2818
6280001,1,16.0172,-7530.96,0.533207,0.2102
6285001,1,15.8977,-7527.38,0.367838,0.1876
6290001,1,15.8019,-7528.05,1.83618,0.1716
6295001,2,36.751,-7526.64,1.28116,0.266
6300001,1,17.2392,-7526.81,0.0641318,0.2394
6305001,1,17.1461,-7528.03,0.344527,0.1878
6310001,2,32.2118,-7529.83,1.19658,0.17
6315001,1,14.9332,-7527.11,0.627349,0.189
6320001,1,13.2841,-7530.04,2.76565,0.2084
6325001,2,35.9759,-7531.06,0.75513,0.1958
6330001,1,17.495,-7528.16,0.842119,0.2426
6335001,3,48.1429,-7529.6,2.72244,0.2274
6340001,2,36.5176,-7529.73,0.257505,0.1812
6345001,1,15.6376,-7525.66,1.07694,0.1764
6350001,1,16.8397,-7525.76,0.422378,0.2038
6355001,1,15.0932,-7525.91,1.99173,0.2048
6360001,2,34.2093,-7525.68,0.1656,0.2126
6365001,1,19.1723,-7530.28,0.158658,0.1912
6370001,1,18.3173,-7529.25,0.525974,0.1832
6375001,1,17.135,-7526.16,0.0842434,0.1672
6380001,1,18.2118,-7529.34,0.529051,0.1876
6385001,1,18.3654,-7529.39,0.394661,0.2348
6390001,1,17.8152,-7527.12,0.327715,0.2216
6395001,3,54.7852,-7528.61,0.302127,0.2092
6400001,1,16.7592,-7528.1,0.55285,0.2384
6405001,1,16.9764,-7525.82,0.174031,0.1886
6410001,1,18.2216,-7528.14,0.328156,0.1756
6415001,1,18.4469,-7527.59,0.265508,0.2382
6420001,1,17.6353,-7531.38,0.797704,0.249
6425001,4,73.3232,-7521.82,0.27429,0.2686
6430001,6,108.103,-7526.63,0.190235,0.2692
6435001,3,55.3696,-7528.79,0.875582,0.2758
6440001,2,37.0709,-7530.47,1.54519,0.2696
6445001,2,29.1593,-7526.47,3.30635,0.2766
6450001,1,12.8609,-7526.57,4.41162,0.214
6455001,1,16.2056,-7527.39,0.05482,0.2114
6460001,1,16.5012,-7527.41,0.770938,0.1748
6465001,1,17.573,-7526.33,0.126494,0.1996
6470001,2,32.0728,-7530.23,3.36531,0.2426
6475001,2,37.3007,-7529.82,0.929634,0.2496
6480001,2,36.2404,-7526.73,0.069346,0.2676
6485001,1,20.0749,-7534.18,0.00641398,0.255
6490001,1,18.2744,-7530.84,1.06098,0.1894
6495001,1,18.0226,-7528.29,0.303516,0.193
6500001,1,16.756,-7531.3,0.348662,0.188
6505001,2,33.6293,-7523.99,1.11604,0.1962
6510001,1,16.2286,-7525.77,0.496899,0.2388
6515001,2,33.5047,-7528.04,2.93551,0.1832
6520001,1,17.1266,-7526.58,0.120806,0.1916
6525001,1,15.802,-7529.05,1.15184,0.1974
6530001,1,15.4,-7528.35,0.927467,0.2082
6535001,1,17.7148,-7526.65,0.39484,0.2128
6540001,2,32.7493,-7528.04,0.0598781,0.2698
6545001,2,31.3889,-7529.94,4.56272,0.1878
6550001,1,17.2891,-7529.6,0.335468,0.1922
6555001,1,16.4999,-7530.34,1.18554,0.2206
6560001,1,19.8436,-7535.09,0.217898,0.202
6565001,1,17.5622,-7533.4,2.00605,0.2694
6570001,1,18.1985,-7530.68,0.599235,0.2332
6575001,2,33.2739,-7532.35,0.328092,0.1896
6580001,2,34.3469,-7532.87,0.511081,0.242
6585001,2,35.738,-7531.83,0.511385,0.1966
6590001,2,37.7945,-7530,0.376266,0.28
6595001,2,33.001,-7530,0.761327,0.207
6600001,4,74.9206,-7533.98,0.773673,0.2886
6605001,1,17.9997,-7532.14,1.32206,0.2454
6610001,2,35.6086,-7530.68,1.98705,0.2142
6615001,1,18.1641,-7530.91,0.626465,0.2124
6620001,2,32.899,-7526.54,0.0911884,0.2166
6625001,1,16.8489,-7530.13,1.12124,0.236
6630001,1,17.5128,-7529.98,0.199546,0.242
6635001,2,38.71,-7531.54,0.133792,0.2108
6640001,2,34.0654,-7528.46,0.00601019,0.1894
6645001,2,37.8873,-7525.16,0.00646696,0.258
6650001,3,53.3535,-7522.93,1.65927,0.3196
6655001,3,56.2087,-7526.02,1.0706,0.3598
6660001,1,16.0515,-7530.5,1.52943,0.2246
6665001,1,18.2925,-7531.86,1.63247,0.2206
6670001,1,20.6459,-7533.83,0.118789,0.2452
6675001,2,34.5075,-7528.93,0.706975,0.2198
6680001,1,18.5087,-7529.58,0.20825,0.2536
6685001,1,16.7435,-7527.6,0.593661,0.174
6690001,1,15.1187,-7526.89,2.23441,0.19
6695001,1,17.0207,-7526.58,0.432919,0.1884
6700001,1,16.4458,-7530.25,0.899873,0.2406
6705001,1,17.7762,-7527.6,0.184472,0.205
6710001,2,34.8671,-7523.24,1.53465,0.2354
6715001,2,36.2644,-7522.69,0.119639,0.2814
6720001,2,34.7173,-7526.72,1.20654,0.2136
6725001,3,45.3463,-7524.61,0.0142824,0.2266
6730001,1,18.352,-7532.49,0.797906,0.194
6735001,1,17.4254,-7526.14,0.355325,0.1864
6740001,2,34.5183,-7526.65,2.81489,0.2558
6745001,1,17.1679,-7530.51,1.12134,0.2346
6750001,2,30.9837,-7525.95,0.0890833,0.1876
6755001,3,54.4485,-7527.2,3.35608,0.3146
6760001,1,17.3949,-7526.25,0.216308,0.2044
6765001,3,53.9883,-7527.18,1.5579,0.215
6770001,1,17.066,-7526.27,0.527107,0.2236
6775001,1,17.9331,-7528.89,0.57951,0.1878
6780001,3,51.0379,-7525.17,4.34699,0.254
6785001,1,14.4999,-7529.6,4.28789,0.2058
6790001,1,18.2011,-7531.07,0.523035,0.2668
6795001,1,18.2053,-7529.1,0.778555,0.2144
6800001,1,11.2872,-7529.61,3.91988,0.1848
6805001,1,16.1484,-7526.07,0.950174,0.2036
6810001,1,16.3717,-7529.98,0.814146,0.1932
6815001,1,17.877,-7526.23,0.0598474,0.1852
6820001,2,30.9861,-7530.15,1.30657,0.2264
6825001,1,16.8297,-7527.9,0.772586,0.1758
6830001,1,17.3902,-7525.85,0.195901,0.2048
6835001,1,17.4585,-7527.39,0.486009,0.1774
6840001,3,53.9243,-7518.35,0.571339,0.2852
6845001,2,35.7288,-7533.88,1.1019,0.246
6850001,1,17.5108,-7530.27,0.278708,0.2624
6855001,1,16.278,-7526.79,1.15732,0.2078
6860001,2,37.7509,-7529.22,0.156682,0.218
6865001,1,19.7136,-7532.95,0.0810273,0.2016
6870001,1,20.2183,-7536.29,0.708439,0.1966
6875001,1,18.1827,-7533.94,1.31375,0.1516
6880001,1,16.9311,-7533.74,0.473427,0.1528
6885001,1,15.1072,-7533.99,4.93082,0.2208
6890001,1,17.4061,-7531.84,0.548966,0.217
6895001,1,14.916,-7531.05,1.77348,0.208
6900001,2,33.9129,-7532.37,0.337079,0.1728
6905001,2,38.8233,-7532.27,1.0806,0.3152
6910001,2,38.6039,-7535.4,0.032426,0.2424
6915001,1,21.3843,-7540.53,0.156614,0.1828
6920001,2,39.087,-7537.08,0.860302,0.2032
6925001,1,16.8139,-7531.08,0.740278,0.2296
6930001,2,37.5324,-7531.57,0.0981869,0.2522
6935001,1,17.0167,-7531.22,2.22195,0.2214
6940001,1,19.802,-7532.65,0.179683,0.2794
6945001,1,18.3634,-7534.2,1.10562,0.2016
6950001,1,17.6685,-7530.26,1.41983,0.2138
6955001,2,34.1637,-7532.62,3.71689,0.2178
6960001,1,18.2971,-7532.51,1.24377,0.239
6965001,1,18.2185,-7528.85,0.0462266,0.2196
6970001,1,15.8644,-7530.52,1.06279,0.2672
6975001,2,35.2491,-7530.19,2.74277,0.2244
6980001,1,18.3807,-7532.62,1.2748,0.1924
6985001,1,16.5936,-7528.81,1.70719,0.2948
6990001,1,18.3799,-7533.91,0.992062,0.1958
6995001,2,35.5642,-7530.29,0.32606,0.2338
7000001,1,16.4722,-7530.44,1.91481,0.2158
7005001,3,56.2058,-7531.42,1.00296,0.2674
7010001,2,35.9608,-7525.24,0.410278,0.296
7015001,2,35.7163,-7527.93,1.60472,0.2636
7020001,3,57.9162,-7531.54,0.724704,0.248
7025001,1,16.7252,-7531.49,1.21642,0.211
7030001,1,19.8895,-7532.96,0.628401,0.1948
7035001,2,34.0649,-7531.11,0.781533,0.1798
7040001,2,33.6601,-7525.29,2.74101,0.2188
7045001,1,18.4673,-7531.48,0.451064,0.2668
7050001,1,17.0674,-7528.78,1.45528,0.1838
7055001,1,17.4474,-7529.26,0.945662,0.1944
7060001,1,17.6637,-7530.49,0.139282,0.1966
7065001,2,35.6067,-7529.39,0.749134,0.2372
7070001,1,18.1053,-7533.61,0.900562,0.205
7075001,1,17.6745,-7526.37,0.0854588,0.2192
7080001,2,36.1071,-7527.66,0.123727,0.1802
7085001,1,12.1976,-7529.25,5.33345,0.1736
7090001,1,16.5578,-7529.11,1.28603,0.2418
7095001,1,18.163,-7529.43,0.603083,0.1872
7100001,1,14.8448,-7527.35,2.20939,0.229
7105001,2,35.0421,-7522.53,0.703652,0.2764
7110001,1,18.6287,-7531.51,0.0400873,0.2402
7115001,1,17.8149,-7528.7,0.355116,0.2184
7120001,2,35.9809,-7528.67,0.317746,0.2058
7125001,1,15.4517,-7529.32,0.834009,0.221
7130001,2,34.0176,-7531.01,0.705109,0.2064
7135001,3,50.2418,-7528,0.181644,0.251
7140001,2,35.9705,-7526.67,1.1704,0.2778
7145001,3,56.5835,-7536.11,0.073213,0.239
7150001,1,17.7981,-7529.51,0.0853733,0.2136
7155001,2,36.7443,-7524.06,0.0902775,0.1888
7160001,1,16.6621,-7525.81,0.498571,0.1716
7165001,1,17.5928,-7526.54,0.208519,0.1964
7170001,1,12.5036,-7526.16,5.40228,0.208
7175001,1,16.4527,-7527.03,0.155686,0.2356
7180001,3,47.9647,-7526.72,5.89659,0.2196
7185001,1,15.7817,-7527.05,1.85389,0.208
7190001,2,37.8213,-7530.75,1.46949,0.2566
7195001,1,18.5299,-7531.9,0.52333,0.2382
7200001,2,39.0438,-7528.97,0.284332,0.2396
7205001,2,34.0402,-7526.46,0.334389,0.2314
7210001,2,35.3978,-7530.86,1.00374,0.2912
7215001,2,34.3396,-7528.38,2.49129,0.1816
7220001,2,38.2155,-7529.84,0.720631,0.205
7225001,1,16.5348,-7528.85,1.41443,0.2468
7230001,1,18.1258,-7530.07,0.346754,0.1812
7235001,1,19.9478,-7534.21,0.53044,0.1874
7240001,2,37.6115,-7528.73,2.62134,0.2892
7245001,2,35.2601,-7532.35,0.912324,0.245
7250001,2,33.7177,-7528.65,2.7997,0.1974
7255001,4,75.235,-7529.01,0.305402,0.1892
7260001,1,18.7615,-7531.33,0.128761,0.2442
7265001,1,14.0658,-7529.06,2.64856,0.2118
7270001,1,16.4215,-7531.66,1.17945,0.193
7275001,1,17.2949,-7530.4,1.70373,0.214
7280001,1,17.3567,-7529.82,1.6727,0.191
7285001,2,38.0734,-7530.98,0.353339,0.1972
7290001,1,16.6182,-7529.45,0.139332,0.2482
7295001,1,16.1004,-7527.06,0.119281,0.2028
7300001,2,36.2367,-7520.64,0.18614,0.2324
7305001,2,35.8973,-7518.75,0.465051,0.29
7310001,3,55.511,-7520.76,0.375976,0.3008
7315001,1,17.9226,-7529.39,0.347971,0.2476
7320001,1,17.0563,-7527.86,0.667614,0.1664
7325001,1,15.9977,-7525.61,0.719505,0.2044
7330001,1,15.0614,-7527.16,2.26452,0.2326
7335001,1,16.3176,-7525.69,0.228011,0.1982
7340001,1,16.9147,-7526.53,1.14727,0.256
7345001,1,17.3344,-7531.76,1.38459,0.1912
7350001,1,16.5462,-7526.68,1.24167,0.2456
7355001,1,14.8242,-7525.83,2.60291,0.2528
7360001,1,16.3903,-7530.5,2.39528,0.1696
7365001,2,34.4012,-7519.45,2.3095,0.193
7370001,1,17.8445,-7527.64,0.0485944,0.2622
7375001,2,37.1997,-7529.2,1.44495,0.1652
7380001,2,33.619,-7526.22,2.54817,0.2236
7385001,1,16.7812,-7528.34,0.0129701,0.2086
7390001,1,14.8305,-7526.25,1.75255,0.2292
7395001,2,32.8285,-7530.15,1.48444,0.2494
7400001,1,16.5545,-7528.93,0.716838,0.189
7405001,1,16.0892,-7525.69,0.965954,0.1964
7410001,1,16.3446,-7526.09,0.28156,0.1672
7415001,1,16.2354,-7527.04,0.355096,0.2016
7420001,1,16.6233,-7527.63,0.152896,0.1898
7425001,1,15.3756,-7526.27,1.6128,0.2294
7430001,1,16.8876,-7525.68,6.61554e-05,0.2642
7435001,1,14.452,-7527.91,1.0106,0.2114
7440001,1,15.7368,-7525.94,1.78128,0.2146
7445001,2,34.5437,-7525.29,0.82886,0.2654
7450001,1,17.7848,-7526.46,0.262309,0.2422
7455001,1,14.3308,-7530.22,2.96603,0.263
7460001,1,16.5823,-7527.72,0.983106,0.2256
7465001,2,36.4163,-7528.25,0.0880864,0.2192
7470001,1,18.8275,-7530.69,0.289771,0.2364
7475001,1,19.0641,-7531.81,0.201524,0.2014
7480001,2,34.1294,-7531.28,2.34755,0.207
7485001,1,12.9425,-7531.84,4.1423,0.2228
7490001,1,16.9428,-7528.47,0.338115,0.234
7495001,1,14.6623,-7534.01,4.4062,0.254
7500001,3,56.666,-7534.59,0.809828,0.2628
7505001,2,40.0357,-7535.63,0.894063,0.2036
7510001,1,17.0122,-7526.77,0.248664,0.1932
7515001,1,13.5773,-7529.09,4.63536,0.1734
7520001,2,35.8613,-7530.29,0.1053,0.1698
7525001,1,17.4743,-7527.21,0.396352,0.2378
7530001,1,14.6534,-7526.27,2.49126,0.2116
7535001,1,16.3985,-7526.72,0.422227,0.2768
7540001,3,54.8006,-7528.22,0.0503349,0.2298
7545001,1,14.5985,-7525.91,1.84254,0.1734
7550001,1,16.8871,-7526.22,0.555495,0.166
7555001,2,36.008,-7527.08,0.0281226,0.2306
7560001,1,16.4721,-7529.83,0.226345,0.2078
7565001,2,35.9812,-7520.68,1.09767,0.2098
7570001,2,35.1292,-7520.12,2.10483,0.24
7575001,2,36.071,-7521.68,0.652301,0.2606
7580001,1,15.6561,-7527.01,1.6275,0.2428
7585001,1,16.181,-7527.02,0.130655,0.2012
7590001,2,30.3437,-7528.65,5.67607,0.2116
7595001,1,14.9369,-7528.69,0.889847,0.2166
7600001,2,31.8999,-7526.04,3.48628,0.2106
7605001,1,12.7994,-7527.87,3.41087,0.187
7610001,3,53.3825,-7525.89,0.818986,0.2234
7615001,2,35.9002,-7526.05,0.160294,0.211
7620001,1,17.7696,-7527.08,0.27206,0.2232
7625001,1,16.65,-7527.64,0.565038,0.2094
7630001,2,35.6838,-7525.14,0.187556,0.2084
7635001,1,18.224,-7527.78,0.0945662,0.2322
7640001,2,37.5095,-7527.78,0.0913749,0.2194
7645001,1,17.0882,-7526.01,0.144328,0.2344
7650001,1,14.979,-7526.65,1.65831,0.2056
7655001,2,32.4031,-7526.61,4.23155,0.2526
7660001,1,16.6654,-7526.12,0.74466,0.2492
7665001,1,14.1708,-7526.41,2.79927,0.203
7670001,1,16.5666,-7526.89,1.58168,0.2338
7675001,1,17.799,-7528.16,0.105543,0.235
7680001,1,17.5675,-7528.17,1.04422,0.2364
7685001,1,18.5846,-7527.81,0.0658666,0.2264
7690001,3,58.4198,-7525.62,0.273816,0.2684
7695001,2,35.0829,-7527.35,2.24699,0.3026
7700001,2,34.9691,-7526.06,1.088,0.3178
7705001,1,17.4255,-7528.69,0.0738835,0.1908
7710001,2,37.0497,-7526.54,0.400731,0.176
7715001,1,18.426,-7527.83,0.265252,0.2352
7720001,1,16.4814,-7532.48,0.849428,0.2132
7725001,1,16.6458,-7526.06,0.327118,0.2206
7730001,3,51.7852,-7528.77,0.437313,0.2206
7735001,1,15.3019,-7534.91,0.785001,0.233
7740001,2,35.2603,-7527.88,0.729352,0.2472
7745001,1,15.2385,-7528.51,0.380775,0.2032
7750001,1,15.3912,-7529.34,0.122211,0.24
7755001,2,31.7419,-7523.7,3.71006,0.21
7760001,1,17.9508,-7529.8,0.00158643,0.2568
7765001,2,37.0916,-7527.17,0.0827266,0.1966
7770001,1,17.389,-7528.24,0.52654,0.203
7775001,2,36.5415,-7523.73,0.363137,0.2132
7780001,2,33.4115,-7528.55,2.95027,0.233
7785001,1,16.7262,-7529.16,0.296872,0.2238
7790001,2,35.7851,-7523.88,0.0619657,0.1662
7795001,1,14.2271,-7527.01,1.33549,0.2206
7800001,3,47.7995,-7525.25,0.403359,0.206
7805001,2,34.8642,-7526.93,0.0425912,0.2252
7810001,2,35.3985,-7526.45,0.577513,0.1894
7815001,1,16.7207,-7527.56,0.0636472,0.2094
7820001,1,14.9965,-7530.97,3.75624,0.1868
7825001,1,14.9597,-7526.72,1.83938,0.243
7830001,1,17.6323,-7526.16,0.156415,0.1788
7835001,1,17.3512,-7525.84,0.0506009,0.2706
7840001,1,16.7233,-7527.11,0.0260338,0.2184
7845001,1,15.9514,-7525.99,0.176578,0.1512
7850001,1,16.6272,-7526.52,0.644784,0.217
7855001,2,34.2354,-7525.71,0.617153,0.2478
7860001,2,33.9465,-7526.15,0.60377,0.1926
7865001,1,16.2926,-7526.21,0.728481,0.2408
7870001,1,18.3606,-7527.76,0.206893,0.2032
7875001,1,17.7182,-7527.4,0.881633,0.2166
7880001,1,17.657,-7527.01,0.169609,0.247
7885001,2,36.6282,-7529.9,0.149628,0.1892
7890001,2,33.8641,-7526.94,1.88286,0.2354
7895001,1,17.6416,-7527.37,0.775752,0.1788
7900001,1,17.4439,-7527.37,0.120039,0.2536
7905001,2,34.9031,-7526.58,0.0151665,0.241
7910001,3,54.4335,-7521.04,0.258067,0.2504
7915001,2,35.1728,-7525.05,0.0052496,0.23
7920001,1,16.0541,-7525.84,0.75576,0.2662
7925001,1,16.4039,-7525.86,0.885949,0.2474
7930001,1,17.3866,-7526.6,0.319182,0.216
7935001,2,35.2106,-7524.97,0.539539,0.1996
7940001,1,17.4704,-7526.59,0.692979,0.2012
7945001,2,35.7207,-7530.43,0.84874,0.1718
7950001,1,10.231,-7532.6,8.8218,0.2232
7955001,2,36.913,-7532.74,0.271489,0.288
7960001,2,34.3516,-7527.01,1.16156,0.2244
7965001,1,16.9872,-7527.16,1.18818,0.2238
7970001,1,17.9844,-7527.44,0.115026,0.2052
7975001,3,55.6137,-7527.84,0.260655,0.2746
7980001,1,16.012,-7526.13,1.75402,0.2176
7985001,2,32.7512,-7524.54,0.787888,0.2376
7990001,1,15.214,-7526.27,2.53744,0.1786
7995001,1,16.2057,-7527.91,0.09612,0.2434
8000001,3,54.4594,-7522.68,0.0276042,0.3478
8005001,1,14.7212,-7527.99,1.54244,0.175
8010001,2,36.1105,-7525.2,0.00796109,0.202
8015001,1,16.0464,-7526.83,0.52711,0.2068
8020001,2,36.6832,-7523.32,0.192214,0.24
8025001,2,36.5164,-7528.25,0.682631,0.2364
8030001,1,16.7777,-7526.93,0.842751,0.2272
8035001,2,35.3399,-7518.68,1.00344,0.2816
8040001,1,15.1815,-7526.14,1.20765,0.2516
8045001,1,16.4797,-7526.6,0.710988,0.1786
8050001,1,17.11,-7526.41,0.0953765,0.2156
8055001,2,35.8592,-7520.86,0.440752,0.264
8060001,1,16.6712,-7526.22,0.704347,0.221
8065001,2,35.2384,-7530,1.49845,0.2404
8070001,1,16.009,-7526.37,0.778714,0.2196
8075001,2,36.288,-7525.09,0.224308,0.196
8080001,2,35.9535,-7524.75,0.299639,0.2438
8085001,1,16.5942,-7527.01,0.417979,0.1852
8090001,2,35.4269,-7526.3,0.902899,0.2264
8095001,1,17.7235,-7529.28,0.46015,0.214
8100001,2,38.6478,-7533.45,1.3686,0.2042
8105001,1,17.1585,-7529.64,0.240023,0.1772
8110001,3,53.1073,-7528.11,0.0491502,0.2328
8115001,2,35.8636,-7528,0.337882,0.248
8120001,3,53.2593,-7528.18,0.226918,0.3198
8125001,3,57.444,-7520.97,0.3542,0.304
8130001,2,37.9301,-7520.16,0.229137,0.3066
8135001,2,37.2786,-7520.25,0.772837,0.3002
8140001,2,37.3363,-7519.29,0.0423904,0.3024
8145001,2,37.4317,-7520.62,1.00425,0.2994
8150001,3,51.9943,-7519.82,1.29306,0.3282
8155001,1,15.5141,-7529.1,0.00140803,0.2504
8160001,1,15.2631,-7529.92,0.180508,0.1908
8165001,1,19.5778,-7532.8,0.7898,0.2298
8170001,1,18.0186,-7529.04,0.632449,0.1642
8175001,1,14.8451,-7526.99,1.41316,0.2236
8180001,1,12.5629,-7528.9,3.10023,0.2352
8185001,2,34.7134,-7527.47,0.242066,0.1556
8190001,1,17.1357,-7526.22,0.0760485,0.1984
8195001,1,13.9441,-7525.82,2.83639,0.2278
8200001,1,18.2103,-7527.77,0.528564,0.1716
8205001,2,37.8595,-7528.12,0.448986,0.2236
8210001,2,35.8421,-7529.81,0.493699,0.1984
8215001,1,18.0104,-7530.76,1.14681,0.1926
8220001,1,18.1407,-7531.16,0.728262,0.2938
8225001,1,18.0178,-7527.39,0.410533,0.1852
8230001,1,16.2193,-7526.06,0.892998,0.176
8235001,3,54.8355,-7518.94,2.44534,0.2844
8240001,2,36.9234,-7520.67,0.888244,0.305
8245001,2,36.9911,-7524.9,0.586062,0.3208
8250001,2,34.819,-7525.48,2.04937,0.2484
8255001,1,16.8979,-7526.7,0.470985,0.2026
8260001,1,16.2445,-7530.75,2.74238,0.2152
8265001,1,16.7687,-7527.53,1.67091,0.249
8270001,3,52.4337,-7531.5,0.784009,0.175
8275001,1,19.4654,-7532.2,0.114821,0.2126
8280001,2,34.8495,-7526.37,1.64064,0.1804
8285001,3,54.6098,-7522.23,0.714125,0.2408
8290001,3,57.8493,-7522.33,0.820039,0.3074
8295001,2,38.27,-7520.77,0.298826,0.2756
8300001,2,35.0395,-7520.4,1.91425,0.2622
8305001,2,37.3279,-7522.33,0.256125,0.3108
8310001,3,59.0324,-7533.74,0.165641,0.2386
8315001,2,37.809,-7533.28,0.503077,0.2254
8320001,1,18.7066,-7531.58,0.466723,0.2038
8325001,1,16.6191,-7529.85,0.288726,0.2128
8330001,1,15.6203,-7529.36,2.46297,0.1972
8335001,1,17.6189,-7530.1,0.968202,0.2968
8340001,2,37.8377,-7531.7,0.657876,0.1982
8345001,1,17.0918,-7527.44,0.644009,0.2556
8350001,2,37.1669,-7527.42,0.454388,0.2122
8355001,2,35.365,-7522.57,1.63616,0.2714
8360001,1,18.0665,-7527.44,0.352525,0.2226
8365001,1,18.7908,-7531.19,0.52661,0.2306
8370001,2,37.835,-7525.18,1.55706,0.2322
8375001,3,51.9243,-7518.83,4.16866,0.3448
8380001,4,69.9226,-7520.56,1.91772,0.3258
8385001,1,17.209,-7527.35,0.22141,0.3254
8390001,1,16.9952,-7526.56,0.3105,0.1926
8395001,1,17.0891,-7526.39,0.587918,0.2146
8400001,1,17.4229,-7528.11,0.25803,0.1908
8405001,1,15.5589,-7527.14,1.88748,0.161
8410001,2,37.4566,-7526.95,0.121373,0.2106
8415001,1,15.8634,-7527.85,2.01198,0.1932
8420001,2,36.6859,-7526.08,0.460133,0.3072
8425001,1,15.6488,-7529.6,0.403079,0.2584
8430001,1,13.8517,-7526.38,2.69283,0.2012
8435001,2,31.064,-7526.63,3.6193,0.2106
8440001,1,16.686,-7530.71,0.331908,0.2426
8445001,2,35.2591,-7520.36,2.48703,0.2304
8450001,1,17.3292,-7528.47,0.362422,0.1766
8455001,1,17.4081,-7529.77,0.375531,0.2162
8460001,1,16.1294,-7528.46,0.49289,0.2018
8465001,2,35.1923,-7528.33,0.61679,0.2608
8470001,1,16.3292,-7526.7,0.212983,0.2598
8475001,1,17.9876,-7527.88,0.135084,0.1828
8480001,2,36.2685,-7531.94,0.734807,0.2478
8485001,2,29.5977,-7530.3,0.137519,0.254
8490001,3,53.2839,-7530.05,0.374085,0.2872
8495001,1,16.012,-7527.14,0.142495,0.212
8500001,1,14.26,-7527.52,2.18896,0.1658
8505001,1,16.0252,-7526.97,0.889268,0.193
8510001,2,33.552,-7523.25,1.73121,0.2766
8515001,1,18.2003,-7530.09,0.233121,0.213
8520001,1,17.0582,-7529.75,1.64888,0.205
8525001,2,30.5705,-7529.06,0.0430597,0.2344
8530001,2,35.37,-7525.92,0.317344,0.1702
8535001,2,35.8416,-7529.14,1.67602,0.2348
8540001,1,16.2277,-7528.19,1.90389,0.2062
8545001,2,34.8889,-7522.85,0.111662,0.3478
8550001,1,15.275,-7526.99,2.5338,0.2484
8555001,1,11.3304,-7526.63,4.21275,0.2172
8560001,1,16.0081,-7526.41,0.251672,0.2118
8565001,2,34.4617,-7528.8,0.725647,0.2992
8570001,2,33.8146,-7529.66,0.338578,0.2266
8575001,1,16.9466,-7526.76,0.777732,0.2386
8580001,2,35.0131,-7526.19,0.234302,0.2842
8585001,1,18.4396,-7529.04,0.531637,0.2072
8590001,2,33.6796,-7529.17,2.4183,0.2352
8595001,2,33.4155,-7524.91,0.390079,0.206
8600001,1,15.8731,-7531.09,2.6326,0.2314
8605001,2,36.7975,-7531.34,0.0856924,0.222
8610001,1,17.1805,-7526.45,0.515374,0.1904
8615001,1,18.2466,-7528.84,0.363084,0.2014
8620001,1,18.8005,-7530.94,0.19112,0.2304
8625001,4,67.8227,-7527.12,0.213543,0.1918
8630001,1,17.2435,-7526.07,0.0385784,0.248
8635001,1,16.9216,-7530.4,0.922802,0.2192
8640001,3,53.4641,-7527.25,1.16539,0.1922
8645001,1,16.6686,-7525.74,0.531872,0.2384
8650001,2,36.1215,-7524.76,0.103163,0.2192
8655001,1,16.7827,-7527.35,0.484131,0.207
8660001,2,34.1919,-7528.42,2.47722,0.2324
8665001,1,15.0186,-7526.65,1.66084,0.2852
8670001,1,16.2267,-7526.13,0.0461004,0.1994
8675001,1,15.7093,-7526.91,0.879333,0.202
8680001,2,34.6465,-7526.56,0.38262,0.2168
8685001,2,34.2573,-7527.81,0.14607,0.2688
8690001,3,54.2383,-7525.11,1.50534,0.1912
8695001,1,16.7436,-7526.72,0.576164,0.2064
8700001,1,16.2935,-7527.34,0.211735,0.2134
8705001,1,14.9997,-7526.59,2.50532,0.2762
8710001,1,16.3966,-7528.01,0.982824,0.2372
8715001,2,32.1619,-7522.47,1.66521,0.2512
8720001,1,16.0151,-7527.02,0.911057,0.196
8725001,3,55.3493,-7529.28,1.51777,0.2022
8730001,3,51.1177,-7527.16,1.00533,0.2288
8735001,1,18.4294,-7528.42,0.138089,0.3222
8740001,1,18.1726,-7532.61,0.0555732,0.2424
8745001,1,17.5209,-7527.66,0.557577,0.1624
8750001,3,49.5967,-7521.93,1.65844,0.2982
8755001,3,54.3758,-7519.1,0.318553,0.2684
8760001,2,31.4368,-7526.03,1.78453,0.291
8765001,1,16.9895,-7525.87,0.322554,0.1874
8770001,1,17.7989,-7532.84,0.491576,0.2346
8775001,2,36.6463,-7526.93,0.368623,0.1608
8780001,1,16.3522,-7527.09,0.682026,0.207
8785001,1,16.0764,-7527.55,0.282487,0.2246
8790001,3,54.6836,-7519.42,0.14676,0.2306
8795001,1,17.5871,-7527.02,0.45016,0.2854
8800001,1,17.3881,-7530.77,1.34444,0.2576
8805001,2,36.4812,-7529.59,0.262891,0.2106
8810001,1,16.38,-7526.25,0.886955,0.2144
8815001,1,16.0418,-7525.9,0.115994,0.1838
8820001,3,52.0263,-7525.89,3.93302,0.1866
8825001,1,15.9044,-7525.95,1.57817,0.2108
8830001,1,18.0945,-7527.37,0.135185,0.2138
8835001,1,18.1379,-7528.19,0.483621,0.2178
8840001,1,19.388,-7531.46,0.325441,0.247
8845001,1,18.8667,-7532.07,0.658326,0.2396
8850001,1,18.0914,-7533.51,1.31345,0.2064
8855001,2,38.8505,-7530.65,0.610081,0.2332
8860001,1,20.4444,-7537.46,0.0718542,0.257
8865001,1,19.6338,-7533.5,0.570417,0.21
8870001,2,40.2973,-7536.64,0.953467,0.201
8875001,1,19.4959,-7533.01,0.0287423,0.2122
8880001,2,32.7879,-7535.34,0.624625,0.2184
8885001,2,37.7504,-7532.18,0.351564,0.2246
8890001,1,19.1231,-7534.02,0.407264,0.2292
8895001,1,20.0207,-7537.28,0.535008,0.1934
8900001,2,36.965,-7532.72,2.09887,0.2574
8905001,2,36.0065,-7530.96,0.762339,0.2052
8910001,2,36.141,-7529.39,2.26324,0.2518
8915001,1,17.5506,-7534.3,1.40378,0.1764
8920001,1,16.5401,-7535.36,0.461776,0.1814
8925001,2,35.2007,-7530.49,0.226976,0.2092
8930001,1,17.1142,-7531.34,2.02343,0.202
8935001,2,34.5643,-7530.47,1.78346,0.2076
8940001,2,34.0416,-7532.14,4.21112,0.2336
8945001,2,35.69,-7532.71,0.043161,0.2044
8950001,1,20.0238,-7533.26,0.351248,0.2008
8955001,1,16.8804,-7530.95,2.1056,0.1952
8960001,2,35.8295,-7531.19,0.911343,0.2088
8965001,1,19.3507,-7532.98,0.293721,0.2362
8970001,1,17.5486,-7529.71,0.0564897,0.2054
8975001,1,14.9883,-7529.61,1.74494,0.1672
8980001,1,17.5662,-7529.23,0.142857,0.198
8985001,1,18.2554,-7531.07,0.0757126,0.2034
8990001,1,20.4313,-7533.94,0.0483868,0.1774
8995001,3,53.5327,-7528,2.33338,0.196
9000001,1,17.0251,-7529.68,0.786907,0.273
9005001,3,55.6635,-7531.61,1.00689,0.2324
9010001,1,15.8349,-7532.12,1.29655,0.1992
9015001,1,14.8709,-7531.72,1.24059,0.2056
9020001,2,37.7408,-7533.19,0.801318,0.2202
9025001,1,19.129,-7532.29,0.053921,0.2472
9030001,1,19.9795,-7533.68,0.217516,0.2136
9035001,1,15.5671,-7529.71,1.39864,0.2126
9040001,1,14.7696,-7529.43,2.43046,0.2346
9045001,1,15.1101,-7535.04,5.16072,0.2306
9050001,1,17.1383,-7530.6,0.985909,0.175
9055001,2,31.6024,-7530.9,0.880006,0.231
9060001,1,17.0492,-7529.89,1.22757,0.183
9065001,1,17.1782,-7530.68,1.66989,0.2038
9070001,3,54.7351,-7521.41,0.0640291,0.257
9075001,1,16.1788,-7525.81,0.92655,0.2976
9080001,1,15.0383,-7528.01,0.40968,0.2188
9085001,1,16.6092,-7530.03,0.248419,0.2224
9090001,1,15.9645,-7526.81,0.168108,0.2462
9095001,1,14.261,-7528.56,0.614308,0.1906
9100001,3,52.6458,-7534.53,1.99047,0.2176
9105001,4,69.1963,-7529.24,0.79833,0.252
9110001,1,16.3187,-7531.36,1.00925,0.282
9115001,3,53.7885,-7525.27,2.45797,0.1808
9120001,2,37.1379,-7526.3,0.412577,0.2898
9125001,2,35.4668,-7526.69,1.45023,0.1584
9130001,1,18.84,-7531.46,0.560725,0.1986
9135001,1,17.5505,-7529.58,1.62692,0.221
9140001,2,34.2608,-7525.8,2.16977,0.2222
9145001,5,89.014,-7527.03,0.664237,0.2244
9150001,1,18.0004,-7530.85,0.755985,0.2296
9155001,1,14.4588,-7529.33,2.69958,0.204
9160001,1,16.6241,-7528.52,0.119826,0.1846
9165001,2,35.0927,-7527.24,0.642384,0.217
9170001,2,35.3577,-7523.6,1.47977,0.2076
9175001,2,36.4172,-7520.65,1.09723,0.298
9180001,1,18.4671,-7530.8,0.610731,0.2702
9185001,1,19.3439,-7532.59,0.105697,0.1702
9190001,1,18.715,-7530.77,0.153626,0.2634
9195001,1,15.319,-7529.15,2.84763,0.1882
9200001,2,35.6663,-7530.08,0.830478,0.193
9205001,1,17.5554,-7530.96,1.83828,0.236
9210001,1,16.671,-7532.05,0.747348,0.223
9215001,1,17.9851,-7533.74,0.00481683,0.1782
9220001,2,37.0367,-7532.25,0.564993,0.1976
9225001,2,35.4187,-7534.17,2.66847,0.2228
9230001,1,19.9829,-7533.33,0.468978,0.3156
9235001,1,16.2225,-7529.74,2.04513,0.1882
9240001,1,18.3544,-7532.65,1.54775,0.1932
9245001,4,71.4116,-7523.78,0.502328,0.253
9250001,1,15.6939,-7530.06,2.66293,0.2838
9255001,2,35.0263,-7525.99,0.528013,0.243
9260001,1,16.9503,-7532.26,0.768516,0.1872
9265001,1,17.2649,-7531.53,0.434215,0.203
9270001,1,15.3498,-7528.96,1.75276,0.199
9275001,1,15.2162,-7530.51,2.61465,0.2096
9280001,1,17.897,-7530.77,0.018209,0.1836
9285001,2,38.2263,-7532.98,1.44378,0.2358
9290001,2,35.4624,-7526.8,0.804576,0.2142
9295001,1,16.2985,-7526.26,0.142703,0.2518
9300001,1,16.7685,-7526.96,1.26639,0.1758
9305001,2,37.7871,-7527,0.613585,0.2302
9310001,1,16.9343,-7527.96,0.939219,0.2004
9315001,1,16.112,-7527.38,2.1117,0.2176
9320001,2,35.7237,-7529.36,0.790245,0.1946
9325001,1,16.3056,-7526.73,1.1736,0.184
9330001,1,16.8182,-7526.31,0.0662584,0.1908
9335001,1,17.134,-7526.24,0.251461,0.2104
9340001,2,35.5904,-7526.52,2.33851,0.1922
9345001,2,33.4781,-7524.9,1.91182,0.3
9350001,1,16.9723,-7527.43,0.565557,0.2406
9355001,1,15.8718,-7526.75,1.16509,0.1778
9360001,1,16.7129,-7526.53,0.506038,0.1764
9365001,3,55.9746,-7526.59,0.25907,0.2358
9370001,1,17.6482,-7527.95,0.982816,0.2364
9375001,1,16.6173,-7526.98,1.56677,0.1778
9380001,2,37.4735,-7520.91,0.207597,0.237
9385001,1,18.103,-7528.24,0.370685,0.2928
9390001,1,17.5772,-7532.03,1.22205,0.267
9395001,1,17.321,-7529.05,0.973123,0.2822
9400001,2,32.5338,-7528.87,3.03301,0.2432
9405001,1,16.5667,-7533.65,0.79997,0.2184
9410001,2,36.9188,-7527.28,0.0347582,0.2136
9415001,2,36.0397,-7533.22,1.29556,0.198
9420001,1,14.921,-7528.33,2.87113,0.1846
9425001,1,16.7724,-7528.28,0.880065,0.1886
9430001,2,36.8066,-7528.05,0.728486,0.289
9435001,1,15.848,-7528.09,2.00465,0.1576
9440001,3,54.5685,-7528.5,0.750077,0.2198
9445001,2,37.0408,-7522.4,0.207201,0.2474
9450001,5,91.7987,-7521.28,1.42296,0.3486
9455001,1,14.687,-7533.09,0.505855,0.2338
9460001,1,15.0517,-7531,0.652124,0.2204
9465001,1,19.663,-7534.12,0.939864,0.2084
9470001,2,36.8609,-7529.32,0.544881,0.2102
9475001,2,38.0197,-7525.15,0.441319,0.2876
9480001,1,14.5627,-7527.92,1.96767,0.269
9485001,2,32.7154,-7528.09,0.469821,0.1924
9490001,2,37.1369,-7533.9,1.72878,0.1906
9495001,2,37.3439,-7532.23,1.49516,0.2692
9500001,2,32.13,-7530.4,2.04862,0.2182
9505001,2,35.9035,-7520.75,0.0461369,0.274
9510001,1,16.9666,-7528.87,0.139546,0.2146
9515001,1,16.4219,-7530.81,0.367679,0.2354
9520001,1,18.0206,-7532.21,0.999802,0.1998
9525001,2,33.3198,-7530.99,2.11481,0.2376
9530001,1,18.5118,-7531.66,0.193854,0.1962
9535001,1,17.3967,-7530.54,0.552008,0.2132
9540001,2,38.6787,-7531.38,0.251641,0.2064
9545001,2,36.173,-7528.41,0.18026,0.1788
9550001,2,35.5524,-7528.37,0.0871498,0.2762
9555001,1,13.2014,-7530.72,3.23841,0.288
9560001,1,17.088,-7529.82,1.38845,0.2342
9565001,1,16.9068,-7530.91,0.958768,0.2162
9570001,2,34.8736,-7531.7,0.676752,0.1764
9575001,1,15.6944,-7531.47,1.47897,0.1846
9580001,2,32.4071,-7530.84,4.95785,0.246
9585001,1,17.7653,-7537.26,2.79607,0.178
9590001,1,19.4436,-7532.62,0.0419772,0.3032
9595001,1,17.848,-7529.81,0.0340965,0.218
9600001,2,32.9237,-7530.2,2.88804,0.1682
9605001,1,19.5734,-7534.42,1.06092,0.2116
9610001,1,18.6813,-7531.54,0.391181,0.201
9615001,1,15.8385,-7530.65,2.78001,0.1862
9620001,1,16.8582,-7532.43,1.70947,0.2674
9625001,1,18.4541,-7531.36,0.236278,0.2024
9630001,2,37.1297,-7532.14,0.532852,0.2128
9635001,2,34.6891,-7527.3,0.389928,0.2922
9640001,3,52.4858,-7528.64,0.688989,0.2734
9645001,2,37.5911,-7518.31,0.0667338,0.2064
9650001,2,37.9402,-7524.26,0.0270483,0.2822
9655001,2,37.7205,-7520.87,0.819346,0.257
9660001,1,18.0118,-7529.9,0.0841996,0.2498
9665001,1,18.1961,-7530.62,0.249673,0.2362
9670001,2,37.0439,-7529.86,0.326391,0.2068
9675001,3,56.1867,-7532.91,1.69873,0.2244
9680001,1,17.4897,-7528.61,0.266927,0.228
9685001,1,17.0574,-7531.66,1.9925,0.2164
9690001,1,19.5498,-7532.22,0.227559,0.2014
9695001,1,18.2089,-7529.94,0.131756,0.1892
9700001,1,16.599,-7532.34,1.83269,0.2438
9705001,2,35.9101,-7529.33,0.480994,0.2278
9710001,2,34.8987,-7533.86,2.01607,0.2222
9715001,2,38.8274,-7530.59,0.239711,0.1868
9720001,1,18.1569,-7529.32,0.0979822,0.2446
9725001,2,35.6745,-7524.15,2.33556,0.2726
9730001,2,29.5072,-7524.09,8.28701,0.3042
9735001,2,34.4691,-7524.19,2.00679,0.3074
9740001,1,16.9254,-7528.65,0.320888,0.222
9745001,2,32.5507,-7527.64,3.98179,0.228
9750001,1,16.8762,-7529.32,0.0315455,0.1994
9755001,1,16.5977,-7528.83,0.692069,0.2398
9760001,2,34.7482,-7528.57,0.510139,0.1848
9765001,2,36.5331,-7528.8,0.0879944,0.1974
9770001,2,35.3908,-7531.78,0.790711,0.2198
9775001,1,16.5373,-7531.58,1.91635,0.171
9780001,1,15.6079,-7531.39,1.78243,0.1616
9785001,2,33.7383,-7530.28,0.139268,0.2332
9790001,1,16.1432,-7531.49,0.642491,0.2026
9795001,2,37.6337,-7533.51,0.367778,0.201
9800001,2,37.629,-7535.47,1.42503,0.2326
9805001,1,18.158,-7533.98,0.0318444,0.2334
9810001,1,18.1051,-7530.81,0.349639,0.2444
9815001,2,33.2685,-7526.16,1.64934,0.1804
9820001,3,54.402,-7527.83,0.691544,0.2436
9825001,2,35.4318,-7527.85,1.23828,0.2882
9830001,1,17.6305,-7533.63,1.034,0.202
9835001,2,34.4928,-7530.86,1.6218,0.2144
9840001,2,33.9679,-7524.09,0.987628,0.2562
9845001,1,14.6247,-7529.41,1.1487,0.2694
9850001,3,49.9263,-7528.16,2.92085,0.1912
9855001,1,15.114,-7528.63,1.94196,0.1866
9860001,1,14.0312,-7528.73,2.86051,0.1638
9865001,1,14.7747,-7528.39,2.39894,0.1728
9870001,1,17.6921,-7528.93,0.134485,0.2138
9875001,1,17.3708,-7529.62,0.854758,0.2246
9880001,1,16.5387,-7528.61,0.587031,0.1636
9885001,2,35.684,-7528.57,0.533775,0.207
9890001,1,16.8969,-7529.33,0.744778,0.1824
9895001,1,15.9987,-7533.15,0.220191,0.1828
9900001,1,16.3753,-7528.15,0.938643,0.1866
9905001,1,16.5453,-7527.91,0.228765,0.2254
9910001,2,30.1585,-7529.09,0.347325,0.2676
9915001,2,33.983,-7528.17,0.921664,0.238
9920001,2,35.5099,-7531.21,1.11117,0.2274
9925001,1,18.4244,-7532.91,0.602224,0.192
9930001,2,36.8513,-7532.06,0.046848,0.1964
9935001,1,16.2647,-7532.55,1.19577,0.2254
9940001,1,17.7107,-7533.17,1.71134,0.196
9945001,1,18.0095,-7531.19,0.410532,0.1994
9950001,2,36.1679,-7529.03,1.09451,0.181
9955001,1,18.1432,-7532.05,0.163666,0.2836
9960001,1,16.9681,-7528.91,0.544311,0.1976
9965001,3,50.8268,-7530.98,4.84611,0.2902
9970001,2,35.8097,-7530.08,0.136599,0.2374
9975001,2,36.1954,-7530.77,0.578692,0.2334
9980001,1,18.4488,-7530.66,0.139984,0.2702
9985001,1,17.7262,-7528.07,0.121105,0.2322
9990001,1,16.4827,-7529.23,1.1567,0.1948
9995001,1,16.0371,-7527.63,0.956279,0.2182
