generation,N_shifts,eventRate
1,1,5.4799
5001,1,1.59873
10001,3,0.951258
15001,1,0.907194
20001,0,0.958485
25001,0,0.434832
30001,0,0.291761
35001,0,0.124499
40001,1,1.47281
45001,2,1.10758
50001,0,0.572684
55001,1,0.635103
60001,1,0.0264768
65001,0,0.84097
70001,1,0.820237
75001,1,1.8604
80001,0,0.442236
85001,4,0.434583
90001,0,0.397709
95001,0,0.604039
100001,0,0.0857084
105001,1,2.31471
110001,0,0.104307
115001,0,2.88503
120001,1,0.521989
125001,2,0.619507
130001,1,0.455546
135001,1,0.852335
140001,1,0.672128
145001,0,1.06158
150001,1,0.367287
155001,1,0.561076
160001,2,1.41998
165001,1,0.449047
170001,1,1.57465
175001,3,3.50907
180001,0,0.24809
185001,0,0.726183
190001,1,0.628992
195001,0,0.174041
200001,0,0.556628
205001,0,0.336095
210001,0,0.935964
215001,0,0.124085
220001,0,3.13736
225001,0,0.0905288
230001,2,0.288361
235001,1,0.428147
240001,1,2.10352
245001,0,0.977782
250001,1,1.15125
255001,0,1.09108
260001,2,1.2094
265001,1,0.148837
270001,0,0.667706
275001,0,5.04687
280001,1,0.354794
285001,0,0.934578
290001,2,1.89519
295001,1,2.1371
300001,0,0.285327
305001,2,0.0679082
310001,2,0.668139
315001,0,1.5686
320001,2,0.904566
325001,1,0.706331
330001,0,0.217828
335001,0,1.01768
340001,0,1.7731
345001,2,0.196271
350001,0,0.41692
355001,0,0.0794485
360001,0,0.131119
365001,0,2.12917
370001,2,3.09621
375001,0,0.39449
380001,0,0.732114
385001,0,1.8728
390001,2,0.562019
395001,1,0.177991
400001,0,1.54354
405001,0,0.307441
410001,2,0.0397054
415001,1,1.1805
420001,0,0.0673182
425001,1,1.75763
430001,2,1.18694
435001,1,0.513661
440001,1,0.845012
445001,2,3.38761
450001,4,0.500625
455001,1,1.10831
460001,2,4.55341
465001,0,0.668241
470001,3,1.09563
475001,0,0.0922994
480001,1,1.12927
485001,1,1.96998
490001,1,0.608066
495001,2,1.75364
500001,1,0.922997
505001,2,1.6949
510001,0,0.0996416
515001,0,0.186834
520001,0,0.357127
525001,0,0.0263805
530001,2,1.15369
535001,1,0.450854
540001,1,1.63072
545001,2,0.602518
550001,1,0.734659
555001,0,0.991476
560001,2,1.64848
565001,0,0.272494
570001,0,1.42427
575001,0,1.24952
580001,1,0.160346
585001,1,1.97558
590001,0,0.534935
595001,3,1.43212
600001,0,0.0053213
605001,0,0.952714
610001,0,0.158732
615001,0,0.10511
620001,1,1.51709
625001,1,0.715891
630001,5,3.41476
635001,3,0.801608
640001,0,0.0468141
645001,0,0.275661
650001,0,0.273905
655001,0,0.142837
660001,3,3.81434
665001,0,0.0809242
670001,0,0.795113
675001,0,0.202709
680001,1,3.57016
685001,0,0.144703
690001,0,0.201292
695001,2,1.71349
700001,1,0.283159
705001,0,0.305223
710001,0,0.428966
715001,0,0.555796
720001,0,1.9067
725001,0,1.0586
730001,1,3.192
735001,0,0.0636005
740001,0,0.99266
745001,5,2.0186
750001,0,1.00425
755001,0,0.316005
760001,2,0.464792
765001,0,1.06933
770001,1,2.0711
775001,1,0.698016
780001,2,2.30095
785001,0,0.230345
790001,1,0.462306
795001,3,0.816809
800001,1,0.61977
805001,1,1.01127
810001,0,0.236978
815001,0,0.303838
820001,1,0.385527
825001,0,0.0063129
830001,2,1.68092
835001,0,0.0439681
840001,0,0.354038
845001,0,0.270704
850001,2,1.07532
855001,1,0.583909
860001,0,0.78926
865001,1,0.432028
870001,3,2.43273
875001,2,0.482626
880001,0,0.534441
885001,1,0.923722
890001,0,0.138241
895001,1,1.77553
900001,1,0.267535
905001,1,0.27072
910001,1,0.180542
915001,2,0.98172
920001,2,0.596191
925001,1,0.0312612
930001,2,2.00774
935001,0,0.283877
940001,0,0.202857
945001,2,1.43956
950001,0,0.397653
955001,1,0.780924
960001,1,0.992038
965001,0,0.849631
970001,0,1.76754
975001,3,0.0831372
980001,0,0.186976
985001,0,0.74877
990001,2,0.259182
995001,2,0.402152
1000001,1,0.526584
1005001,0,0.00242396
1010001,1,1.82912
1015001,5,1.39808
1020001,1,0.245301
1025001,2,1.69462
1030001,1,0.037539
1035001,1,0.258508
1040001,1,0.424709
1045001,0,0.87752
1050001,1,0.93332
1055001,2,0.715638
1060001,0,0.11213
1065001,1,1.52298
1070001,0,0.784685
1075001,1,1.54832
1080001,0,0.0701081
1085001,1,0.183741
1090001,1,1.37315
1095001,0,0.31681
1100001,1,0.38607
1105001,4,0.60071
1110001,0,0.168291
1115001,1,1.56026
1120001,1,0.228276
1125001,1,0.968422
1130001,2,0.927969
1135001,0,0.293942
1140001,0,1.35377
1145001,0,0.978296
1150001,0,0.7716
1155001,3,1.513
1160001,0,0.198201
1165001,1,1.5604
1170001,1,0.278977
1175001,2,1.26108
1180001,2,4.26545
1185001,1,1.10045
1190001,1,0.750523
1195001,3,0.135444
1200001,1,0.344387
1205001,1,0.884247
1210001,1,1.56536
1215001,0,0.28472
1220001,0,0.534217
1225001,1,1.31493
1230001,0,0.0594567
1235001,0,0.155027
1240001,0,0.0704206
1245001,2,0.262064
1250001,0,0.16933
1255001,0,0.254142
1260001,0,2.18462
1265001,0,0.132275
1270001,1,0.691562
1275001,0,0.176349
1280001,1,0.627451
1285001,1,0.194611
1290001,2,0.542768
1295001,0,1.44483
1300001,0,0.394249
1305001,3,0.0896433
1310001,0,0.50196
1315001,2,0.73929
1320001,4,0.736455
1325001,0,0.105098
1330001,1,0.11163
1335001,0,0.0834004
1340001,0,0.716729
1345001,1,3.15288
1350001,0,0.186879
1355001,0,0.258793
1360001,2,1.60272
1365001,1,0.228428
1370001,0,1.11397
1375001,1,0.845591
1380001,0,1.5689
1385001,0,0.396891
1390001,1,1.77949
1395001,2,0.500158
1400001,3,0.607504
1405001,0,0.0586165
1410001,1,0.671019
1415001,0,0.171706
1420001,1,2.71049
1425001,1,0.751155
1430001,0,0.824311
1435001,1,2.64039
1440001,1,3.07163
1445001,0,0.243397
1450001,1,1.23416
1455001,0,0.164662
1460001,5,3.98149
1465001,1,0.609549
1470001,1,0.887653
1475001,2,1.83264
1480001,0,0.586901
1485001,0,0.216001
1490001,0,0.251436
1495001,0,0.87613
1500001,3,0.0671893
1505001,1,0.762453
1510001,3,3.24098
1515001,0,0.274747
1520001,1,1.10402
1525001,3,2.23842
1530001,0,0.150223
1535001,0,0.111986
1540001,2,1.35287
1545001,0,1.68766
1550001,0,1.74403
1555001,1,0.699153
1560001,1,1.5703
1565001,0,0.197383
1570001,0,0.255178
1575001,2,2.10974
1580001,0,0.0802776
1585001,0,2.9339
1590001,1,0.581043
1595001,3,0.195626
1600001,2,0.966632
1605001,0,1.1288
1610001,0,1.08684
1615001,2,0.448478
1620001,3,2.23043
1625001,0,0.369526
1630001,2,1.1716
1635001,1,2.80169
1640001,0,0.775898
1645001,4,1.8013
1650001,3,2.46224
1655001,1,0.387147
1660001,2,0.533541
1665001,0,1.25758
1670001,2,0.325096
1675001,1,3.3485
1680001,4,2.84422
1685001,0,1.00116
1690001,1,1.54502
1695001,1,2.137
1700001,0,0.0829662
1705001,1,0.33389
1710001,1,3.09184
1715001,2,0.0863065
1720001,0,0.0153694
1725001,0,1.7895
1730001,1,1.19009
1735001,0,0.361892
1740001,1,0.726413
1745001,0,0.670988
1750001,1,1.45825
1755001,3,0.497699
1760001,1,1.07607
1765001,2,0.584598
1770001,1,1.18268
1775001,0,0.505444
1780001,0,0.257853
1785001,1,1.38401
1790001,0,0.963806
1795001,0,0.153685
1800001,2,3.32356
1805001,1,0.956913
1810001,0,0.555352
1815001,2,0.435873
1820001,3,2.11881
1825001,0,2.05176
1830001,3,2.6068
1835001,0,1.51317
1840001,4,0.796236
1845001,0,0.689645
1850001,1,1.26046
1855001,2,0.798139
1860001,1,0.591434
1865001,0,0.330451
1870001,0,1.50465
1875001,0,1.53979
1880001,0,0.760067
1885001,1,0.171224
1890001,0,0.354167
1895001,0,0.309855
1900001,0,0.108992
1905001,0,0.203412
1910001,1,4.63953
1915001,0,0.452352
1920001,0,0.483474
1925001,3,0.287032
1930001,0,0.0649505
1935001,1,6.93801
1940001,0,0.127138
1945001,0,0.138768
1950001,1,0.404597
1955001,3,4.13812
1960001,0,0.0723902
1965001,0,0.859256
1970001,1,0.955587
1975001,0,0.171296
1980001,0,2.60117
1985001,1,0.735405
1990001,0,0.3938
1995001,0,0.424415
2000001,1,0.556519
2005001,2,1.0962
2010001,0,2.13672
2015001,0,2.21193
2020001,0,0.223698
2025001,3,2.24608
2030001,0,0.163111
2035001,1,0.219483
2040001,0,0.127073
2045001,1,1.17993
2050001,0,0.681905
2055001,1,0.45286
2060001,0,0.157391
2065001,0,0.163334
2070001,0,0.309549
2075001,2,0.471117
2080001,1,3.33478
2085001,2,0.645613
2090001,0,0.0745258
2095001,0,0.10066
2100001,0,0.479754
2105001,0,0.60479
2110001,3,0.649872
2115001,2,0.870083
2120001,0,1.13174
2125001,0,0.114943
2130001,0,0.344293
2135001,1,5.74947
2140001,0,0.474131
2145001,1,1.91796
2150001,1,0.606569
2155001,0,0.289918
2160001,2,3.96894
2165001,0,0.607948
2170001,0,1.50085
2175001,3,0.185544
2180001,0,0.0251007
2185001,2,1.3053
2190001,2,1.19401
2195001,1,0.610531
2200001,0,0.0705313
2205001,0,0.477878
2210001,0,0.0670818
2215001,0,0.0731237
2220001,1,0.195437
2225001,1,0.474219
2230001,1,0.351381
2235001,3,1.0199
2240001,3,0.106715
2245001,2,0.658381
2250001,0,1.42894
2255001,1,0.900767
2260001,2,0.326815
2265001,1,1.40994
2270001,2,1.86117
2275001,1,0.648405
2280001,0,0.139722
2285001,0,0.0410542
2290001,1,1.54672
2295001,1,0.661591
2300001,0,0.0937838
2305001,2,0.356671
2310001,0,0.255152
2315001,1,0.847116
2320001,0,0.854615
2325001,1,2.7718
2330001,1,0.995015
2335001,0,0.212062
2340001,0,0.777685
2345001,1,0.658063
2350001,0,0.0942083
2355001,0,0.25243
2360001,0,0.217121
2365001,1,2.64032
2370001,1,0.230391
2375001,0,0.00104878
2380001,1,1.15097
2385001,1,0.830381
2390001,2,1.38157
2395001,0,1.19451
2400001,1,1.07887
2405001,1,0.613919
2410001,1,0.17658
2415001,1,0.550603
2420001,0,0.70062
2425001,0,0.032898
2430001,0,0.51044
2435001,0,0.345493
2440001,0,0.443646
2445001,0,0.395559
2450001,1,0.240134
2455001,1,1.13184
2460001,1,0.317599
2465001,1,0.229646
2470001,1,2.15889
2475001,3,0.907981
2480001,1,0.340743
2485001,2,4.49368
2490001,1,0.793916
2495001,1,1.16024
2500001,0,0.157492
2505001,0,2.58763
2510001,1,0.154017
2515001,1,0.520102
2520001,0,0.286309
2525001,2,1.83922
2530001,2,0.766637
2535001,0,0.0603472
2540001,2,1.30939
2545001,2,0.743551
2550001,3,3.16859
2555001,2,0.254242
2560001,1,1.04067
2565001,2,1.83363
2570001,2,1.07979
2575001,1,0.609559
2580001,2,2.02105
2585001,0,0.5487
2590001,2,1.75942
2595001,1,0.933456
2600001,1,3.51177
2605001,1,0.85534
2610001,2,0.720223
2615001,2,0.797953
2620001,1,0.43634
2625001,0,0.28082
2630001,0,0.982577
2635001,0,0.67267
2640001,2,1.72211
2645001,0,0.431704
2650001,2,1.90075
2655001,0,0.951964
2660001,0,0.0346397
2665001,1,1.06671
2670001,1,0.910217
2675001,0,1.40822
2680001,1,2.55507
2685001,0,1.92138
2690001,3,0.105542
2695001,0,0.271654
2700001,3,1.98471
2705001,1,1.67302
2710001,0,0.212295
2715001,0,0.268148
2720001,1,0.439229
2725001,0,0.759946
2730001,2,0.774905
2735001,1,1.642
2740001,0,0.232189
2745001,0,0.147461
2750001,2,0.535585
2755001,1,2.17858
2760001,4,2.61804
2765001,0,0.19015
2770001,0,0.0596228
2775001,2,1.59201
2780001,3,0.473452
2785001,1,0.151498
2790001,2,0.0376931
2795001,2,0.558059
2800001,1,0.148355
2805001,0,0.006206
2810001,0,0.163323
2815001,0,0.109258
2820001,1,0.717785
2825001,0,0.646798
2830001,2,0.768825
2835001,1,0.638531
2840001,0,0.711838
2845001,0,0.323974
2850001,1,0.942807
2855001,0,0.224806
2860001,2,0.477602
2865001,1,0.580971
2870001,0,1.45609
2875001,1,1.60483
2880001,1,0.0576049
2885001,3,1.29792
2890001,0,1.01423
2895001,2,0.789578
2900001,4,0.813147
2905001,0,0.262343
2910001,0,0.170607
2915001,0,0.382211
2920001,2,0.171088
2925001,0,0.0621451
2930001,0,0.617628
2935001,3,0.406959
2940001,0,0.983256
2945001,0,2.84343
2950001,1,1.25829
2955001,0,0.367437
2960001,1,3.21954
2965001,0,2.52025
2970001,0,0.383309
2975001,0,0.245999
2980001,1,1.92528
2985001,0,1.25597
2990001,1,0.460313
2995001,0,0.496289
3000001,2,1.04029
3005001,0,0.264381
3010001,1,0.291477
3015001,3,0.398828
3020001,0,0.269915
3025001,0,1.29122
3030001,0,1.01834
3035001,0,0.689985
3040001,2,2.14402
3045001,1,0.230578
3050001,3,2.57098
3055001,2,0.879961
3060001,1,0.486619
3065001,1,0.618507
3070001,1,0.186658
3075001,0,0.178118
3080001,1,2.34331
3085001,4,0.927937
3090001,1,1.05092
3095001,3,1.51406
3100001,1,1.99392
3105001,2,2.01136
3110001,1,0.716284
3115001,0,0.0145018
3120001,1,2.46259
3125001,0,1.64363
3130001,3,2.45937
3135001,0,0.176337
3140001,0,0.242829
3145001,0,0.363503
3150001,1,3.14922
3155001,0,1.22882
3160001,0,2.22173
3165001,1,0.87521
3170001,2,1.17386
3175001,1,2.79514
3180001,1,0.177533
3185001,0,0.0705857
3190001,1,1.1101
3195001,1,1.93807
3200001,1,1.19765
3205001,0,0.0719263
3210001,2,2.51565
3215001,1,0.461357
3220001,0,2.19251
3225001,1,0.974475
3230001,1,0.401106
3235001,1,0.723882
3240001,0,1.72413
3245001,2,2.54339
3250001,0,0.106127
3255001,2,1.30518
3260001,0,0.2068
3265001,2,0.955632
3270001,1,1.30296
3275001,1,1.23772
3280001,4,3.30381
3285001,3,0.21038
3290001,1,1.27419
3295001,0,2.42781
3300001,0,0.671608
3305001,2,0.477142
3310001,1,0.0826274
3315001,1,1.26938
3320001,0,1.76078
3325001,3,0.644228
3330001,0,0.820059
3335001,0,0.603445
3340001,1,0.974365
3345001,1,0.540003
3350001,0,0.0546995
3355001,2,2.38221
3360001,1,0.392727
3365001,0,0.230697
3370001,0,0.336737
3375001,3,3.72992
3380001,0,0.109195
3385001,2,1.39646
3390001,0,0.113436
3395001,2,4.38304
3400001,0,1.03144
3405001,2,1.57371
3410001,3,2.6095
3415001,1,1.46144
3420001,0,0.114634
3425001,1,0.714835
3430001,2,1.27631
3435001,1,0.753837
3440001,0,0.520743
3445001,0,0.606967
3450001,0,0.0873782
3455001,0,0.373838
3460001,4,0.528484
3465001,1,0.44057
3470001,6,1.67692
3475001,0,1.70236
3480001,2,1.36775
3485001,0,0.177669
3490001,0,0.00478819
3495001,1,0.273354
3500001,0,1.94114
3505001,1,2.15591
3510001,1,0.498604
3515001,0,0.1649
3520001,0,0.459252
3525001,0,0.0563066
3530001,4,0.891971
3535001,1,0.145745
3540001,1,0.642012
3545001,0,0.250698
3550001,1,0.486848
3555001,0,1.45091
3560001,0,0.332603
3565001,0,1.02892
3570001,1,0.383609
3575001,0,0.295222
3580001,1,0.395651
3585001,1,3.20082
3590001,0,0.10482
3595001,1,0.717077
3600001,1,1.30984
3605001,0,0.330786
3610001,0,0.15032
3615001,4,0.896139
3620001,1,1.23951
3625001,2,1.63857
3630001,0,0.517982
3635001,1,2.01155
3640001,0,0.353541
3645001,0,0.155333
3650001,1,0.048768
3655001,1,1.00174
3660001,0,0.0994583
3665001,0,0.899726
3670001,0,0.220099
3675001,0,0.337901
3680001,3,0.908688
3685001,0,1.01902
3690001,1,0.218455
3695001,1,0.636817
3700001,2,5.04308
3705001,4,6.48671
3710001,0,1.06766
3715001,0,0.0702408
3720001,0,0.779241
3725001,3,1.79954
3730001,2,0.180186
3735001,0,0.101828
3740001,0,0.276251
3745001,1,0.728754
3750001,0,0.359398
3755001,0,0.946027
3760001,1,0.992778
3765001,0,1.45896
3770001,0,0.678927
3775001,0,0.185024
3780001,0,0.129547
3785001,4,2.20521
3790001,3,0.463963
3795001,0,0.470989
3800001,1,0.078374
3805001,0,0.738734
3810001,0,1.41894
3815001,0,1.88795
3820001,1,2.87865
3825001,0,0.777599
3830001,0,0.986365
3835001,1,2.73004
3840001,0,0.457595
3845001,0,0.1813
3850001,1,2.1831
3855001,0,0.700116
3860001,0,0.0336868
3865001,1,2.96932
3870001,0,0.676087
3875001,0,1.83219
3880001,1,0.96274
3885001,1,0.548736
3890001,1,2.08485
3895001,1,1.79366
3900001,0,1.86015
3905001,1,3.55896
3910001,3,1.68387
3915001,2,0.360043
3920001,2,1.61035
3925001,0,0.996194
3930001,0,0.00263832
3935001,2,2.67907
3940001,0,0.305535
3945001,0,1.80812
3950001,0,0.74417
3955001,0,0.015792
3960001,1,0.717405
3965001,0,0.261901
3970001,1,2.1254
3975001,0,0.0970191
3980001,2,0.0582686
3985001,0,0.491016
3990001,1,1.27405
3995001,0,1.0812
4000001,0,0.599115
4005001,1,1.92069
4010001,5,1.35267
4015001,0,0.958198
4020001,4,1.71659
4025001,3,1.75721
4030001,0,0.0497229
4035001,0,0.0368847
4040001,0,0.304331
4045001,1,0.674066
4050001,1,0.520487
4055001,0,0.103432
4060001,1,3.09474
4065001,3,1.3077
4070001,4,0.778238
4075001,0,2.32042
4080001,0,0.790338
4085001,0,0.240743
4090001,2,0.621989
4095001,2,1.65811
4100001,0,0.433652
4105001,0,0.0228802
4110001,1,0.170001
4115001,6,0.640866
4120001,2,1.30148
4125001,3,1.07138
4130001,0,1.78309
4135001,1,1.541
4140001,0,0.653668
4145001,2,0.433844
4150001,0,0.101559
4155001,2,0.409767
4160001,0,0.307615
4165001,2,0.579929
4170001,0,0.752256
4175001,1,5.33693
4180001,0,1.35033
4185001,1,0.431263
4190001,1,2.09599
4195001,4,2.28805
4200001,0,0.123143
4205001,2,1.45818
4210001,0,0.605737
4215001,0,0.684917
4220001,2,1.5121
4225001,1,5.41208
4230001,1,0.46035
4235001,1,0.982205
4240001,0,0.816092
4245001,3,1.52227
4250001,1,1.58356
4255001,0,0.398853
4260001,1,1.73426
4265001,3,0.731972
4270001,0,1.71618
4275001,1,0.675945
4280001,1,1.52751
4285001,1,0.233893
4290001,0,0.364807
4295001,1,0.639502
4300001,0,0.482706
4305001,2,0.782218
4310001,0,0.146308
4315001,1,2.76452
4320001,1,1.55627
4325001,3,1.51114
4330001,0,1.07111
4335001,1,0.62908
4340001,0,0.354689
4345001,0,0.244216
4350001,1,1.64075
4355001,0,0.724173
4360001,0,0.699689
4365001,3,1.43958
4370001,1,2.84511
4375001,0,0.430547
4380001,1,0.805104
4385001,2,0.42742
4390001,0,0.358989
4395001,1,0.732695
4400001,2,1.73385
4405001,1,3.10598
4410001,0,0.922424
4415001,4,0.59204
4420001,0,0.122898
4425001,1,0.928812
4430001,2,2.20149
4435001,4,2.21129
4440001,0,0.461555
4445001,0,0.199906
4450001,0,0.311667
4455001,1,0.856652
4460001,0,1.31746
4465001,1,3.94454
4470001,0,0.463576
4475001,0,0.978948
4480001,1,0.732966
4485001,0,0.687757
4490001,2,2.61334
4495001,1,1.0845
4500001,1,0.108777
4505001,1,2.20801
4510001,0,0.00550652
4515001,0,2.30942
4520001,1,0.516361
4525001,5,0.90159
4530001,0,0.80578
4535001,2,0.149005
4540001,0,0.0583832
4545001,0,0.0526016
4550001,1,0.142294
4555001,0,0.289445
4560001,1,0.656276
4565001,0,0.422608
4570001,0,1.19284
4575001,1,0.714223
4580001,0,0.664087
4585001,0,0.279802
4590001,3,2.44292
4595001,0,0.367006
4600001,2,0.501176
4605001,0,0.000317216
4610001,3,1.03469
4615001,0,0.675371
4620001,1,2.41381
4625001,0,0.367998
4630001,3,1.30224
4635001,1,3.58634
4640001,0,0.119416
4645001,0,0.374838
4650001,0,0.183582
4655001,0,0.483008
4660001,0,0.0406621
4665001,2,0.948085
4670001,0,0.0750797
4675001,0,0.0451274
4680001,1,0.0880812
4685001,0,0.056114
4690001,0,0.687643
4695001,2,2.09997
4700001,2,0.135995
4705001,0,0.143241
4710001,0,0.134414
4715001,2,1.19344
4720001,0,2.52801
4725001,0,0.172527
4730001,3,2.21219
4735001,2,4.1618
4740001,2,1.1794
4745001,1,1.63338
4750001,0,0.972135
4755001,0,0.426368
4760001,0,1.35337
4765001,4,2.98525
4770001,0,0.0909935
4775001,3,2.24585
4780001,0,0.831199
4785001,5,1.73029
4790001,2,1.24257
4795001,0,0.0134241
4800001,2,1.45252
4805001,2,0.40397
4810001,2,1.0612
4815001,0,0.12407
4820001,0,0.00445599
4825001,4,1.4011
4830001,4,0.516505
4835001,1,1.14157
4840001,0,0.856923
4845001,0,0.842159
4850001,2,0.10761
4855001,0,0.371366
4860001,2,0.337984
4865001,3,0.57788
4870001,1,2.2869
4875001,1,2.93435
4880001,1,1.20209
4885001,0,1.23555
4890001,1,1.37658
4895001,1,2.57919
4900001,0,0.442047
4905001,0,0.107122
4910001,0,0.197834
4915001,3,2.43628
4920001,0,0.106608
4925001,0,0.0472827
4930001,0,1.08971
4935001,1,1.9847
4940001,1,1.31704
4945001,0,0.272943
4950001,0,0.620919
4955001,0,0.0600617
4960001,1,0.69801
4965001,2,0.288157
4970001,0,0.454912
4975001,1,3.09058
4980001,2,0.154053
4985001,0,0.255385
4990001,1,0.256827
4995001,0,0.202205
5000001,0,0.112913
5005001,2,0.187226
5010001,1,1.30897
5015001,0,1.29087
5020001,3,0.208969
5025001,2,1.0853
5030001,0,0.17286
5035001,1,1.19187
5040001,0,0.187247
5045001,0,0.562089
5050001,0,0.397472
5055001,1,1.27477
5060001,1,0.274755
5065001,0,0.309246
5070001,1,1.24663
5075001,3,2.4987
5080001,0,0.65208
5085001,1,0.250452
5090001,0,0.0930059
5095001,3,1.53922
5100001,4,0.169159
5105001,1,4.13984
5110001,1,0.478814
5115001,0,0.42199
5120001,0,0.165905
5125001,4,2.51032
5130001,0,0.280227
5135001,0,0.181114
5140001,0,1.30679
5145001,0,0.0565316
5150001,4,2.33707
5155001,0,1.14674
5160001,0,0.301661
5165001,0,0.184732
5170001,0,0.124854
5175001,0,0.241432
5180001,0,0.185324
5185001,0,0.57217
5190001,2,1.34013
5195001,0,3.59325
5200001,0,0.42194
5205001,0,0.763148
5210001,1,0.0986824
5215001,1,1.65261
5220001,1,0.774191
5225001,1,2.74531
5230001,0,0.0631641
5235001,1,0.352269
5240001,2,5.10376
5245001,0,0.458789
5250001,0,0.341512
5255001,3,2.8697
5260001,0,0.168164
5265001,3,0.0449526
5270001,1,0.730361
5275001,0,0.904921
5280001,2,2.61372
5285001,2,0.847918
5290001,2,1.07113
5295001,0,0.0261115
5300001,0,1.12312
5305001,0,0.056352
5310001,2,1.34654
5315001,1,0.603525
5320001,2,0.760474
5325001,2,6.97248
5330001,0,0.76338
5335001,1,0.820063
5340001,0,0.320665
5345001,2,0.897737
5350001,1,1.10638
5355001,1,0.682567
5360001,0,1.36939
5365001,3,0.273971
5370001,1,0.573727
5375001,0,0.323949
5380001,0,1.39361
5385001,0,2.61216
5390001,0,0.274112
5395001,2,1.09866
5400001,4,1.90498
5405001,1,1.12235
5410001,3,1.98628
5415001,1,0.221539
5420001,2,2.13833
5425001,1,2.36569
5430001,2,2.0201
5435001,0,0.627517
5440001,0,0.599215
5445001,4,0.15927
5450001,0,0.0480249
5455001,4,0.678376
5460001,0,0.21885
5465001,0,1.75014
5470001,1,0.531955
5475001,3,1.33173
5480001,3,0.212312
5485001,1,0.186095
5490001,1,1.10465
5495001,1,0.376635
5500001,0,0.851808
5505001,2,1.95149
5510001,3,3.70079
5515001,2,3.08495
5520001,2,2.50414
5525001,0,0.294008
5530001,2,1.48531
5535001,3,2.77517
5540001,4,2.01872
5545001,1,1.1854
5550001,1,1.05652
5555001,0,1.12055
5560001,2,0.152681
5565001,1,0.135967
5570001,1,1.60049
5575001,0,0.189988
5580001,0,0.851923
5585001,1,0.871742
5590001,1,0.0254163
5595001,0,0.289007
5600001,1,1.00763
5605001,2,0.475467
5610001,0,0.76796
5615001,0,0.261571
5620001,1,1.61068
5625001,2,0.538419
5630001,1,3.14039
5635001,1,1.04288
5640001,2,0.194947
5645001,2,2.29634
5650001,0,0.464411
5655001,0,1.47616
5660001,0,0.937617
5665001,0,0.0362161
5670001,0,0.560545
5675001,0,0.113471
5680001,1,0.96107
5685001,2,0.557182
5690001,4,1.69853
5695001,1,1.30683
5700001,0,1.30883
5705001,0,1.4788
5710001,2,0.508364
5715001,1,0.577687
5720001,2,0.120255
5725001,0,0.175333
5730001,3,2.64996
5735001,2,0.483077
5740001,0,1.03581
5745001,0,3.33871
5750001,0,0.253008
5755001,2,0.78628
5760001,1,0.948672
5765001,0,0.428381
5770001,0,0.194218
5775001,3,1.11401
5780001,0,1.06995
5785001,1,0.69201
5790001,2,1.94413
5795001,3,0.795831
5800001,0,0.10131
5805001,1,1.33464
5810001,0,0.00469864
5815001,0,0.149762
5820001,0,0.0714154
5825001,2,2.64988
5830001,2,0.377324
5835001,0,0.543671
5840001,0,0.179117
5845001,2,1.90357
5850001,1,1.60242
5855001,0,0.482467
5860001,2,0.513451
5865001,0,0.425405
5870001,2,2.1849
5875001,0,0.286484
5880001,0,0.83479
5885001,1,4.68464
5890001,0,0.158113
5895001,0,1.87138
5900001,0,0.649902
5905001,2,2.64381
5910001,0,0.781686
5915001,1,0.526925
5920001,0,0.244403
5925001,2,0.543185
5930001,2,2.18775
5935001,1,0.894908
5940001,0,0.12141
5945001,2,2.63411
5950001,3,0.461732
5955001,0,1.00862
5960001,1,0.627701
5965001,0,0.890687
5970001,0,0.0963055
5975001,3,0.974084
5980001,2,0.765706
5985001,1,1.15192
5990001,2,1.89517
5995001,1,0.341128
6000001,2,3.65475
6005001,0,0.174123
6010001,2,1.08726
6015001,3,1.13482
6020001,0,1.69259
6025001,2,1.23188
6030001,2,4.00686
6035001,0,1.06493
6040001,0,0.920705
6045001,4,1.31721
6050001,0,0.0627095
6055001,0,1.51797
6060001,3,2.38459
6065001,1,0.32686
6070001,1,0.636426
6075001,1,1.38169
6080001,0,1.36785
6085001,1,0.321905
6090001,2,0.167783
6095001,1,1.72917
6100001,1,0.769894
6105001,3,1.63114
6110001,0,0.0247527
6115001,0,0.236052
6120001,1,0.210578
6125001,1,0.535912
6130001,0,0.270989
6135001,2,1.36501
6140001,1,1.13146
6145001,1,2.05514
6150001,3,0.178326
6155001,1,2.00385
6160001,0,1.60224
6165001,1,0.496296
6170001,1,0.16021
6175001,1,0.254649
6180001,2,0.531515
6185001,0,0.730049
6190001,0,0.563801
6195001,1,1.3887
6200001,2,3.66504
6205001,1,2.53357
6210001,1,0.413153
6215001,0,1.01171
6220001,2,1.21366
6225001,1,0.677909
6230001,1,1.86304
6235001,2,0.812292
6240001,0,0.0970701
6245001,1,1.25655
6250001,0,0.416976
6255001,2,1.71084
6260001,3,1.95633
6265001,2,0.291906
6270001,0,1.02844
6275001,1,0.539325
6280001,1,0.304829
6285001,1,1.25401
6290001,1,1.01985
6295001,4,1.23056
6300001,1,1.81335
6305001,3,7.70232
6310001,0,0.304543
6315001,1,0.785313
6320001,0,0.169368
6325001,0,0.0431124
6330001,4,1.11247
6335001,2,3.33161
6340001,0,0.247458
6345001,0,0.590638
6350001,1,2.45462
6355001,3,1.18844
6360001,2,1.84038
6365001,0,0.849225
6370001,1,1.27691
6375001,0,1.81839
6380001,4,4.2537
6385001,2,0.53259
6390001,3,1.12312
6395001,0,0.3463
6400001,1,1.49234
6405001,0,0.00905077
6410001,0,0.513874
6415001,0,1.51654
6420001,0,0.19305
6425001,1,0.971725
6430001,0,1.16609
6435001,1,0.783707
6440001,1,0.326274
6445001,0,0.917745
6450001,0,1.34269
6455001,3,0.567862
6460001,5,4.01214
6465001,4,1.90373
6470001,1,0.67566
6475001,1,0.91308
6480001,1,0.490632
6485001,1,3.03221
6490001,1,0.227673
6495001,0,1.0971
6500001,1,1.22792
6505001,2,2.26081
6510001,7,0.305151
6515001,0,0.454131
6520001,1,0.442041
6525001,4,2.97191
6530001,1,0.225068
6535001,1,0.375728
6540001,0,1.54807
6545001,5,2.63008
6550001,0,0.0531402
6555001,0,0.735444
6560001,3,0.0508627
6565001,0,0.427025
6570001,2,2.42361
6575001,0,0.154849
6580001,1,0.809485
6585001,0,0.109087
6590001,3,0.920505
6595001,0,0.0813109
6600001,0,0.00227273
6605001,2,0.69074
6610001,0,0.859664
6615001,0,0.264471
6620001,0,0.0487322
6625001,0,5.71476
6630001,3,0.380848
6635001,2,0.14358
6640001,0,0.105798
6645001,0,0.379888
6650001,5,1.26402
6655001,1,1.98573
6660001,2,2.97085
6665001,3,1.83791
6670001,1,0.295977
6675001,0,0.761047
6680001,0,0.48331
6685001,1,3.04544
6690001,1,0.940552
6695001,1,1.15894
6700001,2,2.24389
6705001,0,0.449545
6710001,0,0.825352
6715001,4,0.421061
6720001,2,0.747058
6725001,0,0.910233
6730001,0,0.36867
6735001,1,0.113284
6740001,3,2.77485
6745001,3,0.942094
6750001,0,0.315689
6755001,0,0.856032
6760001,0,0.244575
6765001,1,0.470833
6770001,0,0.693489
6775001,2,2.19584
6780001,3,0.737282
6785001,0,0.351982
6790001,0,0.410768
6795001,1,1.14467
6800001,1,2.4779
6805001,2,1.26646
6810001,2,3.3593
6815001,1,0.370669
6820001,6,1.29755
6825001,2,1.87358
6830001,2,1.61378
6835001,1,2.70821
6840001,4,1.11052
6845001,0,0.470328
6850001,1,0.582539
6855001,0,0.0810736
6860001,0,0.202156
6865001,0,0.337286
6870001,0,0.196402
6875001,1,1.55233
6880001,0,0.91473
6885001,0,0.543493
6890001,0,0.870603
6895001,0,0.106196
6900001,1,1.55434
6905001,0,0.0576961
6910001,0,0.366699
6915001,1,0.850143
6920001,2,1.74501
6925001,0,0.372578
6930001,0,1.09963
6935001,0,0.0198488
6940001,0,0.0399022
6945001,3,1.03063
6950001,1,3.07977
6955001,0,0.054663
6960001,0,0.0658812
6965001,0,0.456831
6970001,1,1.38483
6975001,2,3.1275
6980001,1,0.464921
6985001,0,2.55547
6990001,0,3.57439
6995001,1,0.961699
7000001,1,0.673685
7005001,0,8.18907e-05
7010001,0,0.408861
7015001,2,0.809832
7020001,3,0.81816
7025001,2,0.0664247
7030001,1,0.930956
7035001,2,0.644215
7040001,1,0.630453
7045001,0,1.42187
7050001,1,1.15088
7055001,3,0.192002
7060001,0,0.18456
7065001,0,0.411463
7070001,0,0.27758
7075001,2,2.33164
7080001,1,0.520305
7085001,0,0.700064
7090001,2,0.261824
7095001,1,2.16088
7100001,0,1.75937
7105001,2,0.0267632
7110001,2,4.23188
7115001,2,2.89824
7120001,1,1.03773
7125001,1,0.377777
7130001,2,1.25311
7135001,0,0.534654
7140001,0,0.721482
7145001,1,0.291777
7150001,5,0.893758
7155001,1,0.449011
7160001,2,1.89062
7165001,1,0.37251
7170001,2,1.4495
7175001,2,2.18476
7180001,5,0.45384
7185001,1,0.677091
7190001,0,0.675542
7195001,0,0.470239
7200001,1,0.569083
7205001,0,0.557651
7210001,2,0.99919
7215001,3,1.50069
7220001,0,0.457675
7225001,2,0.817717
7230001,0,1.28636
7235001,0,0.393502
7240001,2,2.088
7245001,1,0.464279
7250001,1,0.993527
7255001,0,0.451082
7260001,1,0.555551
7265001,0,1.60658
7270001,3,2.88644
7275001,0,0.734073
7280001,0,0.580345
7285001,1,0.355102
7290001,0,0.0308923
7295001,3,0.690544
7300001,2,0.177134
7305001,0,0.0930913
7310001,0,0.00240582
7315001,2,0.483431
7320001,0,1.13469
7325001,1,0.164834
7330001,1,2.04328
7335001,0,0.0880155
7340001,0,0.282077
7345001,0,0.822751
7350001,1,2.50514
7355001,1,3.98369
7360001,1,0.455502
7365001,0,0.0766237
7370001,1,1.01209
7375001,1,0.425331
7380001,1,1.38254
7385001,4,1.7158
7390001,1,0.513794
7395001,0,0.885385
7400001,1,2.23578
7405001,0,0.434141
7410001,0,0.68726
7415001,0,0.034421
7420001,1,1.93011
7425001,1,0.613359
7430001,1,1.99051
7435001,1,0.18019
7440001,0,0.0169076
7445001,2,2.18873
7450001,0,1.67845
7455001,1,2.42092
7460001,3,0.782717
7465001,0,0.402489
7470001,0,0.802257
7475001,0,0.0145052
7480001,1,1.57274
7485001,0,0.194523
7490001,0,0.127587
7495001,0,0.330223
7500001,1,0.938943
7505001,0,0.401691
7510001,1,0.544485
7515001,0,0.1148
7520001,1,1.73098
7525001,0,1.29739
7530001,3,8.24886
7535001,1,2.05289
7540001,0,0.0201658
7545001,0,0.00932466
7550001,4,2.27998
7555001,1,0.528148
7560001,5,4.20874
7565001,5,1.39598
7570001,1,1.18058
7575001,0,0.39925
7580001,0,0.29258
7585001,1,1.26456
7590001,0,0.534604
7595001,1,1.81604
7600001,1,0.878223
7605001,0,0.33352
7610001,1,0.16955
7615001,1,1.42573
7620001,3,3.31028
7625001,0,0.652369
7630001,0,0.720109
7635001,0,1.05049
7640001,0,1.39698
7645001,0,0.822219
7650001,0,0.74617
7655001,1,0.626408
7660001,0,1.86632
7665001,1,0.400282
7670001,0,1.51949
7675001,1,2.21254
7680001,0,0.372454
7685001,2,0.222993
7690001,1,3.08392
7695001,0,0.661929
7700001,0,0.330235
7705001,2,2.38251
7710001,2,0.369164
7715001,0,0.0367086
7720001,0,0.712721
7725001,1,0.59899
7730001,2,0.935187
7735001,3,1.46578
7740001,0,0.00812285
7745001,4,2.32132
7750001,0,1.192
7755001,0,0.25494
7760001,0,0.30584
7765001,0,0.376996
7770001,0,0.331315
7775001,2,1.10797
7780001,0,0.00501046
7785001,0,0.409377
7790001,0,0.434722
7795001,3,0.155587
7800001,0,0.0167584
7805001,0,0.395321
7810001,1,1.23668
7815001,0,0.250858
7820001,0,0.201049
7825001,1,1.1297
7830001,1,1.12781
7835001,1,2.0068
7840001,2,2.05809
7845001,0,0.748992
7850001,1,0.528926
7855001,1,0.286312
7860001,0,3.12314
7865001,0,0.245128
7870001,5,2.25676
7875001,0,0.695265
7880001,2,0.686095
7885001,1,1.20748
7890001,2,0.172766
7895001,1,0.48707
7900001,0,0.180747
7905001,0,1.04029
7910001,0,0.327166
7915001,0,1.53905
7920001,0,0.384713
7925001,0,1.21578
7930001,0,0.0586882
7935001,1,0.730757
7940001,0,0.593763
7945001,2,0.98187
7950001,0,0.468785
7955001,0,0.122582
7960001,0,0.667327
7965001,0,0.183197
7970001,0,0.553095
7975001,0,0.0441948
7980001,1,0.408351
7985001,5,1.03595
7990001,0,1.75263
7995001,1,0.29089
8000001,1,0.285735
8005001,3,2.96042
8010001,2,2.05719
8015001,4,0.846422
8020001,1,0.711269
8025001,2,0.587152
8030001,1,2.62818
8035001,1,0.302247
8040001,0,0.0747708
8045001,2,0.3373
8050001,2,0.701937
8055001,2,1.56965
8060001,1,0.149266
8065001,1,3.88163
8070001,0,1.17732
8075001,4,0.234616
8080001,2,1.20189
8085001,2,1.47345
8090001,1,0.386529
8095001,0,0.464184
8100001,0,0.0551222
8105001,2,1.31293
8110001,3,2.32599
8115001,2,2.84899
8120001,0,0.275322
8125001,1,3.5751
8130001,1,0.909765
8135001,1,0.134273
8140001,0,1.5858
8145001,5,3.06217
8150001,4,1.18707
8155001,3,2.11465
8160001,1,1.08719
8165001,1,1.07626
8170001,1,0.43012
8175001,0,0.0178201
8180001,0,0.507151
8185001,1,2.18339
8190001,0,0.491576
8195001,0,0.60708
8200001,0,0.284515
8205001,1,0.319366
8210001,0,0.101172
8215001,1,0.850105
8220001,3,0.430724
8225001,0,0.172475
8230001,1,2.23067
8235001,2,1.15453
8240001,1,0.29881
8245001,2,1.60985
8250001,1,0.689321
8255001,1,0.398322
8260001,1,0.250345
8265001,1,2.07413
8270001,2,0.233292
8275001,1,0.243039
8280001,2,0.772912
8285001,2,1.36721
8290001,3,0.489979
8295001,1,0.64668
8300001,1,1.00369
8305001,0,0.481644
8310001,0,0.345658
8315001,2,2.6919
8320001,1,0.332297
8325001,4,0.617445
8330001,1,1.10858
8335001,0,0.507468
8340001,1,4.76663
8345001,1,1.27606
8350001,0,0.387944
8355001,0,0.892716
8360001,1,3.1156
8365001,3,0.0853656
8370001,0,0.188766
8375001,2,2.02195
8380001,6,0.385109
8385001,1,1.43019
8390001,1,1.1952
8395001,1,0.334528
8400001,0,0.387698
8405001,6,1.92578
8410001,0,0.0207623
8415001,3,0.95552
8420001,1,0.495922
8425001,0,0.338312
8430001,2,2.87097
8435001,0,1.77192
8440001,1,0.523422
8445001,1,0.275735
8450001,0,0.402135
8455001,0,0.128932
8460001,1,0.275199
8465001,0,0.483175
8470001,1,1.6042
8475001,1,1.56017
8480001,2,2.09514
8485001,0,1.62934
8490001,0,0.00588326
8495001,1,2.05943
8500001,1,1.91524
8505001,0,0.757116
8510001,0,0.837957
8515001,0,1.28793
8520001,1,2.36398
8525001,0,0.595099
8530001,1,1.42115
8535001,1,2.52367
8540001,1,0.622059
8545001,0,0.433092
8550001,2,0.524668
8555001,2,1.96915
8560001,0,1.49602
8565001,0,1.21922
8570001,3,2.68628
8575001,3,0.849968
8580001,2,2.46892
8585001,2,1.95401
8590001,1,0.240243
8595001,0,0.27952
8600001,0,0.660047
8605001,1,1.40382
8610001,0,0.201935
8615001,0,0.698733
8620001,0,2.38264
8625001,3,0.103638
8630001,5,1.58134
8635001,0,0.206223
8640001,0,0.177123
8645001,0,1.56857
8650001,3,3.95732
8655001,1,1.4665
8660001,0,0.21485
8665001,2,0.44988
8670001,1,1.07707
8675001,0,0.0388526
8680001,0,0.135301
8685001,4,2.01563
8690001,1,1.81564
8695001,1,1.21493
8700001,1,1.5645
8705001,1,0.377673
8710001,1,1.24838
8715001,1,0.13069
8720001,0,1.20049
8725001,0,0.450088
8730001,0,0.875416
8735001,2,2.47609
8740001,1,1.38723
8745001,2,0.710332
8750001,1,0.684316
8755001,3,2.13342
8760001,0,0.798027
8765001,0,1.03516
8770001,1,3.00368
8775001,1,0.192515
8780001,1,0.790939
8785001,2,3.95232
8790001,0,0.368727
8795001,1,0.945858
8800001,0,0.051503
8805001,2,3.19302
8810001,1,0.208623
8815001,1,0.0387669
8820001,2,0.862637
8825001,1,0.185529
8830001,0,0.847308
8835001,6,0.927778
8840001,0,0.246446
8845001,3,1.583
8850001,1,2.09213
8855001,0,0.0678979
8860001,2,0.478064
8865001,0,0.834444
8870001,0,0.852827
8875001,1,0.873986
8880001,1,0.82879
8885001,2,0.780843
8890001,1,2.28553
8895001,0,0.246535
8900001,1,1.30006
8905001,0,1.65787
8910001,0,0.146566
8915001,2,1.53529
8920001,0,0.285379
8925001,0,0.253843
8930001,0,0.188139
8935001,0,0.684326
8940001,4,3.52368
8945001,1,0.708557
8950001,0,0.120078
8955001,1,0.194245
8960001,0,0.489852
8965001,1,0.721529
8970001,1,1.0575
8975001,2,0.377776
8980001,0,0.942698
8985001,1,0.389095
8990001,1,0.796413
8995001,2,0.135243
9000001,1,0.641018
9005001,0,0.98379
9010001,0,0.796019
9015001,3,1.24209
9020001,1,3.05659
9025001,1,2.00736
9030001,1,0.658807
9035001,2,0.645836
9040001,3,0.550947
9045001,0,0.0323975
9050001,2,1.05197
9055001,0,1.03228
9060001,1,0.132321
9065001,0,0.791085
9070001,1,2.71517
9075001,0,0.99154
9080001,1,2.94545
9085001,1,0.387263
9090001,2,1.05744
9095001,1,1.04161
9100001,1,0.745888
9105001,1,2.30047
9110001,1,0.55368
9115001,2,1.84178
9120001,1,3.30586
9125001,1,1.70229
9130001,3,1.82397
9135001,1,0.540924
9140001,0,0.169644
9145001,0,0.0423588
9150001,0,0.522845
9155001,0,0.0625099
9160001,3,3.59292
9165001,1,0.325463
9170001,1,0.495395
9175001,0,0.521664
9180001,1,0.268019
9185001,0,0.364206
9190001,3,1.37886
9195001,1,1.60339
9200001,1,1.97186
9205001,0,1.0146
9210001,0,0.108962
9215001,0,0.100523
9220001,1,0.533081
9225001,1,0.79992
9230001,0,1.40159
9235001,0,0.170393
9240001,0,0.0398108
9245001,0,0.0453776
9250001,1,1.91144
9255001,0,0.128586
9260001,0,0.111037
9265001,1,0.151349
9270001,0,0.738268
9275001,0,1.04188
9280001,1,1.61079
9285001,1,0.771661
9290001,1,3.38186
9295001,0,0.252988
9300001,1,1.30829
9305001,0,0.019764
9310001,1,0.344866
9315001,2,1.01361
9320001,0,0.304392
9325001,0,0.0822883
9330001,1,0.523527
9335001,1,0.866266
9340001,1,0.389061
9345001,4,3.80573
9350001,0,0.181954
9355001,1,0.829912
9360001,1,0.829303
9365001,2,1.89336
9370001,1,1.93991
9375001,2,0.498392
9380001,3,0.595885
9385001,0,0.151054
9390001,0,1.49414
9395001,1,0.796178
9400001,0,0.907463
9405001,1,1.0696
9410001,0,0.378743
9415001,0,2.23186
9420001,1,0.324436
9425001,0,0.463303
9430001,0,0.111523
9435001,2,1.54668
9440001,0,0.111965
9445001,0,0.498763
9450001,1,1.93441
9455001,1,2.25193
9460001,0,1.13923
9465001,1,2.19812
9470001,0,0.0191355
9475001,0,0.632365
9480001,1,0.218829
9485001,0,0.258594
9490001,1,1.32062
9495001,0,0.332755
9500001,0,1.46677
9505001,0,0.599349
9510001,1,1.30173
9515001,0,0.083636
9520001,0,0.813577
9525001,0,0.61469
9530001,0,0.53385
9535001,0,0.161954
9540001,0,0.184364
9545001,2,0.635388
9550001,0,1.37751
9555001,2,1.66151
9560001,4,2.45142
9565001,0,0.0220987
9570001,0,1.40154
9575001,0,0.0942251
9580001,1,3.48712
9585001,0,0.0787426
9590001,1,0.10734
9595001,1,0.737378
9600001,1,0.593437
9605001,0,0.0243679
9610001,1,2.4339
9615001,1,1.33644
9620001,0,0.197392
9625001,0,1.40309
9630001,0,0.359703
9635001,0,0.185425
9640001,0,0.337529
9645001,0,0.893343
9650001,0,0.645168
9655001,0,0.0661145
9660001,1,0.0490534
9665001,1,2.01832
9670001,1,3.51278
9675001,0,1.05886
9680001,0,0.651595
9685001,1,1.23815
9690001,0,1.14244
9695001,0,0.539411
9700001,0,1.19226
9705001,0,0.953297
9710001,1,0.422964
9715001,0,0.0583528
9720001,2,0.942098
9725001,3,3.24933
9730001,1,0.649316
9735001,1,1.26841
9740001,0,0.101483
9745001,1,0.612044
9750001,0,0.926149
9755001,2,3.8848
9760001,0,0.0182993
9765001,1,0.751611
9770001,0,0.96373
9775001,0,0.304519
9780001,4,0.420511
9785001,0,0.192525
9790001,2,1.22016
9795001,0,0.617464
9800001,0,0.215897
9805001,0,0.187865
9810001,1,1.3595
9815001,2,1.12247
9820001,1,0.987742
9825001,0,1.50879
9830001,1,1.71609
9835001,1,0.794043
9840001,0,0.695552
9845001,0,0.248538
9850001,2,0.356812
9855001,1,1.69897
9860001,0,0.325094
9865001,1,1.11321
9870001,0,0.0403468
9875001,0,0.449005
9880001,1,1.50303
9885001,2,2.89166
9890001,0,0.0120084
9895001,4,1.73002
9900001,2,1.53023
9905001,0,0.19893
9910001,2,0.396819
9915001,1,1.33515
9920001,0,0.387646
9925001,0,0.121088
9930001,0,0.128019
9935001,0,0.0076582
9940001,0,0.916308
9945001,4,0.613573
9950001,1,0.817648
9955001,0,0.786082
9960001,0,0.537888
9965001,0,0.333686
9970001,1,1.22388
9975001,0,0.230878
9980001,0,0.512442
9985001,1,2.34441
9990001,0,0.975391
9995001,1,0.649093
