generation,N_shifts,logPrior,logLik,eventRate,acceptRate
1,0,-182.946,-173357,1,0
5001,8,-149.084,-7534.95,0.678498,0.472
10001,4,-210.541,-7370.16,0.520979,0.316
15001,4,-208.643,-7255.11,0.55019,0.358
20001,2,-239.888,-7257.09,2.80963,0.135
25001,2,-239.718,-7253.19,2.75499,0.187
30001,2,-237.118,-7250.02,0.214265,0.165
35001,2,-236.822,-7249.94,0.00336798,0.15
40001,2,-239.342,-7245.88,2.11206,0.196
45001,3,-219.674,-7247.03,0.132419,0.149
50001,5,-187.917,-7240.91,0.667175,0.263
55001,3,-220.987,-7244.05,0.704614,0.216
60001,4,52.9182,-7237.93,0.17201,0.349
65001,3,48.4877,-7237.58,0.599749,0.351
70001,2,34.9934,-7238.12,1.5717,0.305
75001,2,33.4655,-7237.89,2.34885,0.242
80001,3,51.268,-7241.18,0.715666,0.304
85001,6,97.7833,-7236.93,1.93266,0.404
90001,2,33.2982,-7235.57,0.566077,0.261
95001,2,32.8894,-7236.74,0.611625,0.313
100001,2,36.9098,-7237.66,0.230653,0.264
105001,2,35.2895,-7233.75,0.665993,0.305
110001,2,35.8477,-7235.08,1.24334,0.259
115001,2,36.1474,-7233.57,1.34779,0.246
120001,2,29.5049,-7232.67,3.26211,0.273
125001,3,49.6756,-7236.45,0.239952,0.323
130001,3,52.5166,-7233.46,0.310754,0.378
135001,2,36.857,-7232.53,0.534469,0.307
140001,2,36.7379,-7233.54,0.561269,0.29
145001,2,37.8875,-7236.33,0.396446,0.307
150001,2,34.8744,-7237.98,0.221565,0.325
155001,2,36.0285,-7235.58,1.81654,0.291
160001,2,34.5926,-7233.97,2.69503,0.275
165001,2,33.0328,-7236.42,0.80674,0.251
170001,2,35.9405,-7235.69,0.312317,0.276
175001,3,50.793,-7235.82,1.84268,0.292
180001,3,50.2451,-7234.6,2.42151,0.326
185001,2,34.8759,-7235.37,0.00831404,0.326
190001,2,35.5552,-7233.97,1.19374,0.324
195001,4,67.8103,-7235.32,1.98506,0.377
200001,2,35.0237,-7235.88,1.46258,0.415
205001,2,35.7082,-7237.57,0.0831899,0.3
210001,2,33.9852,-7230.92,0.557525,0.294
215001,2,34.2471,-7236.97,0.239222,0.383
220001,3,50.5234,-7233.12,0.995779,0.348
225001,4,67.8905,-7233.01,2.27642,0.361
230001,2,35.5124,-7232.14,0.941476,0.304
235001,2,36.3222,-7232.97,0.0676091,0.267
240001,3,49.5281,-7237.69,1.29572,0.348
245001,3,51.5028,-7234.48,1.00922,0.388
250001,2,36.3316,-7236.02,0.580952,0.253
255001,2,36.2276,-7235.87,1.35588,0.254
260001,2,33.7934,-7231.21,0.350874,0.248
265001,3,51.2056,-7232.31,0.577703,0.29
270001,2,37.6605,-7238.44,0.248,0.298
275001,2,34.6234,-7224.28,0.573539,0.27
280001,2,30.0212,-7221.94,4.19759,0.26
285001,3,45.146,-7227.85,0.635264,0.301
290001,2,36.0309,-7224.13,0.654438,0.27
295001,2,36.0116,-7224.03,0.513227,0.259
300001,2,35.9859,-7225.4,0.502831,0.265
305001,2,35.8097,-7223.53,0.0905143,0.25
310001,2,35.5882,-7221.69,0.185676,0.262
315001,2,35.1418,-7224,0.985437,0.28
320001,2,35.5071,-7221.81,0.474199,0.266
325001,2,35.0795,-7224.56,1.5169,0.3
330001,3,52.7942,-7219.49,0.630577,0.31
335001,2,35.1689,-7223.83,1.03121,0.314
340001,2,36.3009,-7222.72,0.0389032,0.254
345001,3,51.7027,-7226.33,0.187418,0.243
350001,2,35.2264,-7226.5,0.692467,0.238
355001,2,34.204,-7225.09,2.86955,0.265
360001,2,36.7929,-7222.92,0.2316,0.302
365001,2,37.1756,-7222.09,0.111516,0.266
370001,3,47.9023,-7222.6,1.08783,0.289
375001,2,35.135,-7226.45,0.760357,0.27
380001,2,33.0847,-7222.77,0.779722,0.232
385001,3,45.5165,-7224.34,1.69052,0.286
390001,2,31.1332,-7224.78,0.0775388,0.242
395001,2,36.361,-7227.29,0.701567,0.25
400001,3,49.2254,-7227.71,1.83885,0.268
405001,4,68.3513,-7224.18,0.520838,0.317
410001,2,32.9605,-7223.16,1.4071,0.259
415001,2,34.7599,-7224.18,1.55593,0.293
420001,2,34.5297,-7225.06,1.16073,0.245
425001,2,34.5288,-7226.32,0.260413,0.329
430001,2,33.9192,-7221.26,0.160903,0.317
435001,2,35.2654,-7222.1,0.56774,0.306
440001,3,51.2071,-7224.54,1.75438,0.288
445001,2,29.1929,-7225.72,5.57451,0.236
450001,2,36.6095,-7226.95,0.610729,0.297
455001,3,50.863,-7219.02,0.27659,0.271
460001,4,68.4972,-7214.55,0.663879,0.254
465001,5,74.6647,-7211.61,2.46778,0.338
470001,3,45.4965,-7205.84,5.02459,0.24
475001,5,78.6929,-7193.25,0.260427,0.351
480001,3,48.2374,-7201.5,1.62959,0.304
485001,3,48.3043,-7200.16,0.898281,0.382
490001,3,48.936,-7197.01,0.16297,0.37
495001,5,84.1865,-7195.86,0.344126,0.373
500001,3,48.1774,-7199.87,2.53237,0.278
505001,5,85.0778,-7197.86,0.602,0.319
510001,3,50.2361,-7198.62,1.23396,0.349
515001,3,50.3284,-7194.89,0.279619,0.318
520001,4,67.1579,-7198.74,0.950483,0.308
525001,6,94.5854,-7194.7,0.326456,0.385
530001,4,64.0929,-7208.03,0.868009,0.367
535001,2,33.2132,-7204.63,0.188916,0.27
540001,3,51.0315,-7204.09,0.0995039,0.322
545001,2,28.7754,-7205.45,1.4365,0.28
550001,3,49.6527,-7202.4,2.99621,0.353
555001,4,66.7847,-7198.48,1.93919,0.296
560001,3,50.1916,-7200.46,1.55922,0.279
565001,3,51.258,-7211,0.00862451,0.278
570001,2,34.173,-7209.09,0.208505,0.348
575001,3,50.8376,-7210.73,1.35531,0.302
580001,2,32.1951,-7217.71,0.493217,0.341
585001,3,45.1984,-7204.85,2.78721,0.299
590001,2,31.6275,-7204.95,0.522277,0.299
595001,2,34.0032,-7206.59,0.798886,0.327
600001,2,32.8816,-7208.65,0.835482,0.268
605001,2,32.6499,-7205.89,0.940934,0.305
610001,1,17.1382,-7209.67,0.255409,0.207
615001,2,32.7859,-7205.39,1.6503,0.218
620001,2,35.0824,-7207.96,0.0992009,0.358
625001,3,48.8199,-7204.33,0.0471747,0.307
630001,3,49.5026,-7202.42,0.547173,0.419
635001,3,52.0495,-7203.75,0.0124337,0.278
640001,5,80.2815,-7203.89,0.450742,0.387
645001,3,45.0899,-7207.97,1.54008,0.323
650001,3,46.9924,-7219.18,1.04968,0.209
655001,1,16.9611,-7214.48,1.48873,0.216
660001,1,15.163,-7215.36,1.34758,0.287
665001,1,17.8545,-7214.11,0.222382,0.203
670001,2,33.217,-7218.12,1.04748,0.347
675001,1,17.5607,-7214.54,0.672014,0.22
680001,2,30.5912,-7208.96,2.21236,0.252
685001,1,15.4412,-7208.69,0.228741,0.198
690001,0,-1.37086,-7218.76,1.7487,0.168
695001,0,-2.33853,-7217.73,2.51096,0.219
700001,0,-1.14798,-7216.97,1.25529,0.333
705001,0,-1.09719,-7215.17,0.751343,0.23
710001,0,-0.591193,-7215.91,0.372568,0.308
715001,0,-1.7185,-7215.94,1.50938,0.182
720001,0,-1.02157,-7217.5,1.20392,0.182
725001,0,-1.03224,-7216.04,0.939019,0.188
730001,0,-0.854312,-7214.85,0.419428,0.192
735001,0,-1.52884,-7214.58,0.974293,0.172
740001,0,-4.72818,-7214.55,3.87186,0.237
745001,0,-2.24571,-7214.32,1.24909,0.243
750001,0,-2.87131,-7214.26,1.91959,0.177
755001,0,-0.567986,-7217.37,0.678816,0.152
760001,2,30.6296,-7204.51,0.406978,0.405
765001,1,13.366,-7209.01,0.72568,0.316
770001,0,-0.380919,-7215.55,0.0264211,0.269
775001,2,26.5784,-7212.95,3.10026,0.425
780001,0,-1.45968,-7215.35,0.336227,0.173
785001,1,11.6209,-7215.3,0.268145,0.252
790001,0,-1.03735,-7214.05,0.0608235,0.263
795001,0,-0.756329,-7214.5,0.153113,0.233
800001,0,-2.51387,-7216.38,2.20892,0.305
805001,0,-0.101278,-7217.33,0.0347561,0.213
810001,0,-1.2748,-7217.81,1.38822,0.192
815001,0,-0.210438,-7216.1,0.0387583,0.25
820001,0,-0.806536,-7214.32,0.0604716,0.308
825001,0,-1.22566,-7215.01,0.646676,0.186
830001,1,14.9416,-7216.27,1.46948,0.168
835001,2,28.3874,-7208.65,3.13104,0.407
840001,0,-0.815399,-7214.11,0.00105811,0.215
845001,1,11.4508,-7208.25,2.88535,0.38
850001,0,-2.92755,-7215.1,1.17215,0.273
855001,0,-2.21398,-7214.54,1.32917,0.143
860001,0,-1.56246,-7215.08,0.789658,0.149
865001,0,-0.909862,-7214.07,0.0559722,0.244
870001,0,-1.2603,-7214.26,0.00546383,0.225
875001,0,-2.84609,-7214.24,2.05945,0.251
880001,1,11.6,-7213.91,2.80945,0.22
885001,0,-4.13354,-7214.08,2.93169,0.218
890001,0,-1.14021,-7214.07,0.272129,0.2
895001,0,-1.92114,-7214.23,1.14819,0.181
900001,0,-0.647613,-7216.32,0.515821,0.188
905001,0,-1.53928,-7222.23,1.62876,0.305
910001,0,-0.519191,-7214.88,0.121229,0.21
915001,0,-1.19201,-7214.75,0.645221,0.194
920001,0,-1.10662,-7214.98,0.252068,0.28
925001,0,-2.30731,-7215.52,1.1932,0.187
930001,0,-1.448,-7214.2,0.321926,0.153
935001,0,-1.84926,-7214.51,0.649452,0.24
940001,2,28.004,-7210.67,2.10366,0.22
945001,1,14.8446,-7212.72,1.10835,0.162
950001,1,15.366,-7214.12,0.0922828,0.317
955001,0,-2.23813,-7214.32,1.59103,0.27
960001,0,-2.43063,-7215.03,2.00719,0.195
965001,0,-2.60823,-7214.97,2.22171,0.19
970001,0,-0.484521,-7218.3,0.194062,0.145
975001,0,-0.446932,-7215.84,0.318472,0.143
980001,2,28.1525,-7216.55,1.87633,0.427
985001,1,14.6226,-7208.59,0.120448,0.245
990001,1,15.5248,-7209.08,0.390583,0.354
995001,1,13.711,-7217.59,0.210666,0.307
1000001,0,-1.44973,-7214.34,0.686522,0.282
1005001,0,-0.905907,-7214.35,0.277453,0.162
1010001,0,-1.85829,-7214.83,1.35357,0.156
1015001,0,-2.31595,-7217.72,1.87323,0.229
1020001,0,-1.32522,-7214.03,0.381346,0.236
1025001,3,45.0828,-7216.02,0.438852,0.25
1030001,2,27.6766,-7206.82,1.57471,0.365
1035001,1,14.6086,-7214.74,0.390684,0.253
1040001,1,16.1278,-7211.38,0.109279,0.227
1045001,0,-2.16803,-7217.16,1.38314,0.371
1050001,0,-1.24243,-7215.04,0.293991,0.237
1055001,0,-2.24583,-7214.11,1.41664,0.148
1060001,1,12.5018,-7213.23,1.87831,0.193
1065001,0,-5.70406,-7214.47,4.43167,0.3
1070001,0,-2.6603,-7214.65,1.22603,0.302
1075001,0,-2.51257,-7214.34,1.10715,0.226
1080001,0,-0.836347,-7214.25,0.141179,0.155
1085001,0,-0.926287,-7214.98,0.524688,0.215
1090001,1,12.1908,-7213.29,0.542456,0.204
1095001,0,-0.650157,-7214.34,0.0143381,0.291
1100001,0,-0.839351,-7214.18,0.0678473,0.139
1105001,1,13.1988,-7213.21,1.88961,0.164
1110001,1,13.5138,-7213.36,0.867982,0.214
1115001,0,-1.25261,-7214.14,0.311912,0.14
1120001,0,-2.63015,-7214.01,1.62574,0.131
1125001,0,-3.03365,-7214.01,2.01836,0.198
1130001,0,-2.63561,-7214.09,1.45134,0.337
1135001,0,-1.70425,-7214.2,0.904278,0.175
1140001,0,-0.710724,-7215.46,0.136575,0.218
1145001,0,-1.48678,-7214.73,1.03543,0.217
1150001,0,-0.4147,-7215.22,0.0802414,0.146
1155001,1,14.8745,-7211.15,0.190933,0.44
1160001,1,13.6438,-7210.02,1.00553,0.179
1165001,1,14.4675,-7214.38,0.839726,0.293
1170001,0,-2.23758,-7214.72,1.76547,0.355
1175001,1,14.9541,-7213.19,0.319358,0.4
1180001,0,-1.88818,-7214.52,1.1045,0.155
1185001,0,-1.97567,-7214.22,0.680243,0.207
1190001,0,-1.37045,-7215.14,0.181726,0.176
1195001,0,-1.41224,-7214.56,0.620172,0.299
1200001,0,-4.54444,-7214.92,2.85097,0.135
1205001,2,26.2383,-7215.42,2.47602,0.348
1210001,0,-2.61983,-7215.12,0.914107,0.206
1215001,0,-1.38762,-7214.45,0.0597943,0.169
1220001,0,-1.3349,-7214.83,0.694838,0.273
1225001,2,29.673,-7205.97,2.17293,0.392
1230001,1,14.2448,-7207.22,0.340259,0.368
1235001,1,13.6351,-7207.99,0.574444,0.386
1240001,1,15.0544,-7210.59,0.152533,0.39
1245001,1,9.76146,-7215.02,6.71646,0.295
1250001,0,-1.05063,-7215.02,0.372104,0.193
1255001,0,-4.58221,-7214.54,3.04773,0.146
1260001,0,-2.36353,-7214.26,1.20786,0.262
1265001,0,-2.40838,-7214.72,1.13501,0.377
1270001,0,-1.99024,-7214.44,0.993921,0.204
1275001,1,10.1828,-7216.44,1.97385,0.287
1280001,1,12.9256,-7215.39,1.55334,0.249
1285001,0,-1.45603,-7215.47,0.0916847,0.176
1290001,0,-1.80761,-7214.96,0.132763,0.383
1295001,0,-2.85107,-7214.42,1.52992,0.301
1300001,1,13.6854,-7209.48,0.584616,0.35
1305001,1,14.6994,-7215.89,0.60369,0.365
1310001,0,-1.28015,-7214.12,0.374315,0.14
1315001,1,13.6928,-7213.22,1.44797,0.204
1320001,0,-2.6243,-7214.53,2.05496,0.278
1325001,0,-2.49439,-7214.87,1.63075,0.271
1330001,0,-2.89309,-7216.37,2.20861,0.3
1335001,1,15.8731,-7214.72,0.0983601,0.264
1340001,0,-0.547493,-7215.2,0.254645,0.158
1345001,0,-3.2222,-7214.24,2.26481,0.324
1350001,0,-2.39507,-7216.47,1.57528,0.237
1355001,1,14.5135,-7213.28,1.32836,0.246
1360001,0,-1.15386,-7214.22,0.213264,0.199
1365001,1,15.2361,-7213.04,0.119253,0.335
1370001,0,-1.84135,-7215.41,0.215456,0.166
1375001,0,-1.89532,-7214.55,0.441594,0.237
1380001,0,-4.05637,-7215.37,2.80849,0.187
1385001,0,-1.26034,-7214.41,0.169267,0.233
1390001,0,-2.0011,-7217.21,1.55518,0.178
1395001,0,-1.25402,-7214.13,0.330123,0.223
1400001,1,14.0039,-7213.99,1.02836,0.153
1405001,1,10.0268,-7216.45,2.14046,0.332
1410001,0,-2.28889,-7214.23,1.17903,0.177
1415001,0,-5.40151,-7216.07,4.5223,0.263
1420001,0,-1.02336,-7214.07,0.151501,0.143
1425001,0,-4.51175,-7214.14,3.38909,0.432
1430001,0,-2.3565,-7214.18,1.49735,0.248
1435001,0,-0.492133,-7215.27,0.0537238,0.144
1440001,0,-3.33265,-7214.48,2.73287,0.27
1445001,0,-1.92802,-7215.82,1.03043,0.182
1450001,1,13.9561,-7215.29,0.265354,0.237
1455001,0,-2.92662,-7214.41,1.46994,0.203
1460001,0,-2.32786,-7215.47,0.518722,0.235
1465001,0,-1.92984,-7215.27,0.124582,0.213
1470001,3,44.5171,-7214.45,0.0402016,0.33
1475001,1,13.4975,-7214.94,0.676394,0.223
1480001,0,-1.83747,-7214.8,0.458989,0.133
1485001,2,29.3879,-7213.83,1.07626,0.14
1490001,0,-1.11941,-7214.89,0.0735806,0.213
1495001,0,-1.44561,-7214.73,0.0342389,0.163
1500001,0,-2.87168,-7214.08,1.68537,0.331
1505001,0,-1.80387,-7214.5,0.895613,0.173
1510001,1,14.8782,-7214.4,0.122138,0.281
1515001,0,-2.28857,-7214.05,1.39078,0.335
1520001,0,-2.00153,-7216.01,1.513,0.165
1525001,0,-1.18204,-7215.67,1.00461,0.263
1530001,1,14.5786,-7206.93,0.192868,0.339
1535001,0,-3.12732,-7217.99,2.75406,0.153
1540001,0,-1.87066,-7214.07,0.703493,0.137
1545001,2,27.0425,-7216.25,0.262403,0.192
1550001,2,29.614,-7206.86,0.348458,0.37
1555001,1,13.8838,-7213.51,0.457657,0.239
1560001,1,14.6566,-7211.05,0.730788,0.223
1565001,0,-2.92099,-7214.62,1.87547,0.247
1570001,1,14.8888,-7214,0.411179,0.15
1575001,0,-1.84605,-7215.82,0.776922,0.187
1580001,0,-1.25631,-7214.02,0.175502,0.139
1585001,1,14.0409,-7216.38,1.20383,0.176
1590001,0,-2.18434,-7214.31,0.887294,0.15
1595001,1,13.6455,-7212.22,1.76688,0.283
1600001,0,-1.4824,-7214.14,0.458616,0.135
1605001,1,14.2755,-7215.11,1.62821,0.228
1610001,1,13.9383,-7215.27,1.5617,0.192
1615001,1,14.5115,-7212.88,0.950577,0.19
1620001,0,-1.08409,-7215.2,0.754894,0.181
1625001,0,-0.731992,-7215.06,0.164129,0.219
1630001,0,-2.5808,-7214.04,1.66478,0.227
1635001,1,14.1588,-7207.39,0.942421,0.37
1640001,1,13.1625,-7207.69,2.03968,0.445
1645001,1,14.6536,-7206.3,0.153789,0.359
1650001,0,-1.21239,-7214.38,0.392575,0.259
1655001,1,10.5551,-7213.02,0.926383,0.25
1660001,0,-0.534703,-7214.71,0.0634365,0.17
1665001,0,-4.29612,-7215.55,3.65486,0.197
1670001,1,14.849,-7214.43,0.455153,0.242
1675001,1,14.1584,-7213.32,0.854847,0.233
1680001,0,-1.22579,-7214.47,0.0407055,0.225
1685001,1,13.7867,-7208.3,0.850329,0.384
1690001,0,-2.09467,-7214.14,0.940877,0.241
1695001,2,26.0459,-7213.35,4.73648,0.277
1700001,0,-1.82097,-7214.44,1.13047,0.166
1705001,0,-1.19012,-7214.29,0.0713439,0.271
1710001,0,-1.6739,-7214.55,0.139584,0.157
1715001,0,-2.16237,-7214.44,0.738935,0.215
1720001,0,-3.49279,-7215.66,2.52269,0.165
1725001,0,-2.81987,-7214.32,2.01956,0.227
1730001,0,-2.77217,-7214.2,1.45151,0.233
1735001,1,12.139,-7208.15,1.42907,0.401
1740001,1,13.6862,-7214.14,1.79905,0.234
1745001,0,-3.18382,-7214.54,2.39855,0.153
1750001,2,27.2217,-7206.76,1.97509,0.495
1755001,0,-0.679936,-7216.25,0.107313,0.218
1760001,1,14.5112,-7213.92,0.683668,0.271
1765001,0,-1.18655,-7214.57,0.526459,0.208
1770001,0,-1.33218,-7214.56,0.642224,0.144
1775001,0,-2.73985,-7214.95,1.50146,0.212
1780001,1,13.6879,-7213.85,1.07165,0.24
1785001,0,-2.35378,-7217.32,1.73807,0.207
1790001,0,-1.98352,-7215.48,1.63369,0.265
1795001,0,-3.4013,-7214.35,2.64143,0.15
1800001,0,-1.32795,-7215.9,0.763128,0.195
1805001,0,-1.91336,-7215.93,1.73807,0.335
1810001,1,12.9254,-7217.87,0.0612853,0.218
1815001,0,-1.59183,-7216.4,1.19337,0.247
1820001,0,-1.63198,-7215.71,0.4968,0.15
1825001,0,-2.47256,-7216,1.14426,0.244
1830001,0,-1.96028,-7217.15,1.58606,0.258
1835001,0,-2.03634,-7216.64,1.51077,0.182
1840001,0,-1.19425,-7216.9,0.816559,0.222
1845001,0,-3.05446,-7216.7,2.31711,0.174
1850001,0,-1.96807,-7215.78,1.28141,0.298
1855001,1,15.1191,-7215.75,0.302973,0.324
1860001,0,-4.27838,-7216.3,3.23225,0.208
1865001,0,-1.69768,-7216.08,0.331727,0.188
1870001,0,-0.891253,-7215.94,0.175865,0.205
1875001,0,-1.85828,-7215.83,1.24812,0.139
1880001,1,13.0045,-7216.06,2.55343,0.166
1885001,0,-1.65506,-7215.59,0.697489,0.22
1890001,1,13.7504,-7216.98,0.888649,0.162
1895001,0,-1.39991,-7217.81,1.44994,0.161
1900001,1,12.92,-7216.01,0.02033,0.277
1905001,0,-1.21843,-7215.81,0.43968,0.234
1910001,0,-2.72105,-7215.76,1.91473,0.153
1915001,2,31.3042,-7214.48,0.625159,0.221
1920001,0,-0.683378,-7215.83,0.0330671,0.185
1925001,0,-1.07503,-7215.93,0.530267,0.423
1930001,1,15.4397,-7215.92,0.0430541,0.247
1935001,1,13.7294,-7214.88,1.22391,0.385
1940001,1,16.2131,-7211.52,0.0416702,0.385
1945001,2,31,-7207.42,1.0307,0.417
1950001,0,-2.62619,-7217.82,2.38494,0.227
1955001,1,13.5694,-7216.43,0.295632,0.315
1960001,1,12.5735,-7209.04,0.917195,0.362
1965001,1,15.0631,-7209.28,0.305384,0.375
1970001,3,44.6054,-7207.4,0.632403,0.407
1975001,0,-0.546951,-7216.01,0.0298963,0.348
1980001,0,-0.9448,-7216.82,0.32201,0.175
1985001,0,-1.21082,-7216.14,0.76753,0.419
1990001,0,-1.31624,-7215.93,0.694215,0.184
1995001,0,-1.99012,-7216.45,1.67037,0.221
2000001,0,-1.05581,-7218.35,1.13375,0.228
2005001,1,15.1379,-7210.38,0.135147,0.358
2010001,0,-0.844433,-7217.7,0.84632,0.194
2015001,3,41.5339,-7216.07,5.03364,0.301
2020001,0,-2.72859,-7216.38,2.30703,0.241
2025001,1,15.5122,-7209.01,0.16643,0.367
2030001,1,14.3433,-7210.17,0.383943,0.352
2035001,0,-0.301193,-7217.19,0.126409,0.283
2040001,1,15.5569,-7216.8,0.491305,0.39
2045001,0,-3.9573,-7216.64,3.71273,0.179
2050001,0,-1.8141,-7216.02,1.08426,0.233
2055001,1,13.215,-7215.97,1.58223,0.397
2060001,0,-1.47415,-7217.03,1.15714,0.136
2065001,0,-3.50098,-7215.61,2.6394,0.247
2070001,0,-0.686888,-7217.55,0.0525831,0.122
2075001,0,-2.31861,-7215.64,1.3463,0.226
2080001,0,-1.54831,-7215.9,0.252047,0.4
2085001,1,13.0522,-7208.7,1.16009,0.414
2090001,0,-3.46967,-7219.36,2.11518,0.155
2095001,0,-1.23287,-7215.64,0.33692,0.249
2100001,0,-3.53477,-7217.92,1.59465,0.246
2105001,0,-2.33465,-7215.76,1.38511,0.199
2110001,0,-2.1081,-7215.61,1.14919,0.216
2115001,0,-1.4411,-7217.78,0.481174,0.16
2120001,0,-3.85533,-7216.29,2.42029,0.221
2125001,0,-1.42314,-7215.98,0.493472,0.294
2130001,3,48.5246,-7214.41,0.592238,0.437
2135001,0,-1.25333,-7216.74,1.02108,0.181
2140001,0,-0.0450567,-7218.98,0.329987,0.163
2145001,1,14.1385,-7218.93,2.21363,0.282
2150001,0,-1.29263,-7217.35,1.22061,0.139
2155001,1,14.7898,-7217.68,1.0344,0.268
2160001,0,-1.65188,-7215.89,1.08425,0.2
2165001,1,12.4403,-7217.27,3.86328,0.268
2170001,0,-0.164363,-7218.51,0.301324,0.166
2175001,1,13.9534,-7216.44,0.999242,0.298
2180001,1,15.3094,-7216.56,0.50706,0.184
2185001,0,-1.58861,-7216.25,1.10016,0.145
2190001,1,16.1372,-7216.93,0.27708,0.375
2195001,0,-1.13175,-7216.99,0.777409,0.226
2200001,0,-2.68007,-7216.21,2.01289,0.192
2205001,0,-4.00603,-7219.25,3.26482,0.222
2210001,0,-1.53409,-7215.64,0.439652,0.146
2215001,1,13.2311,-7213.47,1.601,0.377
2220001,0,-3.63032,-7216.57,2.25974,0.297
2225001,0,-1.64204,-7216.08,0.421638,0.158
2230001,0,-0.848954,-7216.61,0.284796,0.17
2235001,0,-0.9434,-7216.79,0.503255,0.287
2240001,0,-1.9657,-7216.03,1.05643,0.213
2245001,2,26.4862,-7215.25,3.35247,0.22
2250001,0,-1.56395,-7216.12,1.00599,0.27
2255001,0,-3.07707,-7222.73,2.47484,0.218
2260001,0,-6.45261,-7215.83,5.68659,0.242
2265001,0,-1.41031,-7215.72,0.659793,0.26
2270001,0,-5.31592,-7215.82,4.59075,0.321
2275001,0,-4.01631,-7215.6,3.15262,0.224
2280001,1,14.33,-7215.42,1.95096,0.206
2285001,0,-0.606604,-7215.92,0.0255249,0.17
2290001,0,-1.32791,-7215.72,0.563422,0.186
2295001,1,12.4141,-7214.8,1.89733,0.292
2300001,1,11.5305,-7216.65,2.81654,0.303
2305001,0,-2.14378,-7218.01,1.5828,0.233
2310001,0,-3.33104,-7216.45,2.70143,0.264
2315001,1,15.098,-7218.84,1.30686,0.203
2320001,1,15.1962,-7217.62,1.00052,0.213
2325001,0,-0.560928,-7219.14,0.231772,0.199
2330001,0,-3.47684,-7215.7,2.69619,0.158
2335001,0,-2.25697,-7215.9,1.66638,0.33
2340001,0,-3.99173,-7216.42,3.2498,0.209
2345001,0,-2.59368,-7216.27,1.7567,0.142
2350001,0,-1.53873,-7216.38,0.629062,0.362
2355001,0,-3.28395,-7215.9,2.71437,0.395
2360001,0,-2.06561,-7216.07,1.47472,0.221
2365001,0,-0.605429,-7215.95,0.0692628,0.144
2370001,0,-0.689954,-7216.94,0.333242,0.182
2375001,0,-1.37456,-7216.15,0.604921,0.156
2380001,1,15.1287,-7215.79,0.207109,0.303
2385001,1,13.0716,-7209.83,0.186041,0.34
2390001,0,-1.46291,-7215.77,0.749175,0.44
2395001,0,-0.82956,-7215.82,0.0920666,0.162
2400001,0,-1.14954,-7216.97,0.5236,0.33
2405001,0,-2.3663,-7216.65,2.07547,0.179
2410001,0,-1.1902,-7217.53,0.648255,0.34
2415001,0,-1.23384,-7216.08,0.691917,0.333
2420001,0,-0.708983,-7215.97,0.0934397,0.355
2425001,1,14.0007,-7215.39,0.274083,0.356
2430001,1,11.506,-7215.51,0.235469,0.284
2435001,3,46.0525,-7216.47,0.737308,0.201
2440001,0,-0.582555,-7216.01,0.0362027,0.158
2445001,2,29.5665,-7215.06,1.24807,0.286
2450001,1,14.7735,-7216.31,0.055476,0.302
2455001,0,-3.27775,-7216.59,3.01592,0.137
2460001,2,27.982,-7206.42,0.952406,0.404
2465001,1,13.7739,-7210.67,1.29721,0.42
2470001,0,-0.867238,-7216.09,0.149058,0.229
2475001,1,13.4841,-7211.44,2.16775,0.234
2480001,1,13.9402,-7215.79,1.52766,0.249
2485001,0,-3.43596,-7215.63,2.49127,0.269
2490001,0,-4.47738,-7216.14,3.73842,0.218
2495001,1,12.6443,-7215.75,3.13486,0.424
2500001,0,-1.29475,-7217.09,0.131358,0.134
2505001,0,-1.74064,-7215.62,0.833773,0.153
2510001,2,29.3438,-7216.17,0.567326,0.409
2515001,0,-3.89272,-7215.76,3.21024,0.183
2520001,0,-2.22009,-7217.26,1.09757,0.189
2525001,0,-0.463712,-7217.97,0.137203,0.175
2530001,0,-1.07346,-7216.46,0.75829,0.164
2535001,1,14.473,-7217.97,1.71642,0.401
2540001,0,-0.917945,-7218.81,1.16556,0.25
2545001,1,14.5809,-7219.63,1.46423,0.167
2550001,0,-0.814768,-7220.29,1.22481,0.177
2555001,1,15.3285,-7217.23,0.343318,0.24
2560001,0,-0.530947,-7216.81,0.340568,0.227
2565001,0,-2.47732,-7217.61,2.24389,0.247
2570001,0,-1.85288,-7216.46,1.43685,0.159
2575001,0,-2.11652,-7216.66,1.72691,0.188
2580001,2,28.7446,-7215.86,0.569008,0.325
2585001,0,-2.81227,-7215.96,1.91757,0.232
2590001,0,-1.17944,-7216.44,0.391589,0.146
2595001,1,15.7186,-7216.83,0.494585,0.2
2600001,0,-1.85701,-7216.07,1.31442,0.205
2605001,1,12.4663,-7216.29,2.67716,0.23
2610001,0,-0.466209,-7216.29,0.086139,0.243
2615001,0,-0.460164,-7218.05,0.180202,0.312
2620001,0,-0.739506,-7216.27,0.27722,0.269
2625001,0,-0.223226,-7220.43,0.507775,0.158
2630001,0,-2.09278,-7217.32,2.01422,0.137
2635001,1,15.1589,-7209.2,0.111581,0.405
2640001,0,-1.79296,-7215.67,0.853106,0.21
2645001,0,-1.62723,-7216.25,0.728126,0.161
2650001,1,14.8106,-7209.83,0.184979,0.387
2655001,0,-1.01936,-7217.79,0.397118,0.171
2660001,1,11.7271,-7218.35,3.61902,0.164
2665001,0,-2.26107,-7216.89,1.95636,0.159
2670001,0,-1.25538,-7216.65,0.801326,0.211
2675001,1,14.353,-7213.66,0.12149,0.391
2680001,1,14.0406,-7214.87,0.553487,0.347
2685001,0,-1.92852,-7216.03,1.21026,0.176
2690001,1,15.224,-7217.32,0.311003,0.2
2695001,0,-2.25503,-7216.1,0.852132,0.134
2700001,0,-7.17311,-7215.68,6.19359,0.163
2705001,0,-2.17187,-7215.72,1.07068,0.147
2710001,0,-1.20401,-7216.55,0.553353,0.186
2715001,0,-2.22256,-7220.18,0.987072,0.219
2720001,0,-1.36926,-7215.64,0.278809,0.159
2725001,0,-1.15504,-7215.88,0.294774,0.133
2730001,0,-2.2688,-7216.24,1.67848,0.156
2735001,0,-1.00071,-7215.64,0.195045,0.361
2740001,0,-1.29689,-7215.77,0.372967,0.2
2745001,0,-0.911614,-7215.63,0.0430393,0.262
2750001,0,-1.25624,-7215.71,0.360065,0.257
2755001,0,-0.994358,-7218.04,0.064987,0.198
2760001,1,15.8387,-7217.08,0.0679125,0.266
2765001,1,12.8038,-7216.56,0.78043,0.364
2770001,1,13.6461,-7215.26,2.47529,0.142
2775001,2,28.4156,-7218.41,0.552534,0.179
2780001,1,15.5187,-7214.45,0.207009,0.273
2785001,0,-1.09535,-7216.91,0.101395,0.293
2790001,0,-0.842851,-7216.49,0.00075833,0.14
2795001,1,13.0249,-7217.33,0.133178,0.438
2800001,0,-1.56718,-7215.83,0.27589,0.305
2805001,1,11.8463,-7216.91,1.10869,0.229
2810001,1,13.4844,-7215.9,0.322998,0.312
2815001,0,-1.96705,-7215.76,0.928588,0.338
2820001,0,-2.24955,-7217.22,1.27877,0.257
2825001,0,-2.56215,-7215.84,1.41183,0.247
2830001,0,-1.42951,-7215.96,0.0473409,0.311
2835001,0,-1.35796,-7216.34,0.938998,0.177
2840001,1,14.6136,-7217.6,0.695996,0.36
2845001,3,47.3581,-7213.8,0.690501,0.395
2850001,0,-1.93411,-7216.17,1.24007,0.308
2855001,0,-3.42781,-7216,2.82722,0.35
2860001,0,-1.62382,-7215.91,0.441947,0.267
2865001,0,-1.38673,-7215.96,0.100357,0.2
2870001,0,-1.43195,-7216,0.480376,0.149
2875001,0,-3.2309,-7215.75,2.50336,0.164
2880001,1,15.4124,-7217.32,0.535062,0.318
2885001,0,-1.68099,-7217.53,1.62304,0.185
2890001,0,-1.22416,-7216.43,0.770857,0.212
2895001,0,-2.60301,-7215.94,2.04648,0.183
2900001,0,-2.01024,-7216.35,1.22628,0.332
2905001,0,-2.37888,-7215.72,1.63156,0.252
2910001,0,-2.0202,-7216.34,0.961831,0.142
2915001,1,13.8744,-7214.04,1.194,0.37
2920001,2,29.7523,-7215.7,0.397321,0.347
2925001,0,-1.58125,-7215.78,0.481551,0.174
2930001,0,-1.83569,-7216.46,0.347199,0.135
2935001,1,11.9144,-7216.47,1.89818,0.214
2940001,0,-0.891681,-7215.99,0.0118635,0.306
2945001,0,-1.2251,-7216.04,0.716057,0.209
2950001,0,-1.35533,-7215.93,0.767467,0.253
2955001,0,-1.57092,-7215.98,1.05388,0.247
2960001,0,-1.52041,-7216.37,0.57334,0.273
2965001,1,14.2821,-7215.85,0.294262,0.306
2970001,0,-1.04324,-7218.37,1.19047,0.247
2975001,0,-1.43659,-7216.97,1.2887,0.319
2980001,0,-2.02178,-7219.16,2.08094,0.209
2985001,0,-0.0410392,-7217.66,0.0368268,0.168
2990001,1,14.6822,-7211.11,1.01755,0.391
2995001,2,26.8656,-7207.7,5.2143,0.425
3000001,1,15.8613,-7208.26,0.78628,0.371
3005001,1,15.745,-7208.5,0.801923,0.373
3010001,1,16.39,-7207.65,0.159854,0.363
3015001,2,28.8202,-7209.36,0.643205,0.385
3020001,0,-2.49364,-7216.21,1.66166,0.211
3025001,1,14.9426,-7207.23,0.217313,0.404
3030001,2,30.325,-7205.04,1.65747,0.433
3035001,3,44.8433,-7202.74,2.23156,0.472
3040001,0,-2.3371,-7214.81,1.79548,0.255
3045001,0,-2.48329,-7214.46,2.04039,0.255
3050001,1,14.3942,-7213.4,0.366209,0.271
3055001,1,13.973,-7214.76,0.144152,0.269
3060001,0,-0.775195,-7214.21,0.0956841,0.155
3065001,0,-2.27096,-7217.32,1.86726,0.164
3070001,1,13.8631,-7209.56,0.823133,0.348
3075001,0,-1.68491,-7214.54,1.28697,0.185
3080001,0,-0.924138,-7214.26,0.417234,0.217
3085001,0,-5.44792,-7215,5.18245,0.289
3090001,0,-1.33749,-7216.97,1.18032,0.463
3095001,1,14.6268,-7214.41,1.08823,0.265
3100001,0,-2.49596,-7214.03,1.54148,0.145
3105001,0,-1.98448,-7213.91,0.928178,0.139
3110001,1,15.4583,-7211.64,0.0497552,0.286
3115001,1,13.901,-7217.9,0.949321,0.33
3120001,0,-1.3515,-7214.12,0.330155,0.203
3125001,0,-2.3784,-7213.73,1.26918,0.128
3130001,0,-3.83904,-7214.67,2.58327,0.169
3135001,0,-1.71091,-7214.21,1.08293,0.17
3140001,1,15.8674,-7217.84,1.1482,0.225
3145001,1,15.7899,-7215.11,0.401632,0.162
3150001,1,13.7938,-7213.58,0.320755,0.26
3155001,0,-1.55429,-7213.81,0.180096,0.208
3160001,0,-1.676,-7214.96,0.162843,0.184
3165001,0,-1.55353,-7214.14,0.047259,0.23
3170001,2,27.3344,-7212.41,2.4827,0.268
3175001,1,12.833,-7213.71,0.691804,0.203
3180001,0,-2.44942,-7213.71,1.21457,0.246
3185001,1,13.6337,-7211.03,0.148901,0.318
3190001,0,-2.22166,-7213.65,1.00019,0.348
3195001,0,-1.9966,-7214.88,0.790909,0.241
3200001,1,13.0536,-7214.06,1.70494,0.188
3205001,0,-4.5461,-7215.46,3.15067,0.146
3210001,0,-2.49377,-7214.22,0.947856,0.237
3215001,1,13.7414,-7213.46,0.182896,0.23
3220001,2,29.4467,-7213.89,0.385035,0.226
3225001,1,13.3749,-7216.69,0.659656,0.312
3230001,0,-2.25426,-7214.32,0.621216,0.161
3235001,0,-1.51328,-7213.62,0.398935,0.171
3240001,0,-3.01383,-7214.09,2.44604,0.176
3245001,0,-3.04524,-7215.66,2.93254,0.232
3250001,1,16.1024,-7217.31,0.470515,0.285
3255001,2,32.0505,-7214.8,0.42139,0.432
3260001,2,30.7412,-7204.98,0.0743198,0.288
3265001,1,15.5614,-7213.25,0.315704,0.342
3270001,2,30.0715,-7206.06,0.436065,0.345
3275001,0,-2.3154,-7213.63,1.37001,0.275
3280001,0,-4.43679,-7214.14,3.73735,0.22
3285001,1,8.78849,-7215.3,0.679943,0.325
3290001,0,-1.09792,-7213.67,0.141638,0.182
3295001,2,26.8333,-7212.88,1.63174,0.306
3300001,0,-1.11405,-7214.55,0.395196,0.35
3305001,0,-2.82838,-7214.23,2.29761,0.191
3310001,0,-2.87652,-7214.52,2.47065,0.221
3315001,0,-2.54241,-7214.98,1.71258,0.294
3320001,1,13.1072,-7213.5,2.13832,0.237
3325001,1,11.0498,-7209.85,3.4906,0.39
3330001,1,15.8092,-7207.93,0.10285,0.384
3335001,1,15.5312,-7210.3,0.784227,0.323
3340001,2,32.5253,-7206.91,0.37642,0.441
3345001,3,42.6932,-7204.96,2.55202,0.399
3350001,1,10.825,-7204.42,4.34763,0.406
3355001,1,14.5233,-7205.79,0.526276,0.404
3360001,3,43.637,-7204.94,0.369257,0.434
3365001,2,32.6482,-7212.14,0.276023,0.382
3370001,1,14.1031,-7208.89,0.460668,0.363
3375001,1,15.6326,-7207.58,0.232852,0.419
3380001,2,29.067,-7206.2,1.84871,0.381
3385001,1,14.429,-7206.53,1.10448,0.422
3390001,0,0.132479,-7216.78,0.0909616,0.281
3395001,0,-1.17971,-7213.7,0.870189,0.348
3400001,0,-1.54012,-7215.43,1.51539,0.154
3405001,0,-1.34928,-7214.91,0.718888,0.239
3410001,0,-1.08085,-7211.95,0.0887391,0.183
3415001,0,-4.66972,-7211.9,3.61513,0.17
3420001,1,14.2803,-7207.66,0.00752329,0.394
3425001,0,-1.45668,-7211.94,0.123054,0.222
3430001,1,13.686,-7204.96,0.797499,0.391
3435001,0,-4.50211,-7212.64,3.15779,0.346
3440001,0,-1.86635,-7212.14,0.693708,0.202
3445001,2,28.6619,-7206.4,1.27896,0.465
3450001,0,-1.76502,-7213.04,0.408929,0.206
3455001,0,-1.33402,-7212.06,0.202134,0.156
3460001,0,-1.50843,-7211.95,0.15944,0.14
3465001,0,-4.87149,-7215.46,2.69332,0.183
3470001,0,-3.19914,-7212.37,1.56918,0.234
3475001,0,-3.13567,-7212.42,1.48279,0.233
3480001,1,12.102,-7210.91,1.44249,0.244
3485001,0,-1.84494,-7211.95,0.571847,0.171
3490001,0,-3.6083,-7213.61,2.47344,0.18
3495001,1,13.6703,-7212.31,1.75601,0.32
3500001,0,-1.63796,-7211.92,0.416435,0.277
3505001,0,-2.70294,-7212.73,1.23134,0.23
3510001,1,15.1752,-7210.48,0.441315,0.175
3515001,0,-3.25651,-7212.28,1.79745,0.182
3520001,0,-1.44889,-7212.24,0.0230364,0.143
3525001,0,-5.46749,-7212.82,3.8012,0.238
3530001,0,-1.30785,-7211.91,0.249717,0.258
3535001,0,-1.27812,-7215.18,0.100765,0.232
3540001,0,-3.09185,-7212.54,2.43455,0.225
3545001,0,-1.67212,-7212.1,0.744028,0.22
3550001,0,-8.07135,-7212.06,6.8188,0.18
3555001,1,14.2474,-7206.31,0.0980367,0.298
3560001,1,12.9545,-7204.6,1.09153,0.381
3565001,3,45.0716,-7203.79,0.822037,0.341
3570001,1,13.0241,-7205.06,1.60676,0.365
3575001,1,13.6848,-7204.55,1.14405,0.358
3580001,1,14.3279,-7205.9,1.09937,0.386
3585001,2,30.0827,-7212.53,1.70818,0.249
3590001,0,-2.43084,-7212.3,1.66813,0.188
3595001,0,-2.25233,-7212.48,1.08539,0.137
3600001,0,-5.30531,-7212.4,3.66685,0.127
3605001,2,28.7863,-7209.14,0.831122,0.271
3610001,0,-1.41748,-7212.02,0.0493858,0.135
3615001,0,-1.44618,-7212.48,0.690133,0.241
3620001,0,-1.57097,-7211.96,0.598197,0.163
3625001,1,13.7599,-7211.28,0.102231,0.326
3630001,0,-1.39289,-7214.45,0.919253,0.13
3635001,1,15.2656,-7208.57,0.214537,0.357
3640001,1,14.8787,-7208.2,0.442893,0.346
3645001,2,30.8577,-7203.81,0.415039,0.413
3650001,1,13.485,-7203.3,1.08735,0.406
3655001,0,-3.12346,-7212.28,2.37829,0.204
3660001,1,15.6107,-7211.86,0.104929,0.259
3665001,0,-1.58147,-7212.24,0.555456,0.209
3670001,0,-3.03997,-7216.14,2.09401,0.188
3675001,0,-1.58794,-7212.77,0.330331,0.223
3680001,0,-1.30665,-7212.44,0.0947275,0.256
3685001,0,-1.12616,-7212.15,0.229888,0.341
3690001,0,-1.27144,-7212.27,0.339598,0.2
3695001,1,15.1501,-7211.9,0.545983,0.202
3700001,0,-1.06431,-7212.02,0.137986,0.208
3705001,0,-1.46344,-7212.92,0.88609,0.139
3710001,0,-0.532491,-7213.35,0.131201,0.192
3715001,0,-0.283364,-7216.18,0.410252,0.271
3720001,0,-0.678873,-7213.89,0.411214,0.336
3725001,0,-1.70377,-7212.29,0.962202,0.191
3730001,0,-2.27383,-7212.4,1.52831,0.189
3735001,2,27.4802,-7205.6,1.33061,0.328
3740001,2,29.0911,-7205.5,1.43622,0.363
3745001,0,-0.72988,-7213.62,0.41359,0.317
3750001,0,-2.03886,-7212.6,1.42351,0.296
3755001,0,-1.51555,-7215.2,1.50288,0.228
3760001,3,44.1729,-7215.96,2.73348,0.28
3765001,0,-0.470201,-7214.11,0.259183,0.235
3770001,0,-0.928834,-7212.44,0.13076,0.348
3775001,0,-1.45977,-7211.97,0.414541,0.209
3780001,1,13.277,-7204.19,0.58019,0.396
3785001,1,15.4493,-7205.19,0.0887165,0.354
3790001,0,-0.0635582,-7217.14,0.288391,0.153
3795001,0,0.0418007,-7217.42,0.246771,0.147
3800001,3,48.1536,-7213.9,0.178197,0.326
3805001,1,13.5906,-7207.9,1.6571,0.352
3810001,2,28.5561,-7206.36,0.661959,0.407
3815001,1,10.8872,-7204.53,2.07665,0.354
3820001,1,13.4281,-7203.51,0.226972,0.347
3825001,0,-5.0906,-7212.33,4.19219,0.278
3830001,0,-2.09058,-7212.21,0.695497,0.142
3835001,0,-3.23196,-7213.16,2.00906,0.189
3840001,0,-4.73806,-7211.95,3.40528,0.255
3845001,0,-1.6355,-7211.94,0.642993,0.144
3850001,0,-1.316,-7212.13,0.481396,0.233
3855001,0,-2.19616,-7213.39,1.59933,0.247
3860001,1,14.1653,-7211.78,1.41252,0.286
3865001,1,15.21,-7212.53,0.124935,0.267
3870001,0,-0.752751,-7212.33,0.0295394,0.259
3875001,0,-1.20575,-7211.97,0.199084,0.175
3880001,1,12.9713,-7212.36,1.1675,0.275
3885001,0,-1.8926,-7211.94,0.554557,0.25
3890001,1,12.2551,-7210.27,0.0726558,0.231
3895001,0,-2.05031,-7212.05,0.82529,0.146
3900001,0,-1.25581,-7212.35,0.0555309,0.149
3905001,0,-2.903,-7211.97,1.59061,0.188
3910001,0,-2.04928,-7214.18,1.69749,0.231
3915001,0,-2.98533,-7212.68,2.39282,0.194
3920001,0,-3.92745,-7214.31,3.47792,0.378
3925001,1,14.4179,-7209.87,0.923339,0.288
3930001,0,-2.68474,-7214.2,1.81031,0.36
3935001,1,12.5759,-7207.31,0.874989,0.342
3940001,1,15.1872,-7211.19,0.061494,0.321
3945001,0,-1.99709,-7212.89,0.949481,0.195
3950001,0,-2.53404,-7211.96,1.53792,0.223
3955001,0,-0.876851,-7212.68,0.294712,0.163
3960001,0,-2.40756,-7211.87,1.22809,0.237
3965001,0,-2.81792,-7214.44,1.57846,0.272
3970001,0,-2.57537,-7211.91,1.30102,0.231
3975001,0,-1.4916,-7211.96,0.521586,0.209
3980001,0,-1.53197,-7212.07,0.42581,0.145
3985001,0,-2.47403,-7211.98,1.10315,0.226
3990001,0,-3.53422,-7213.82,1.47857,0.152
3995001,0,-4.50769,-7211.93,3.18897,0.175
4000001,1,14.7754,-7209.81,0.300731,0.246
4005001,1,14.5643,-7208.8,0.725282,0.172
4010001,1,14.5268,-7212.47,0.8677,0.248
4015001,0,-0.82029,-7212.17,0.0101449,0.164
4020001,0,-1.60404,-7213.95,1.34527,0.172
4025001,0,-0.773043,-7214.21,0.128314,0.134
4030001,1,14.302,-7205.16,0.0655994,0.354
4035001,4,60.4557,-7202.08,1.16759,0.468
4040001,1,11.7363,-7206.32,2.71263,0.38
4045001,1,14.9745,-7207.67,0.631489,0.366
4050001,1,15.3314,-7206.06,0.569036,0.448
4055001,1,15.7797,-7208.26,0.722811,0.376
4060001,2,30.4697,-7205.19,1.24298,0.405
4065001,1,13.1996,-7204.01,1.84594,0.476
4070001,1,11.4126,-7205.63,0.116801,0.343
4075001,1,14.6941,-7205.74,0.914132,0.461
4080001,4,54.055,-7199.48,3.49959,0.398
4085001,1,11.8297,-7213.07,0.492198,0.236
4090001,0,-3.99835,-7212.26,2.4485,0.141
4095001,0,-3.15521,-7213.17,2.16969,0.278
4100001,1,14.2153,-7213.39,1.7909,0.232
4105001,1,10.9705,-7212.97,1.48055,0.362
4110001,1,8.1299,-7207.78,2.97372,0.281
4115001,0,-0.882889,-7212.12,0.0295011,0.19
4120001,1,13.8467,-7205.01,0.424684,0.394
4125001,0,-1.88033,-7212.58,0.985208,0.215
4130001,0,-1.28333,-7211.95,0.102003,0.18
4135001,1,13.1673,-7212.94,1.68852,0.195
4140001,1,13.0074,-7205.93,0.612858,0.416
4145001,1,14.0201,-7205.19,1.10642,0.362
4150001,1,14.8603,-7203.98,0.134825,0.396
4155001,2,28.4798,-7207.18,2.46643,0.386
4160001,1,12.9943,-7211.2,1.92855,0.408
4165001,2,28.494,-7207.26,0.586558,0.359
4170001,0,-3.08584,-7212.03,1.69837,0.153
4175001,0,-1.69257,-7211.89,0.542219,0.153
4180001,0,-1.07307,-7211.92,0.0424443,0.25
4185001,0,-2.22927,-7212.17,1.18509,0.236
4190001,0,-1.20678,-7213.46,0.0789595,0.278
4195001,1,13.4166,-7211.33,1.14965,0.187
4200001,1,15.0602,-7211.27,0.46089,0.451
4205001,2,31.1463,-7212.99,0.00378202,0.278
4210001,1,14.2781,-7210.33,0.000502035,0.328
4215001,1,12.4279,-7211.81,2.26414,0.252
4220001,0,-1.99574,-7213.13,0.532004,0.135
4225001,0,-2.70006,-7214.09,0.590888,0.211
4230001,0,-2.69758,-7215.04,0.542185,0.338
4235001,0,-3.59057,-7214.82,1.67114,0.498
4240001,0,-3.66329,-7213.48,1.66718,0.228
4245001,0,-1.49794,-7214.19,0.214024,0.395
4250001,0,-2.79265,-7213.91,2.14433,0.213
4255001,1,15.2588,-7212.64,0.610045,0.312
4260001,0,-3.06569,-7213.26,2.6598,0.17
4265001,0,-0.862144,-7213.45,0.268188,0.238
4270001,0,-0.397461,-7214.91,0.216431,0.292
4275001,0,-1.44757,-7212.05,0.512671,0.164
4280001,0,-1.28597,-7211.88,0.179538,0.192
4285001,0,-3.9484,-7211.88,2.83258,0.241
4290001,0,-0.885938,-7212.83,0.305522,0.297
4295001,1,15.6686,-7212.82,0.246662,0.288
4300001,0,-3.89096,-7212.08,3.01482,0.152
4305001,1,8.94005,-7210.47,2.72228,0.177
4310001,0,-1.58447,-7213.65,0.973022,0.141
4315001,1,15.3435,-7211.48,1.18508,0.256
4320001,0,-1.62568,-7212.78,0.758962,0.188
4325001,0,-0.93908,-7212.21,0.131754,0.251
4330001,1,13.5678,-7213.08,0.998085,0.196
4335001,0,-1.23592,-7213.2,0.249944,0.144
4340001,1,15.7081,-7212.71,0.067227,0.246
4345001,0,-1.06834,-7212.22,0.157773,0.147
4350001,0,-2.14259,-7212.56,1.16679,0.148
4355001,1,15.4722,-7210.14,0.630369,0.296
4360001,0,-1.25097,-7212.27,0.464814,0.145
4365001,0,-3.28838,-7212.39,2.24243,0.18
4370001,0,-1.56342,-7212.08,0.691477,0.149
4375001,0,-0.614232,-7214,0.0919248,0.181
4380001,0,-1.20302,-7212.64,0.582577,0.213
4385001,0,-1.4124,-7212.39,0.579087,0.157
4390001,0,-2.16411,-7211.91,1.12009,0.237
4395001,0,-1.42798,-7214.2,0.84919,0.163
4400001,1,14.8515,-7214.78,0.727041,0.397
4405001,0,-2.82834,-7212.77,2.09159,0.207
4410001,2,28.1483,-7212.87,1.16466,0.379
4415001,0,-3.21559,-7212.09,2.19633,0.179
4420001,1,14.1638,-7210.7,1.41097,0.232
4425001,0,-1.65808,-7212.41,0.167472,0.209
4430001,0,-1.96665,-7212.62,0.288439,0.365
4435001,0,-0.72939,-7212.92,0.0166803,0.172
4440001,0,-0.68934,-7212.58,0.0363614,0.284
4445001,1,15.1175,-7211.6,0.861063,0.18
4450001,0,-0.827068,-7213.53,0.0516881,0.307
4455001,1,15.5013,-7214.18,0.872674,0.173
4460001,0,-0.955883,-7212.21,0.171748,0.257
4465001,1,14.0299,-7210.64,0.027563,0.321
4470001,0,-3.95857,-7212.36,2.95127,0.24
4475001,0,-5.81898,-7213.17,5.39014,0.119
4480001,0,-0.807786,-7213.71,0.277966,0.148
4485001,1,11.3298,-7213.49,1.92531,0.284
4490001,1,15.4336,-7213.46,0.343658,0.162
4495001,0,-1.64904,-7212.34,0.376338,0.181
4500001,1,15.1753,-7206.27,0.344959,0.467
4505001,0,-0.58202,-7212.83,0.049798,0.205
4510001,1,15.2284,-7206.27,0.469368,0.262
4515001,0,-1.00658,-7213.06,0.522695,0.172
4520001,0,-1.24263,-7213.07,0.601315,0.265
4525001,1,13.6302,-7213.31,0.349203,0.422
4530001,0,-1.18353,-7212.24,0.227299,0.163
4535001,0,-3.05238,-7212.41,1.98508,0.238
4540001,1,14.3151,-7212.33,0.880467,0.207
4545001,1,14.265,-7211.64,0.832585,0.164
4550001,1,13.5644,-7212.83,1.33139,0.243
4555001,0,-2.93296,-7215.61,1.05935,0.229
4560001,0,-2.12898,-7213.1,0.799753,0.211
4565001,0,-1.8585,-7212.11,0.520717,0.229
4570001,0,-1.46928,-7212.49,0.459864,0.161
4575001,1,14.5781,-7209.09,0.540241,0.261
4580001,0,-2.27782,-7212.6,0.901346,0.288
4585001,1,15.2143,-7212.93,0.233725,0.203
4590001,0,-1.63723,-7213.92,0.342834,0.175
4595001,0,-2.74764,-7212.69,1.22137,0.282
4600001,0,-4.47012,-7211.91,3.36762,0.161
4605001,0,-1.16033,-7212.32,0.228157,0.3
4610001,3,45.2372,-7211.9,0.396071,0.259
4615001,0,-2.82544,-7212.24,1.47208,0.28
4620001,1,12.7496,-7215.38,1.43181,0.201
4625001,0,-3.1491,-7211.95,2.13523,0.311
4630001,1,14.9105,-7212.77,0.404136,0.196
4635001,2,27.4639,-7206.62,0.611513,0.389
4640001,0,-1.61298,-7212.29,0.571481,0.155
4645001,1,12.3189,-7214.58,2.78459,0.208
4650001,0,-1.63418,-7213.82,0.70358,0.187
4655001,1,15.4655,-7213.14,0.35709,0.323
4660001,0,-1.32451,-7212.49,0.287964,0.345
4665001,0,-4.08991,-7212.39,2.80678,0.182
4670001,1,11.4567,-7208.54,0.220991,0.294
4675001,2,28.4765,-7204.74,3.22177,0.433
4680001,1,13.5065,-7203.21,1.72917,0.384
4685001,1,13.3179,-7205.35,2.12138,0.378
4690001,1,13.8086,-7204.57,0.778292,0.444
4695001,2,27.0094,-7204.09,0.331169,0.393
4700001,2,30.9364,-7202.37,0.533889,0.39
4705001,1,11.4847,-7204.06,3.58127,0.381
4710001,3,43.9371,-7205.16,1.5906,0.395
4715001,1,14.0469,-7204.7,0.774454,0.385
4720001,1,15.7785,-7206.47,0.113867,0.36
4725001,1,15.1277,-7205.23,0.592164,0.397
4730001,1,14.599,-7206.64,0.0459582,0.399
4735001,1,13.9023,-7205.09,0.380376,0.374
4740001,2,31.1699,-7204.87,0.973228,0.38
4745001,0,-1.6061,-7214.23,1.35886,0.189
4750001,1,13.9382,-7213.39,1.50548,0.358
4755001,0,-1.6954,-7212.4,0.827978,0.214
4760001,0,-1.92639,-7212.25,0.819889,0.208
4765001,0,-1.07049,-7212.39,0.166666,0.175
4770001,0,-1.95525,-7213.77,0.525379,0.173
4775001,0,-0.700765,-7213.03,0.156833,0.271
4780001,0,-0.371544,-7214.59,0.219519,0.162
4785001,0,-0.992927,-7215.16,0.814771,0.23
4790001,0,-1.20888,-7214.93,1.08531,0.16
4795001,0,-1.42199,-7213.68,0.780532,0.401
4800001,0,-1.70899,-7212.86,1.06018,0.161
4805001,0,-1.4649,-7212.87,0.579715,0.161
4810001,0,-0.491232,-7216.34,0.238776,0.219
4815001,0,-0.880001,-7212.42,0.0212363,0.186
4820001,0,-2.69041,-7214.28,2.12928,0.255
4825001,0,-1.84501,-7212.35,0.948503,0.375
4830001,1,13.507,-7213.57,0.42856,0.239
4835001,1,11.2361,-7212.12,1.26724,0.305
4840001,1,14.7324,-7206.43,0.133075,0.251
4845001,0,-1.07717,-7212.66,0.347307,0.331
4850001,0,-1.19394,-7212.52,0.0614825,0.269
4855001,2,30.882,-7208.95,1.50001,0.46
4860001,0,-2.60189,-7212.23,1.45381,0.356
4865001,1,12.2043,-7204.31,1.60432,0.34
4870001,1,13.1043,-7210.48,2.45155,0.287
4875001,1,14.4877,-7207.59,0.461955,0.299
4880001,0,-0.762553,-7216.48,0.0922328,0.32
4885001,1,12.3917,-7213.9,1.59602,0.2
4890001,0,-3.8337,-7213.41,3.0915,0.114
4895001,1,13.959,-7216.28,0.139702,0.292
4900001,1,13.3859,-7204.65,1.11912,0.406
4905001,2,30.8759,-7207.25,0.568989,0.357
4910001,2,29.7261,-7204.32,2.77333,0.472
4915001,1,13.3133,-7207.21,2.11575,0.336
4920001,1,15.0737,-7208,0.109332,0.368
4925001,0,-0.484166,-7213.65,0.0245261,0.259
4930001,1,14.5447,-7212.88,0.593589,0.381
4935001,0,-0.959507,-7213.39,0.159381,0.172
4940001,2,31.5955,-7211.51,0.895538,0.339
4945001,0,-2.71312,-7213.02,2.09001,0.14
4950001,0,-4.54128,-7212.36,3.57685,0.182
4955001,0,-0.933045,-7213.16,0.347117,0.354
4960001,0,-3.48646,-7214.12,3.24567,0.224
4965001,0,-1.32175,-7214.63,1.13418,0.234
4970001,0,-0.382728,-7214.09,0.0352759,0.205
4975001,0,-0.991062,-7212.98,0.359366,0.217
4980001,0,-1.57423,-7212.42,0.436604,0.183
4985001,0,-4.2579,-7213.3,2.866,0.296
4990001,1,12.2933,-7211.34,1.54676,0.248
4995001,2,27.5487,-7213.42,0.38941,0.421
5000001,0,-1.73776,-7214.6,0.180379,0.153
5005001,1,14.5591,-7212.3,0.384871,0.155
5010001,1,15.3551,-7211.05,0.125836,0.299
5015001,0,-2.08759,-7212.76,1.21608,0.176
5020001,0,-1.61268,-7212.57,0.772814,0.139
5025001,0,-0.997734,-7212.86,0.100762,0.147
5030001,0,-0.658956,-7215.04,0.140724,0.353
5035001,2,30.017,-7211.16,1.72833,0.305
5040001,0,-1.48412,-7212.41,0.374744,0.158
5045001,0,-1.40022,-7212.7,0.422988,0.291
5050001,0,-1.60705,-7212.84,0.395835,0.158
5055001,0,-1.29746,-7213.09,0.572655,0.169
5060001,1,12.3114,-7212.92,2.75484,0.304
5065001,1,13.0842,-7205.58,0.403071,0.407
5070001,1,12.2188,-7203.94,1.05637,0.457
5075001,1,15.0242,-7205.97,0.444629,0.411
5080001,0,-1.01029,-7212.66,0.160544,0.255
5085001,2,30.9165,-7206.5,0.795051,0.415
5090001,0,-0.827084,-7212.29,0.0733618,0.289
5095001,1,14.2994,-7212.58,0.0428127,0.427
5100001,1,15.1705,-7212.78,0.0401519,0.3
5105001,1,15.5071,-7213.49,0.652214,0.162
5110001,0,-2.47851,-7212.14,1.62562,0.144
5115001,2,31.2464,-7208.47,0.196696,0.432
5120001,0,-2.79016,-7211.97,1.72217,0.194
5125001,0,-1.07824,-7214.39,0.209102,0.295
5130001,1,14.1011,-7213.12,0.825975,0.22
5135001,0,-2.55665,-7214.15,1.32211,0.127
5140001,0,-1.37142,-7212.92,0.213841,0.167
5145001,2,27.2444,-7205.4,0.965233,0.391
5150001,1,14.369,-7204.52,0.0878007,0.35
5155001,1,12.7319,-7204.63,2.10133,0.385
5160001,0,-2.44412,-7211.97,1.4107,0.269
5165001,0,-1.8163,-7212.28,1.00684,0.285
5170001,1,15.0422,-7208.19,0.363708,0.418
5175001,1,14.4853,-7213.15,0.310711,0.195
5180001,0,-1.8376,-7213.55,0.612453,0.185
5185001,1,14.127,-7211.57,0.330379,0.229
5190001,0,-4.53162,-7211.94,3.37859,0.214
5195001,0,-1.14174,-7213.62,0.818511,0.176
5200001,1,16.0541,-7213.26,0.226471,0.26
5205001,0,-3.51164,-7211.98,2.25801,0.133
5210001,1,14.6735,-7211.16,0.735822,0.378
5215001,0,-2.97302,-7214.77,1.22682,0.374
5220001,0,-3.31337,-7214.77,1.017,0.184
5225001,0,-2.25113,-7214.24,0.110402,0.274
5230001,0,-4.32751,-7214.17,2.42364,0.233
5235001,1,13.4557,-7212.03,0.696984,0.339
5240001,0,-3.0343,-7213.92,0.992303,0.166
5245001,0,-2.29664,-7214.59,0.104018,0.125
5250001,0,-3.18282,-7213.85,1.08624,0.22
5255001,0,-2.90597,-7213.69,1.0013,0.25
5260001,0,-4.41407,-7213.85,2.32478,0.151
5265001,0,-2.61696,-7213.5,1.19476,0.155
5270001,1,11.3875,-7213.08,3.01112,0.148
5275001,0,-0.705626,-7213.04,0.22653,0.285
5280001,0,-0.316572,-7213.9,0.0599274,0.361
5285001,0,-4.10917,-7213.01,3.62663,0.223
5290001,1,14.8349,-7213.51,0.526095,0.315
5295001,0,-3.10347,-7212.25,2.14615,0.301
5300001,1,14.2332,-7208.42,1.87115,0.375
5305001,0,-0.524634,-7213.51,0.0239374,0.176
5310001,0,-0.436845,-7213.85,0.012642,0.203
5315001,1,14.2287,-7211.57,1.04439,0.235
5320001,0,-0.724101,-7213.03,0.156652,0.34
5325001,1,9.74771,-7209.05,5.17778,0.356
5330001,1,14.6857,-7215.14,0.82521,0.329
5335001,0,-1.46478,-7213.76,0.605275,0.138
5340001,0,-1.22796,-7212.76,0.641086,0.244
5345001,1,12.7654,-7212.16,2.93183,0.273
5350001,1,14.3596,-7213.2,0.478952,0.186
5355001,0,-1.00199,-7213.29,0.184371,0.178
5360001,0,-0.882284,-7212.71,0.22282,0.366
5365001,0,-2.0151,-7212.25,1.12764,0.286
5370001,0,-2.10377,-7212.47,1.38379,0.256
5375001,1,13.1222,-7212.72,1.87128,0.292
5380001,0,-0.903701,-7213.49,0.474219,0.223
5385001,0,-0.670801,-7215.17,0.455388,0.253
5390001,2,27.8399,-7213.4,0.094628,0.204
5395001,0,-1.33197,-7212.2,0.372246,0.336
5400001,0,-0.616078,-7216.05,0.258983,0.252
5405001,2,27.3332,-7212.2,1.50367,0.331
5410001,1,13.1761,-7213.06,1.6715,0.223
5415001,0,-1.89381,-7213.39,0.30467,0.224
5420001,0,-1.4828,-7212.95,0.0915987,0.135
5425001,1,13.6885,-7210.67,0.941266,0.317
5430001,1,14.0436,-7209.9,0.474984,0.176
5435001,1,11.897,-7216.12,2.26818,0.248
5440001,1,13.3848,-7212.6,0.0824873,0.194
5445001,2,26.6038,-7204.47,0.788512,0.249
5450001,0,-1.65742,-7212.06,0.682055,0.206
5455001,0,-1.09515,-7212.73,0.300321,0.344
5460001,1,15.2467,-7213.54,0.638539,0.483
5465001,0,-1.57394,-7212.59,0.932437,0.211
5470001,1,14.2352,-7213.83,1.05598,0.139
5475001,2,30.2152,-7210.67,1.87989,0.32
5480001,1,12.2728,-7207.71,1.52591,0.387
5485001,1,14.094,-7203.89,0.800374,0.386
5490001,2,29.6261,-7205.94,1.01776,0.371
5495001,1,13.8232,-7206.3,0.54426,0.373
5500001,0,-1.24083,-7211.99,0.00265191,0.186
5505001,0,-1.35175,-7212.59,0.538012,0.145
5510001,3,44.2205,-7211.06,1.16963,0.4
5515001,1,14.8831,-7213.31,0.141929,0.213
5520001,0,-1.67263,-7213.31,1.25902,0.277
5525001,0,-0.949206,-7212.04,0.122175,0.252
5530001,2,29.4371,-7212.62,0.700862,0.362
5535001,1,14.4975,-7212.57,1.05565,0.218
5540001,0,-2.34056,-7212.88,0.852466,0.301
5545001,0,-2.7427,-7212.17,1.15554,0.15
5550001,0,-2.49523,-7212.38,0.976642,0.257
5555001,0,-1.60069,-7212.12,0.0715931,0.23
5560001,0,-1.3996,-7211.85,0.124886,0.215
5565001,1,13.4457,-7203.99,0.452194,0.426
5570001,1,11.8932,-7203.93,0.645392,0.342
5575001,0,-2.49898,-7212.18,1.63156,0.166
5580001,0,-0.773529,-7212.74,0.201139,0.234
5585001,0,-1.61737,-7212.13,0.739786,0.173
5590001,4,60.1463,-7209.17,0.362203,0.227
5595001,0,-2.40749,-7212.91,1.00839,0.146
5600001,1,15.2074,-7211.72,0.277966,0.19
5605001,0,-0.9423,-7214.39,0.239385,0.139
5610001,2,32.872,-7211.31,0.0780586,0.172
5615001,0,-0.750531,-7212.74,0.189825,0.278
5620001,0,-0.869079,-7213.03,0.381947,0.238
5625001,0,-2.88246,-7213.44,2.50396,0.233
5630001,1,16.0097,-7214.74,0.471786,0.397
5635001,1,13.9082,-7215.53,1.44573,0.318
5640001,0,-0.209906,-7216.35,0.339022,0.278
5645001,0,-0.41973,-7215.74,0.225258,0.158
5650001,0,-1.313,-7214.37,1.08192,0.367
5655001,0,-0.680798,-7212.73,0.0382457,0.278
5660001,0,-1.46131,-7211.71,0.314144,0.325
5665001,0,-3.7516,-7211.8,2.75195,0.271
5670001,0,-0.754,-7214.96,0.652427,0.146
5675001,0,0.0368927,-7216.94,0.171594,0.257
5680001,0,-0.72598,-7214.97,0.209451,0.157
5685001,1,12.0963,-7213.84,1.00637,0.209
5690001,0,-0.640853,-7212.83,0.00889171,0.147
5695001,1,12.9024,-7205.08,2.00032,0.39
5700001,1,13.5809,-7210.43,1.6403,0.415
5705001,0,-2.65538,-7213.69,2.33264,0.159
5710001,0,-2.14808,-7212.27,1.41036,0.293
5715001,1,11.2453,-7213.43,0.62076,0.217
5720001,0,-3.14473,-7211.82,2.08654,0.306
5725001,2,21.6935,-7201.34,0.847881,0.374
5730001,1,12.7677,-7202.5,0.722031,0.419
5735001,1,14.8855,-7207,0.913362,0.396
5740001,1,11.8204,-7204.67,1.19282,0.43
5745001,4,60.5456,-7203.12,0.2179,0.445
5750001,2,30.8899,-7198.67,0.0642091,0.442
5755001,1,15.5973,-7206.38,0.193453,0.415
5760001,2,27.2748,-7207.46,1.17516,0.431
5765001,2,28.9932,-7206.16,0.294816,0.389
5770001,1,14.868,-7205.52,0.141382,0.333
5775001,1,13.7703,-7204.27,1.57539,0.383
5780001,1,12.9698,-7203.17,0.0473451,0.441
5785001,1,13.1446,-7203.68,1.3728,0.366
5790001,1,15.0027,-7204.64,0.0750119,0.378
5795001,0,-2.89968,-7213.97,1.40654,0.167
5800001,0,-1.89445,-7212.4,0.40256,0.424
5805001,0,-1.52377,-7213.28,0.25649,0.257
5810001,0,-2.26305,-7212.42,0.535032,0.271
5815001,0,-2.82632,-7212.59,1.19349,0.138
5820001,1,13.7415,-7212.94,0.0473204,0.176
5825001,0,-4.47181,-7212.17,3.1428,0.276
5830001,0,-2.91784,-7211.79,1.59901,0.238
5835001,0,-1.35846,-7211.94,0.0173258,0.186
5840001,0,-2.69844,-7212.13,1.87419,0.226
5845001,2,28.5287,-7203.07,1.07702,0.406
5850001,2,28.5592,-7200.48,0.515309,0.349
5855001,1,12.6226,-7205.65,0.210093,0.298
5860001,1,12.0462,-7203.36,1.11112,0.273
5865001,1,11.6442,-7205.06,1.76477,0.253
5870001,1,9.96078,-7204.98,2.79333,0.269
5875001,1,13.1745,-7204.79,0.539422,0.359
5880001,1,11.6784,-7204.72,1.65747,0.4
5885001,1,10.5328,-7203.63,1.51384,0.299
5890001,1,12.1785,-7204.77,1.13735,0.341
5895001,0,-1.56979,-7212.89,1.01988,0.331
5900001,0,-1.40447,-7212.23,0.591921,0.28
5905001,0,-1.36128,-7211.92,0.296338,0.148
5910001,0,-1.98532,-7212.64,0.695014,0.139
5915001,0,-1.62099,-7212.13,0.179907,0.218
5920001,1,12.8659,-7212.26,3.15428,0.236
5925001,0,-0.840121,-7212.48,0.178808,0.309
5930001,1,14.5018,-7211.5,0.0933149,0.28
5935001,0,-1.25558,-7212.11,0.280945,0.21
5940001,0,-2.91364,-7212.23,1.75915,0.217
5945001,0,-2.15149,-7212.65,1.52143,0.192
5950001,1,13.9236,-7211.94,1.15043,0.269
5955001,0,-4.80235,-7212.13,3.25119,0.354
5960001,0,-1.23428,-7212.16,0.335078,0.162
5965001,1,13.0726,-7209.33,0.275841,0.243
5970001,0,-2.96019,-7211.83,1.8424,0.321
5975001,0,-1.68978,-7212.01,0.194136,0.2
5980001,0,-2.22778,-7212.02,0.770056,0.345
5985001,0,-3.67504,-7213.22,1.83945,0.217
5990001,0,-2.88181,-7212.79,1.37753,0.252
5995001,0,-2.33615,-7213.63,0.381961,0.3
6000001,0,-1.78937,-7212.89,0.123478,0.137
6005001,0,-2.00986,-7211.87,0.811368,0.26
6010001,0,-1.15271,-7212,0.146277,0.166
6015001,0,-0.429713,-7213.6,0.0424824,0.193
6020001,1,13.2681,-7211.58,2.85021,0.332
6025001,2,30.5803,-7210.87,0.350222,0.457
6030001,0,-2.0114,-7214.64,1.48715,0.209
6035001,0,-0.248656,-7216.12,0.236642,0.355
6040001,0,-0.785042,-7215.33,0.430942,0.196
6045001,0,-1.46429,-7212.11,0.599536,0.224
6050001,1,15.3582,-7212.25,0.256843,0.277
6055001,1,12.613,-7213.72,2.92357,0.258
6060001,1,14.4445,-7209.76,0.535864,0.327
6065001,1,10.8455,-7204.92,1.18245,0.409
6070001,1,11.8151,-7212.8,0.849826,0.191
6075001,0,-4.98504,-7212.58,3.96785,0.163
6080001,1,13.657,-7212.65,0.359778,0.217
6085001,0,-1.60927,-7211.8,0.3648,0.193
6090001,0,-1.44695,-7211.75,0.163575,0.225
6095001,0,-1.82057,-7212.61,0.715379,0.345
6100001,0,-1.08436,-7212.32,0.139543,0.147
6105001,0,-1.08676,-7212.62,0.467953,0.337
6110001,2,28.9435,-7203.81,2.17415,0.325
6115001,2,30.8309,-7209.12,1.1117,0.398
6120001,2,30.2679,-7206.55,1.88114,0.372
6125001,2,25.0987,-7206.52,4.8597,0.381
6130001,0,-2.43271,-7212.05,1.58491,0.259
6135001,0,-2.20273,-7212.37,1.39959,0.339
6140001,0,-0.674521,-7212.91,0.0620338,0.193
6145001,1,15.5057,-7207.68,0.0829239,0.527
6150001,0,-1.82663,-7211.97,0.930377,0.142
6155001,0,-0.94198,-7212.16,0.0535735,0.199
6160001,1,14.8355,-7212.33,0.931663,0.193
6165001,0,-1.84142,-7212.29,0.905284,0.305
6170001,1,15.0996,-7211.51,0.601639,0.168
6175001,1,13.5795,-7210.93,0.0673858,0.274
6180001,0,-2.24309,-7211.88,1.23083,0.275
6185001,1,12.6403,-7206.47,1.72738,0.319
6190001,0,-1.27978,-7212.33,0.551733,0.145
6195001,1,14.2904,-7214.38,0.580447,0.529
6200001,0,-0.397169,-7214.9,0.279724,0.21
6205001,0,-3.02643,-7214.19,2.40104,0.211
6210001,2,30.3808,-7202.03,0.553404,0.397
6215001,1,14.6284,-7206.02,1.17775,0.389
6220001,2,31.1081,-7205.52,0.520359,0.399
6225001,0,-0.322784,-7214.35,0.0732139,0.382
6230001,0,-0.61907,-7213.03,0.0233219,0.235
6235001,1,11.5402,-7210.69,2.71656,0.26
6240001,0,-1.96489,-7212.77,0.571493,0.218
6245001,0,-2.01939,-7211.78,0.810733,0.239
6250001,0,-1.37181,-7213.24,0.893065,0.189
6255001,0,-0.639029,-7214.06,0.3747,0.22
6260001,0,-1.64395,-7213.05,1.12786,0.189
6265001,1,16.42,-7214.44,0.436065,0.164
6270001,0,-0.231099,-7215.18,0.101162,0.15
6275001,1,14.2653,-7205.86,1.31114,0.413
6280001,1,15.4094,-7207.45,0.169982,0.413
6285001,1,14.1053,-7202.96,0.138633,0.33
6290001,0,-1.30707,-7212.15,0.451159,0.255
6295001,0,-5.07996,-7212.29,4.32907,0.242
6300001,1,13.5487,-7209.89,0.212872,0.241
6305001,0,-4.66752,-7212.22,3.62751,0.23
6310001,0,-1.19695,-7212.45,0.0526363,0.197
6315001,0,-0.927273,-7212.13,0.118952,0.135
6320001,0,-1.38942,-7212.95,0.379404,0.187
6325001,0,-0.475841,-7213.75,0.0129741,0.237
6330001,1,13.8578,-7203.26,0.545734,0.338
6335001,1,12.4787,-7207.22,0.861424,0.386
6340001,1,15.4282,-7208.43,0.0893196,0.332
6345001,1,15.0886,-7208.34,0.623902,0.383
6350001,1,11.4878,-7205.71,1.18888,0.351
6355001,1,11.5482,-7206.17,1.2654,0.355
6360001,2,25.6942,-7209.44,2.2135,0.423
6365001,3,47.9634,-7203.9,0.736805,0.487
6370001,1,12.8678,-7205.26,1.37073,0.388
6375001,0,-2.62984,-7212.3,1.87866,0.136
6380001,1,14.7038,-7208.62,0.974775,0.215
6385001,1,15.6096,-7211.88,0.310729,0.171
6390001,0,-1.5227,-7211.84,0.419474,0.146
6395001,0,-1.18545,-7212.42,0.287658,0.225
6400001,0,-1.84928,-7212.14,0.604085,0.214
6405001,0,-5.17708,-7211.83,3.87487,0.222
6410001,1,15.1622,-7210.7,0.49277,0.395
6415001,1,15.0861,-7210.16,0.424261,0.18
6420001,0,-2.86602,-7212.28,1.87918,0.139
6425001,4,59.8778,-7199.33,0.334614,0.495
6430001,1,13.3901,-7203.51,0.294158,0.346
6435001,0,-0.627063,-7214.41,0.416612,0.166
6440001,0,-0.326694,-7215.08,0.242923,0.126
6445001,1,15.8863,-7214.83,0.084132,0.222
6450001,0,-3.71538,-7212.03,2.78972,0.194
6455001,2,30.9574,-7211.65,0.548722,0.358
6460001,0,-1.69819,-7212.25,0.787043,0.291
6465001,1,14.3353,-7204.81,0.168271,0.36
6470001,2,28.6966,-7204.17,1.94693,0.414
6475001,1,14.2587,-7203.47,0.970973,0.386
6480001,1,14.3253,-7206.73,0.533194,0.355
6485001,1,15.5685,-7205.12,0.285657,0.427
6490001,1,14.9482,-7210.56,0.219255,0.315
6495001,0,-3.76612,-7212.51,2.08536,0.218
6500001,0,-1.4504,-7211.83,0.0569566,0.285
6505001,0,-2.03474,-7211.87,0.596957,0.204
6510001,0,-2.00905,-7212.54,0.39874,0.182
6515001,0,-1.20639,-7212.07,0.167459,0.214
6520001,0,-1.04303,-7213.65,0.010026,0.175
6525001,0,-2.18824,-7211.97,0.700985,0.215
6530001,0,-2.31852,-7211.76,1.04193,0.379
6535001,2,28.4955,-7213.1,2.61137,0.208
6540001,3,43.0456,-7210.89,0.145847,0.493
6545001,0,-1.86501,-7212.48,1.19997,0.239
6550001,0,-0.36042,-7214.07,0.0767721,0.156
6555001,1,13.2149,-7213.37,1.64411,0.381
6560001,0,-2.00005,-7212.15,1.14088,0.255
6565001,2,23.1122,-7206.93,1.42027,0.454
6570001,0,-5.24146,-7213.7,4.05861,0.166
6575001,0,-2.85934,-7211.98,1.64068,0.206
6580001,0,-1.47156,-7212.31,0.720518,0.139
6585001,0,-0.945978,-7212.39,0.197613,0.215
6590001,0,-0.945713,-7216,0.646913,0.178
6595001,1,15.1882,-7203.66,0.0128506,0.374
6600001,1,14.006,-7204.51,0.270887,0.367
6605001,1,14.1585,-7204.95,0.0963424,0.376
6610001,2,28.4821,-7204.64,2.8086,0.334
6615001,1,12.1946,-7204.2,1.02201,0.438
6620001,1,13.3307,-7205.35,0.990733,0.431
6625001,1,13.9333,-7204.43,0.40422,0.35
6630001,0,-4.53295,-7211.82,3.16743,0.175
6635001,1,12.3544,-7214.58,0.346657,0.304
6640001,0,-3.20309,-7214.13,1.02841,0.205
6645001,1,11.8063,-7207.06,1.3504,0.434
6650001,1,11.4216,-7215.78,1.97283,0.25
6655001,0,-3.45024,-7215.38,1.46907,0.181
6660001,1,13.0523,-7211.63,0.610935,0.233
6665001,2,27.9803,-7204.1,1.7275,0.377
6670001,0,-1.85669,-7213.03,0.00115198,0.279
6675001,1,15.0902,-7208.67,0.511497,0.29
6680001,0,-2.11803,-7211.8,1.07736,0.32
6685001,0,-1.57069,-7212.72,0.798071,0.187
6690001,0,-0.664706,-7215.22,0.0407692,0.146
6695001,0,-2.07042,-7212.91,1.31208,0.229
6700001,0,-3.45603,-7212.6,2.81654,0.198
6705001,1,13.8323,-7211.24,1.14365,0.242
6710001,0,-0.754795,-7212.79,0.16655,0.187
6715001,0,-2.32821,-7212.15,1.52023,0.14
6720001,0,-1.04609,-7212.04,0.113834,0.196
6725001,1,14.3958,-7212.27,1.58338,0.129
6730001,0,-2.56427,-7211.94,1.4156,0.179
6735001,1,13.6782,-7212.95,0.677272,0.237
6740001,0,-5.10147,-7214.8,4.25863,0.201
6745001,1,13.2027,-7206.97,0.797416,0.408
6750001,1,11.7664,-7209.72,2.08682,0.291
6755001,1,15.2842,-7215.64,0.723455,0.362
6760001,0,-5.01329,-7211.81,3.89751,0.33
6765001,1,14.3169,-7212.37,0.909937,0.225
6770001,0,-1.99518,-7213.42,0.350581,0.236
6775001,0,-2.33443,-7212.14,0.714256,0.221
6780001,2,27.4279,-7211.2,0.508779,0.402
6785001,0,-1.93446,-7212.12,0.403413,0.209
6790001,0,-1.52315,-7212.07,0.164118,0.246
6795001,0,-4.35178,-7213.09,2.82958,0.151
6800001,2,29.891,-7214.16,0.816827,0.408
6805001,0,-2.52409,-7212.25,0.898455,0.179
6810001,0,-2.83608,-7212.74,1.52658,0.175
6815001,0,-3.2002,-7212.48,1.68229,0.214
6820001,0,-1.42466,-7211.94,0.0277422,0.232
6825001,1,13.4975,-7211.26,1.84425,0.261
6830001,1,10.4589,-7203.67,3.34938,0.428
6835001,1,11.7783,-7205.89,0.17289,0.348
6840001,1,12.8106,-7204.52,0.885528,0.376
6845001,0,-4.45211,-7212.61,3.09225,0.217
6850001,0,-0.97863,-7213.08,0.0686506,0.139
6855001,1,13.8718,-7214.03,2.15059,0.297
6860001,0,-1.01084,-7213.51,0.612491,0.283
6865001,0,-1.19324,-7212.12,0.036368,0.164
6870001,0,-1.30559,-7212.42,0.239513,0.14
6875001,0,-4.84278,-7211.82,3.44264,0.17
6880001,1,11.7065,-7206.1,0.976293,0.286
6885001,2,30.0621,-7208.24,2.85641,0.327
6890001,0,-1.46019,-7212.64,0.717662,0.174
6895001,2,29.8442,-7211.29,2.03559,0.252
6900001,1,14.5469,-7212.33,0.415847,0.351
6905001,0,-4.61278,-7212.53,2.93578,0.137
6910001,0,-3.05276,-7211.97,1.66935,0.209
6915001,0,-1.637,-7211.9,0.672885,0.18
6920001,1,13.0341,-7210.64,0.301846,0.221
6925001,0,-4.65711,-7212.33,3.8748,0.171
6930001,2,31.5198,-7204.93,0.255027,0.429
6935001,0,-0.970415,-7212.71,0.223665,0.229
6940001,0,-0.472797,-7213.78,0.030716,0.204
6945001,0,-1.73345,-7214.04,1.38344,0.147
6950001,1,10.7682,-7215.28,1.24543,0.32
6955001,0,-0.266793,-7216.37,0.323978,0.203
6960001,0,-0.374009,-7215.65,0.169122,0.304
6965001,2,27.801,-7214.55,2.01039,0.305
6970001,0,-0.688606,-7218.47,0.635324,0.359
6975001,0,-0.763194,-7214.28,0.528613,0.25
6980001,1,16.5441,-7214.03,0.441476,0.29
6985001,2,27.4263,-7205.19,0.234585,0.395
6990001,0,-1.60283,-7212.76,0.717428,0.308
6995001,1,12.9922,-7212.07,1.89714,0.331
7000001,0,-2.34706,-7214.17,0.11497,0.223
7005001,0,-1.72336,-7211.97,0.78343,0.305
7010001,1,13.8076,-7204.22,0.46643,0.382
7015001,2,29.882,-7203.64,0.269132,0.448
7020001,2,29.7857,-7204.1,0.252822,0.403
7025001,1,14.6284,-7203.29,0.275873,0.385
7030001,1,14.2409,-7211.81,0.00365497,0.411
7035001,0,-1.38221,-7211.85,0.380672,0.174
7040001,0,-1.74202,-7212.38,0.236792,0.149
7045001,0,-3.00456,-7211.91,2.01141,0.185
7050001,0,-0.843693,-7212.38,0.104375,0.22
7055001,0,-0.447306,-7213.21,0.00021559,0.386
7060001,0,-0.757716,-7213.8,0.133684,0.217
7065001,1,14.407,-7203.78,0.0974403,0.384
7070001,1,12.3887,-7204.44,1.99176,0.49
7075001,0,-7.17706,-7212.08,6.33819,0.262
7080001,0,-1.60932,-7212.83,0.511585,0.188
7085001,0,-1.50217,-7212.31,0.478994,0.205
7090001,0,-1.50793,-7212.82,0.706912,0.156
7095001,0,-1.68336,-7213.33,0.645116,0.18
7100001,0,-1.69378,-7211.85,0.285469,0.186
7105001,0,-1.13036,-7212.37,0.153678,0.344
7110001,1,12.6543,-7211.81,0.760428,0.234
7115001,0,-1.94668,-7214.14,1.57195,0.243
7120001,1,14.6567,-7205.4,0.139629,0.345
7125001,3,44.5431,-7202.86,0.188822,0.412
7130001,0,-0.886814,-7214.41,0.0213641,0.227
7135001,0,-1.17887,-7212.66,0.574201,0.215
7140001,0,-0.723026,-7214.93,0.504223,0.141
7145001,2,28.0988,-7204.96,0.322068,0.38
7150001,1,10.695,-7207.74,3.40822,0.349
7155001,0,-0.296275,-7214.84,0.0594349,0.182
7160001,1,14.5803,-7213.65,0.612311,0.206
7165001,0,-3.70988,-7212.2,2.86192,0.128
7170001,2,29.0044,-7216.76,1.83612,0.346
7175001,1,12.5049,-7214.92,1.05057,0.268
7180001,0,-1.259,-7211.83,0.242383,0.236
7185001,1,15.6231,-7215.49,0.952492,0.211
7190001,2,30.5642,-7204.67,0.913273,0.357
7195001,1,13.2492,-7204.31,0.498387,0.415
7200001,1,14.1759,-7203.01,0.175752,0.42
7205001,1,12.7794,-7205.11,0.240265,0.32
7210001,1,15.8837,-7205.89,0.0147496,0.397
7215001,0,-0.435424,-7215.11,0.138282,0.295
7220001,0,-3.30042,-7212.17,2.27334,0.227
7225001,0,-2.42404,-7211.79,1.06295,0.342
7230001,0,-2.84691,-7214.78,0.924543,0.282
7235001,0,-2.07745,-7212.34,0.36914,0.181
7240001,1,13.5112,-7208.87,0.537121,0.468
7245001,0,-1.76859,-7211.8,0.400393,0.136
7250001,1,11.9821,-7212.45,2.96204,0.265
7255001,1,13.8398,-7204.5,1.01151,0.379
7260001,1,11.8859,-7206.64,1.62312,0.361
7265001,0,-2.51335,-7212.56,0.724372,0.343
7270001,0,-1.72782,-7212.47,0.108649,0.232
7275001,0,-3.62146,-7212.79,2.68204,0.28
7280001,0,-2.87332,-7211.84,1.86789,0.193
7285001,0,-1.07588,-7212.16,0.193476,0.178
7290001,0,-0.5539,-7213.88,0.058482,0.161
7295001,0,-0.863188,-7213.54,0.293171,0.388
7300001,1,16.1752,-7217.52,0.785992,0.356
7305001,0,-1.10588,-7214.72,0.963829,0.183
7310001,1,15.6906,-7212.37,0.504337,0.236
7315001,0,-2.17599,-7213.35,1.69963,0.307
7320001,0,-0.996432,-7212.38,0.176957,0.317
7325001,2,28.8056,-7213.4,0.623127,0.245
7330001,2,28.2827,-7209.72,0.417702,0.19
7335001,0,-1.88314,-7211.95,0.898534,0.247
7340001,0,-4.29291,-7214.58,3.03169,0.18
7345001,1,16.0675,-7212.12,0.0468903,0.189
7350001,0,-1.24412,-7213.82,0.888187,0.152
7355001,0,-0.381738,-7217.79,0.638916,0.126
7360001,3,44.0756,-7213.23,3.58174,0.309
7365001,1,13.6348,-7215.24,1.31946,0.279
7370001,0,-2.68067,-7211.77,1.52203,0.402
7375001,0,-0.956841,-7212.56,0.106267,0.275
7380001,0,-1.83961,-7212.1,0.288935,0.19
7385001,1,12.1255,-7211.02,1.33453,0.208
7390001,1,15.0331,-7206.67,0.65949,0.398
7395001,0,-2.3318,-7211.9,1.20252,0.215
7400001,2,30.9882,-7211.78,0.202614,0.26
7405001,2,28.2245,-7199.49,0.174032,0.474
7410001,1,11.2624,-7205.1,2.1313,0.349
7415001,1,13.7773,-7205.41,1.00308,0.405
7420001,2,29.6649,-7205.29,1.86167,0.462
7425001,2,31.8983,-7213.17,0.953023,0.276
7430001,0,-3.01736,-7212.39,1.82472,0.166
7435001,2,29.8587,-7205.96,0.293005,0.218
7440001,1,14.0313,-7207.23,1.19394,0.388
7445001,2,30.7787,-7209.61,0.64309,0.295
7450001,0,-1.31547,-7212.07,0.254079,0.325
7455001,1,13.9882,-7212.09,1.11342,0.424
7460001,0,-1.53884,-7213.4,0.712922,0.164
7465001,0,-0.807795,-7214.71,0.137911,0.372
7470001,1,15.9204,-7214.49,0.228226,0.301
7475001,1,14.1492,-7211.27,0.743498,0.295
7480001,1,14.2875,-7203.9,0.514504,0.364
7485001,2,29.43,-7206.1,0.0564845,0.387
7490001,0,-1.4266,-7211.89,0.256007,0.179
7495001,0,-1.2369,-7212.35,0.442662,0.256
7500001,1,14.4863,-7203.47,0.255199,0.377
7505001,1,12.3297,-7209.73,1.38551,0.364
7510001,0,-1.48808,-7212.24,0.418446,0.194
7515001,0,-4.24561,-7211.98,3.07711,0.243
7520001,0,-1.26948,-7211.91,0.0858515,0.157
7525001,2,26.1467,-7211.19,3.05633,0.182
7530001,0,-1.8934,-7211.9,0.575243,0.157
7535001,0,-1.77776,-7211.93,0.417505,0.399
7540001,0,-1.55049,-7212.05,0.0882027,0.255
7545001,1,14.5099,-7210.93,0.609808,0.245
7550001,0,-0.712077,-7213.81,0.286641,0.217
7555001,2,31.522,-7211.24,0.0882919,0.426
7560001,0,-2.27507,-7212.01,1.22404,0.193
7565001,0,-3.94277,-7212.66,3.06335,0.203
7570001,1,15.2397,-7221.21,1.26288,0.194
7575001,1,16.21,-7214.75,0.347136,0.409
7580001,1,14.1366,-7205.03,0.0592211,0.385
7585001,1,14.6358,-7206.86,0.462842,0.366
7590001,1,13.3074,-7203.59,0.32419,0.355
7595001,1,10.7479,-7204.95,2.38195,0.395
7600001,1,13.2908,-7204.02,1.081,0.37
7605001,2,28.684,-7204.07,1.58863,0.426
7610001,1,13.5461,-7203.78,0.508565,0.43
7615001,0,-1.41277,-7212.21,0.462858,0.283
7620001,0,-2.48881,-7211.9,1.18571,0.382
7625001,0,-1.6301,-7212.72,0.533385,0.214
7630001,0,-2.532,-7212.5,1.62434,0.257
7635001,0,-1.44578,-7211.99,0.187488,0.196
7640001,0,-1.3931,-7213.9,0.422027,0.252
7645001,1,12.9007,-7211.15,0.638133,0.176
7650001,1,12.6041,-7205.85,0.112638,0.34
7655001,1,15.0791,-7214.05,0.491676,0.16
7660001,1,14.7333,-7215.86,0.678614,0.197
7665001,0,-1.63422,-7213.96,0.825509,0.194
7670001,0,-2.46757,-7211.99,1.4566,0.165
7675001,2,30.6299,-7198,0.102298,0.385
7680001,1,12.0519,-7203.92,1.04241,0.391
7685001,1,13.3834,-7203.5,0.874432,0.391
7690001,1,14.7207,-7205.68,0.321034,0.422
7695001,2,29.147,-7211.17,1.79616,0.363
7700001,0,-0.678322,-7213.32,0.0694368,0.212
7705001,0,-3.33335,-7212.44,2.09423,0.158
7710001,0,-2.25745,-7212.06,1.02839,0.257
7715001,2,27.35,-7210.2,1.01035,0.212
7720001,0,-2.53056,-7213.73,1.37452,0.169
7725001,0,-2.20764,-7212.2,0.63742,0.363
7730001,1,15.1866,-7211.88,0.58003,0.149
7735001,0,-2.18472,-7214.46,1.21374,0.384
7740001,3,45.1655,-7211.68,2.75787,0.353
7745001,0,-2.45394,-7212.19,1.53927,0.256
7750001,0,-1.06877,-7215.23,0.80025,0.186
7755001,1,13.222,-7203.66,1.51114,0.252
7760001,1,9.31789,-7208.74,0.377885,0.356
7765001,1,13.768,-7204.14,0.243143,0.366
7770001,2,24.492,-7206.98,1.67368,0.377
7775001,2,31.6572,-7210.45,0.0494844,0.261
7780001,1,14.6655,-7212.58,0.336723,0.202
7785001,0,-2.95942,-7212.11,1.8678,0.264
7790001,0,-5.12323,-7212.94,3.29826,0.29
7795001,0,-1.72093,-7212.42,0.110338,0.216
7800001,1,13.6927,-7207.04,0.568281,0.416
7805001,0,-1.54589,-7211.88,0.317957,0.228
7810001,0,-0.690417,-7212.98,0.0633809,0.274
7815001,0,-1.79999,-7212.45,0.962352,0.3
7820001,0,-0.972563,-7213.01,0.385991,0.2
7825001,1,11.8141,-7205.94,0.0589055,0.316
7830001,0,-1.51538,-7214.6,0.958722,0.16
7835001,0,-1.20002,-7213.4,0.454244,0.251
7840001,0,-0.711498,-7214.89,0.501181,0.222
7845001,2,27.435,-7214.18,2.12798,0.276
7850001,0,-2.58456,-7214.11,1.61163,0.289
7855001,1,13.5565,-7211.98,0.489294,0.214
7860001,0,-1.12542,-7213.7,0.131116,0.161
7865001,1,10.1976,-7213.92,1.66902,0.238
7870001,0,-1.81385,-7212.92,1.13525,0.473
7875001,0,-0.901441,-7214.16,0.602764,0.148
7880001,0,-0.888151,-7213.42,0.145256,0.199
7885001,0,-1.1321,-7212.13,0.0517913,0.169
7890001,2,27.5178,-7211.57,0.221872,0.33
7895001,0,-0.849598,-7213.39,0.180672,0.161
7900001,0,-0.98855,-7213.01,0.250008,0.25
7905001,1,11.6561,-7204.04,0.131008,0.314
7910001,1,12.7332,-7204.47,0.109153,0.322
7915001,0,-0.827487,-7213.42,0.136104,0.159
7920001,1,12.6353,-7211.14,0.405859,0.269
7925001,0,-1.57675,-7212.09,0.544527,0.204
7930001,0,-5.91686,-7211.93,4.5697,0.141
7935001,0,-4.59782,-7212.5,2.94921,0.145
7940001,0,-2.98605,-7212.39,1.31889,0.24
7945001,0,-2.24441,-7212.15,0.798326,0.144
7950001,0,-0.959308,-7214.19,0.193265,0.203
7955001,1,14.7359,-7213.39,0.616544,0.174
7960001,2,30.6993,-7206.75,0.618742,0.38
7965001,2,25.8718,-7204.84,3.96765,0.388
7970001,1,12.671,-7205.22,0.939198,0.364
7975001,1,11.8703,-7214.37,3.36053,0.312
7980001,0,-1.3183,-7212.05,0.101965,0.214
7985001,0,-1.5057,-7214.67,1.09961,0.18
7990001,0,-1.34412,-7212.1,0.400084,0.228
7995001,0,-2.22851,-7213.1,0.775583,0.217
8000001,0,-2.60253,-7212.14,1.48226,0.252
8005001,1,12.741,-7205.64,0.816236,0.375
8010001,3,44.8956,-7201.83,0.613107,0.437
8015001,1,13.2173,-7205.66,0.948349,0.357
8020001,0,-0.845314,-7212.57,0.0794201,0.171
8025001,1,9.56349,-7203.33,1.94068,0.378
8030001,0,-0.979031,-7212.82,0.128729,0.243
8035001,1,15.2194,-7211.8,0.0902198,0.244
8040001,0,-0.952504,-7213.29,0.426758,0.219
8045001,1,13.1936,-7210.66,1.34301,0.449
8050001,0,-1.30586,-7214.24,0.415934,0.185
8055001,0,-3.69947,-7212.5,2.16481,0.236
8060001,2,25.2979,-7210.45,1.97743,0.342
8065001,0,-2.48427,-7213.16,1.76796,0.166
8070001,1,14.3907,-7208.89,0.188637,0.41
8075001,0,-1.03726,-7212.6,0.257895,0.203
8080001,1,15.2957,-7204.98,0.445077,0.446
8085001,2,27.0487,-7203.39,3.271,0.405
8090001,2,27.9171,-7213.44,1.54609,0.207
8095001,2,30.105,-7207.35,0.524854,0.467
8100001,0,-1.87122,-7212.1,0.426756,0.193
8105001,0,-1.54846,-7213.22,0.327699,0.282
8110001,0,-0.755397,-7212.91,0.0237262,0.164
8115001,1,14.1503,-7209.55,0.425222,0.301
8120001,0,-0.871493,-7212.5,0.0336014,0.296
8125001,0,-1.35907,-7214.85,0.947934,0.145
8130001,0,-1.02202,-7212.25,0.179635,0.197
8135001,0,-1.31964,-7214.1,0.083046,0.167
8140001,0,-2.24147,-7213.37,1.00714,0.236
8145001,0,-1.86159,-7212.59,1.15334,0.267
8150001,0,-1.30656,-7212.12,0.257527,0.299
8155001,0,-2.83302,-7212.68,1.25448,0.282
8160001,1,14.5512,-7213.94,0.352395,0.135
8165001,1,12.9654,-7207.16,2.62224,0.386
8170001,1,15.22,-7207.84,0.761804,0.433
8175001,2,31.5567,-7203.17,0.0415309,0.382
8180001,1,12.87,-7203.41,1.71213,0.391
8185001,1,14.5641,-7204.48,0.522897,0.456
8190001,2,30.0029,-7205.17,1.28397,0.373
8195001,1,13.7126,-7208.72,0.369831,0.37
8200001,0,-1.73728,-7213.76,1.36009,0.152
8205001,0,-1.45606,-7215.92,0.646894,0.163
8210001,0,-1.23433,-7212.36,0.0163673,0.171
8215001,0,-1.19372,-7212.24,0.289334,0.266
8220001,2,30.1549,-7209.42,0.760763,0.161
8225001,0,-2.06143,-7212.04,0.602954,0.141
8230001,1,14.7781,-7213.8,0.0175695,0.189
8235001,0,-1.72819,-7214.88,1.39937,0.257
8240001,2,25.796,-7198.23,1.59414,0.353
8245001,2,28.3888,-7197.41,0.0416057,0.415
8250001,4,56.3272,-7199.78,2.02384,0.395
8255001,2,31.7597,-7201.65,0.236515,0.459
8260001,2,30.4006,-7201.93,0.445501,0.376
8265001,1,14.5513,-7205.8,0.808402,0.38
8270001,1,9.52032,-7203.95,3.44003,0.365
8275001,1,13.4367,-7206.17,0.8003,0.424
8280001,1,15.1584,-7206.79,0.475813,0.41
8285001,0,-5.30385,-7212.34,4.29479,0.24
8290001,0,-1.16448,-7212.19,0.103021,0.189
8295001,1,14.6052,-7208.41,0.483952,0.411
8300001,0,-1.48674,-7212.15,0.25935,0.327
8305001,0,-3.28746,-7212.29,1.69992,0.386
8310001,1,13.9634,-7212.24,1.18764,0.346
8315001,0,-3.6717,-7215.2,1.29079,0.177
8320001,0,-4.23681,-7216.26,1.79525,0.184
8325001,1,15.1722,-7210.42,0.134439,0.458
8330001,0,-2.16347,-7212.53,0.436,0.277
8335001,0,-1.53906,-7211.97,0.13642,0.138
8340001,0,-1.38514,-7212.38,0.259206,0.291
8345001,0,-2.26138,-7212.19,1.17474,0.242
8350001,0,-1.95888,-7211.97,0.545212,0.149
8355001,0,-3.21302,-7212.01,2.05013,0.206
8360001,0,-2.56897,-7213.73,1.62246,0.142
8365001,0,-1.36965,-7212.56,0.486883,0.253
8370001,0,-4.68818,-7212,3.6446,0.202
8375001,1,13.3766,-7204.03,0.833689,0.393
8380001,0,-3.56289,-7212.66,2.10037,0.248
8385001,0,-1.04567,-7212.12,0.0444208,0.16
8390001,0,-1.61107,-7212,0.263875,0.424
8395001,0,-2.89014,-7212.16,1.34326,0.179
8400001,0,-2.57609,-7211.92,1.47208,0.251
8405001,1,14.6967,-7207.09,0.118818,0.229
8410001,0,-3.68465,-7213.02,2.40017,0.163
8415001,2,30.7195,-7211.8,0.787335,0.274
8420001,0,-2.10522,-7212.09,1.16943,0.323
8425001,0,-1.56364,-7212.66,0.888969,0.215
8430001,1,14.8528,-7216.43,0.127888,0.285
8435001,0,-2.0984,-7212.5,0.854031,0.169
8440001,0,-1.17405,-7212.59,0.197758,0.177
8445001,0,-1.84909,-7212.1,0.917881,0.165
8450001,0,-1.93455,-7212.29,0.849177,0.18
8455001,0,-3.19143,-7211.95,1.82189,0.169
8460001,0,-1.92506,-7214.08,0.167151,0.232
8465001,0,-1.89782,-7212.64,0.160509,0.241
8470001,1,9.13846,-7212.21,3.89678,0.302
8475001,0,-4.33635,-7213.83,2.27635,0.166
8480001,0,-2.47784,-7212.97,0.588802,0.332
8485001,1,11.43,-7206.28,0.230208,0.38
8490001,0,-2.78819,-7214.06,0.91983,0.271
8495001,0,-2.04139,-7213.12,0.102324,0.121
8500001,0,-1.65843,-7212.46,0.228027,0.152
8505001,0,-1.75217,-7211.95,0.417238,0.186
8510001,0,-1.43713,-7213.23,0.0246063,0.191
8515001,1,12.9315,-7207.1,1.25378,0.254
8520001,0,-0.36128,-7214.11,0.039211,0.236
8525001,1,10.5232,-7213.79,4.80043,0.255
8530001,0,-1.86909,-7212.78,1.14711,0.12
8535001,0,-2.71448,-7214.31,1.58103,0.204
8540001,1,15.7344,-7212.4,0.345528,0.159
8545001,0,-2.35789,-7212.12,1.02332,0.31
8550001,0,-1.43728,-7214.35,0.745561,0.21
8555001,1,15.9208,-7211.7,0.077186,0.221
8560001,2,32.3333,-7207.07,0.221636,0.374
8565001,0,-0.93557,-7216.47,0.733651,0.152
8570001,1,12.7218,-7213.82,2.01177,0.217
8575001,1,13.4526,-7207.75,1.52097,0.342
8580001,0,-0.957424,-7212.62,0.187061,0.259
8585001,0,-1.02632,-7212.74,0.347368,0.246
8590001,0,-1.69782,-7212.06,0.74433,0.24
8595001,1,13.5727,-7211.85,0.160908,0.237
8600001,0,-0.658621,-7214.27,0.333703,0.141
8605001,2,30.891,-7205.89,0.746803,0.384
8610001,1,15.6334,-7205.83,0.118364,0.434
8615001,1,14.731,-7208.05,1.28358,0.396
8620001,3,47.2954,-7204.15,0.301349,0.418
8625001,0,-3.88336,-7213.85,3.52348,0.188
8630001,1,14.8202,-7211.52,0.154739,0.292
8635001,0,-1.32176,-7212.51,0.58246,0.156
8640001,3,42.2856,-7208.36,0.523783,0.298
8645001,0,-0.975631,-7212.42,0.0204836,0.256
8650001,0,-1.62256,-7212.37,0.109166,0.281
8655001,0,-3.7233,-7212.05,2.46173,0.278
8660001,0,-2.04933,-7212.92,1.3371,0.379
8665001,1,15.1965,-7212.79,0.425727,0.366
8670001,1,12.6452,-7207.77,1.24782,0.359
8675001,0,-1.48646,-7214.48,1.24779,0.281
8680001,1,15.6331,-7214.04,0.418578,0.302
8685001,1,15.6113,-7212.73,0.198437,0.288
8690001,1,14.5108,-7206.28,0.813602,0.396
8695001,1,14.3074,-7204.51,0.435994,0.444
8700001,2,30.6007,-7203.5,0.0272531,0.397
8705001,0,-0.905709,-7213.75,0.0978106,0.273
8710001,0,-2.35704,-7212.31,1.26006,0.201
8715001,0,-5.23584,-7212.72,4.4679,0.167
8720001,1,15.8396,-7214.85,0.00653536,0.341
8725001,0,-1.56647,-7213.04,0.807297,0.237
8730001,0,-1.08445,-7212.59,0.387418,0.152
8735001,0,-1.25137,-7213.04,0.440967,0.222
8740001,0,-0.914624,-7213.27,0.0914577,0.33
8745001,1,13.6307,-7205.14,0.756576,0.402
8750001,2,31.7939,-7211.53,1.04985,0.253
8755001,0,-1.41966,-7213.05,0.798835,0.334
8760001,1,12.4698,-7204.82,2.41817,0.397
8765001,1,12.1152,-7204.49,1.10148,0.371
8770001,1,15.0798,-7203.9,0.872186,0.417
8775001,1,15.361,-7204,0.295046,0.402
8780001,1,15.5024,-7204.44,0.212903,0.379
8785001,1,14.4111,-7203.68,1.00253,0.396
8790001,1,15.248,-7204.38,0.370582,0.433
8795001,1,15.8843,-7203.03,0.287899,0.393
8800001,2,31.5749,-7206.95,0.648841,0.413
8805001,0,-3.39581,-7213.13,2.52138,0.341
8810001,1,15.3069,-7212.32,0.666143,0.201
8815001,0,-0.436452,-7214.86,0.102482,0.293
8820001,1,8.70237,-7212.84,0.591481,0.187
8825001,0,-4.46941,-7213.66,4.02446,0.186
8830001,0,-1.20236,-7212.91,0.595738,0.199
8835001,0,-1.1302,-7212.51,0.39831,0.185
8840001,0,-1.58483,-7213.73,0.692031,0.194
8845001,0,-1.30304,-7212.13,0.100919,0.28
8850001,0,-1.67522,-7212.03,0.505383,0.134
8855001,1,14.0857,-7203.95,1.27584,0.359
8860001,1,15.4774,-7204.02,0.0384099,0.425
8865001,1,14.4735,-7205.33,0.834169,0.391
8870001,2,29.3842,-7203.24,0.676228,0.426
8875001,1,10.0979,-7205.98,4.21792,0.442
8880001,2,29.7352,-7206.05,1.03557,0.39
8885001,0,-0.920214,-7217.46,0.103534,0.212
8890001,2,31.0002,-7215.46,0.740501,0.201
8895001,0,-0.840155,-7213.18,0.308338,0.211
8900001,0,-1.15411,-7216.28,1.11083,0.133
8905001,1,14.9255,-7208.99,0.0239105,0.431
8910001,2,31.0117,-7212.48,1.42351,0.184
8915001,0,-0.878259,-7215.42,0.600976,0.337
8920001,0,-1.3977,-7212.03,0.193365,0.229
8925001,0,-1.63218,-7211.97,0.465931,0.221
8930001,0,-1.49617,-7211.93,0.167646,0.396
8935001,0,-4.15293,-7212.33,2.69482,0.221
8940001,4,58.2314,-7214.78,1.70607,0.303
8945001,0,-1.41365,-7211.98,0.3522,0.219
8950001,1,12.834,-7211.42,1.36121,0.333
8955001,2,29.5147,-7211.24,1.43185,0.347
8960001,0,-0.983529,-7213.34,0.469538,0.264
8965001,0,-0.629843,-7214.48,0.130824,0.202
8970001,1,12.5821,-7210.45,0.385995,0.408
8975001,1,14.5431,-7210.68,0.70941,0.242
8980001,0,-1.70278,-7212.98,0.0678614,0.203
8985001,0,-3.60878,-7212.2,2.07011,0.256
8990001,1,13.5907,-7204.76,0.46739,0.329
8995001,0,-3.96929,-7213.64,2.07137,0.163
9000001,0,-3.87141,-7212.14,2.78589,0.205
9005001,1,11.7038,-7204.28,2.90059,0.416
9010001,1,12.7991,-7201.4,0.355488,0.304
9015001,1,12.5304,-7201.3,0.491025,0.232
9020001,1,12.0067,-7202.23,0.217341,0.28
9025001,1,12.7588,-7202.94,0.827637,0.25
9030001,2,27.5353,-7200.62,1.49636,0.335
9035001,1,13.3716,-7203.38,0.503198,0.283
9040001,2,30.3619,-7202.84,0.370768,0.28
9045001,2,26.6799,-7202.83,3.35702,0.273
9050001,1,13.7682,-7205.38,0.288092,0.23
9055001,1,10.9304,-7202.05,2.62644,0.208
9060001,1,11.7244,-7202.05,2.2141,0.213
9065001,1,12.5405,-7203.65,0.804968,0.292
9070001,3,43.1611,-7206.39,2.03948,0.269
9075001,0,-1.73165,-7215.01,1.21511,0.166
9080001,0,-0.70921,-7215.31,0.586431,0.241
9085001,0,-0.775357,-7213.91,0.051531,0.142
9090001,0,-0.573921,-7214.92,0.279342,0.288
9095001,1,14.8798,-7215.31,0.400561,0.211
9100001,1,12.9675,-7208.96,1.69741,0.37
9105001,1,14.1968,-7209.94,1.94604,0.355
9110001,1,12.7182,-7215.45,0.404221,0.235
9115001,1,13.7776,-7213.01,0.928286,0.229
9120001,1,15.8493,-7213.54,0.30132,0.219
9125001,0,-1.5582,-7211.92,0.445766,0.184
9130001,0,-1.53442,-7212.35,0.560859,0.228
9135001,1,14.0596,-7212.51,0.639225,0.247
9140001,1,16.0497,-7213.35,0.396334,0.215
9145001,0,-1.02369,-7213.27,0.495601,0.192
9150001,0,-1.52262,-7213.09,0.837485,0.294
9155001,0,-1.56625,-7211.93,0.21706,0.24
9160001,0,-1.64551,-7212.01,0.18886,0.277
9165001,0,-2.87495,-7213.03,0.960501,0.193
9170001,0,-3.03597,-7212.13,1.56189,0.139
9175001,1,12.6486,-7212.75,2.0116,0.247
9180001,2,29.4939,-7211.08,1.83518,0.283
9185001,0,-2.44046,-7212.16,1.28632,0.135
9190001,0,-1.57618,-7212.66,0.731782,0.361
9195001,0,-0.952248,-7212.59,0.178247,0.219
9200001,1,11.6465,-7212.44,3.71649,0.401
9205001,0,-1.55195,-7213.12,0.191114,0.168
9210001,3,46.7074,-7212.06,1.7135,0.338
9215001,1,15.312,-7203.08,0.497444,0.383
9220001,0,-2.49539,-7213.33,1.54401,0.251
9225001,0,-2.27346,-7212.71,0.544857,0.28
9230001,1,14.5484,-7212.86,0.495387,0.216
9235001,1,14.859,-7212.12,0.867748,0.181
9240001,1,14.3426,-7212.17,1.22809,0.224
9245001,0,-1.65275,-7212.65,0.879618,0.135
9250001,0,-0.631785,-7214.03,0.263787,0.403
9255001,2,29.7222,-7205.47,0.883473,0.364
9260001,1,13.268,-7202.85,0.0302112,0.4
9265001,1,13.0153,-7203,0.0485518,0.397
9270001,1,12.0768,-7204.76,1.02172,0.422
9275001,0,-4.96417,-7212.61,4.24989,0.158
9280001,1,11.1611,-7210.97,2.92039,0.226
9285001,1,15.2873,-7212.62,0.115246,0.352
9290001,0,-2.98753,-7214.92,2.80692,0.346
9295001,1,16.1889,-7211.18,0.00641902,0.167
9300001,0,-2.85809,-7212.98,2.26257,0.266
9305001,0,-2.46412,-7212.82,0.797555,0.142
9310001,0,-1.92924,-7214.05,0.889184,0.241
9315001,1,15.0328,-7212.67,0.562198,0.311
9320001,2,27.3179,-7202.8,2.87262,0.421
9325001,2,28.7155,-7200.15,0.0526769,0.384
9330001,1,11.7155,-7208.26,4.7442,0.427
9335001,1,14.7171,-7212.07,1.64463,0.239
9340001,0,-2.82328,-7212.43,1.79406,0.17
9345001,0,-1.38126,-7211.9,0.202407,0.131
9350001,0,-1.70087,-7213.45,1.25213,0.158
9355001,0,-2.19602,-7214.11,1.82899,0.154
9360001,1,15.3356,-7207.46,0.0960351,0.367
9365001,0,-1.36052,-7212.39,0.492982,0.339
9370001,2,29.4564,-7213.06,0.0261667,0.28
9375001,0,-1.91341,-7212.95,0.223904,0.183
9380001,1,12.161,-7212.31,2.41283,0.193
9385001,0,-1.69357,-7212.82,0.24281,0.18
9390001,0,-0.914183,-7213.08,0.368598,0.298
9395001,0,-2.77976,-7214.01,2.45124,0.29
9400001,1,12.5318,-7214.17,1.65692,0.142
9405001,0,-1.13225,-7212,0.129229,0.206
9410001,0,-1.27229,-7211.97,0.060837,0.212
9415001,0,-1.0934,-7212.26,0.0526288,0.2
9420001,1,15.4634,-7205.12,0.369684,0.365
9425001,1,12.4432,-7205.98,2.88836,0.361
9430001,1,16.0582,-7204.36,0.164137,0.345
9435001,2,29.5151,-7200.79,1.70659,0.412
9440001,1,14.726,-7214.55,0.0145685,0.161
9445001,0,-1.91102,-7212.89,1.31015,0.138
9450001,0,-1.3484,-7212.22,0.0780327,0.228
9455001,0,-3.55953,-7212.71,2.23019,0.215
9460001,1,13.9096,-7205.99,0.597717,0.287
9465001,0,-1.89284,-7212.32,0.262358,0.141
9470001,0,-3.11917,-7212.02,1.68961,0.205
9475001,0,-2.49788,-7212.72,0.967164,0.214
9480001,0,-1.26535,-7213.61,0.525839,0.42
9485001,0,-1.62353,-7212.24,0.73413,0.215
9490001,0,-1.51153,-7213.38,0.790462,0.217
9495001,1,14.8794,-7212.52,0.1094,0.261
9500001,1,14.1079,-7212.67,0.96972,0.233
9505001,0,-2.28005,-7212.45,0.654225,0.172
9510001,1,13.867,-7212.79,1.13561,0.262
9515001,0,-1.90741,-7212.16,0.379445,0.297
9520001,1,9.65118,-7212.53,1.47047,0.238
9525001,0,-1.90225,-7212.94,0.0958693,0.19
9530001,0,-3.0183,-7213.67,0.966206,0.275
9535001,0,-1.93108,-7212.69,0.560388,0.19
9540001,0,-2.51218,-7212.44,1.12535,0.335
9545001,0,-1.1581,-7212.74,0.375906,0.165
9550001,1,14.5883,-7213.26,0.198678,0.259
9555001,0,-2.45947,-7211.87,1.23901,0.282
9560001,1,11.6808,-7217.91,0.693345,0.224
9565001,2,30.9659,-7213.13,0.392775,0.352
9570001,1,12.9684,-7212.11,1.12812,0.175
9575001,1,13.4724,-7205.11,1.47094,0.365
9580001,1,14.7433,-7212.32,0.748334,0.202
9585001,0,-1.51499,-7212.86,0.1304,0.298
9590001,1,11.9728,-7213.76,3.89053,0.252
9595001,0,-0.969114,-7216.12,0.991657,0.2
9600001,0,-1.48893,-7212.97,0.767025,0.221
9605001,1,15.9327,-7212.84,0.0113563,0.292
9610001,1,14.2034,-7211.21,1.45486,0.369
9615001,0,-1.02346,-7215.32,0.77542,0.227
9620001,0,-1.71203,-7213.68,1.0084,0.273
9625001,0,-0.97075,-7212.14,0.0197672,0.161
9630001,0,-2.3894,-7214.77,2.11284,0.155
9635001,0,-0.833617,-7212.87,0.132449,0.246
9640001,0,-3.01691,-7213.46,2.57277,0.341
9645001,0,-2.10838,-7212.11,0.813163,0.21
9650001,0,-1.08214,-7211.98,0.0501705,0.358
9655001,1,13.663,-7204.67,0.0351273,0.422
9660001,1,14.6372,-7204.14,0.0300193,0.366
9665001,1,13.196,-7213.6,1.73413,0.365
9670001,0,-1.10325,-7213.23,0.469367,0.244
9675001,1,14.0356,-7205.36,1.00063,0.325
9680001,1,12.5468,-7203.35,1.6562,0.281
9685001,0,-0.959593,-7213.1,0.196152,0.171
9690001,1,14.1835,-7212.37,1.39442,0.468
9695001,1,15.0274,-7212.56,0.432919,0.312
9700001,0,-0.993313,-7212.55,0.196623,0.262
9705001,0,-0.977703,-7213.03,0.324594,0.19
9710001,0,-1.81862,-7212.59,1.07146,0.294
9715001,1,12.3477,-7211.23,0.627044,0.311
9720001,1,15.0753,-7208.37,0.180167,0.425
9725001,0,-1.38371,-7213.67,0.917265,0.287
9730001,0,-0.652574,-7213.28,0.107683,0.167
9735001,0,-1.6414,-7212.22,0.711916,0.298
9740001,2,30.6215,-7210.47,0.587309,0.226
9745001,0,-1.47416,-7212.66,0.0763667,0.228
9750001,0,-1.61681,-7212.09,0.487501,0.237
9755001,1,14.7854,-7209.13,0.986547,0.445
9760001,0,-1.48589,-7212.61,0.531082,0.295
9765001,2,29.0373,-7203.98,0.469925,0.404
9770001,2,28.9792,-7206.02,1.07395,0.346
9775001,1,13.4279,-7206.7,1.58033,0.394
9780001,1,13.7642,-7203.97,0.034053,0.37
9785001,1,12.2983,-7213.13,0.288279,0.307
9790001,0,-1.51429,-7212.02,0.340019,0.145
9795001,0,-1.85437,-7212.29,0.460304,0.347
9800001,1,15.0712,-7212.28,0.544211,0.177
9805001,1,14.9664,-7219.47,1.57645,0.366
9810001,1,14.8584,-7208.54,1.18259,0.405
9815001,2,27.3025,-7201.41,0.941405,0.37
9820001,2,29.7084,-7202.45,0.779985,0.382
9825001,1,14.6832,-7205.33,0.534745,0.402
9830001,1,15.3601,-7208.71,0.511115,0.373
9835001,1,16.2299,-7211.16,0.595144,0.435
9840001,1,13.7411,-7204.71,0.480532,0.348
9845001,1,12.9315,-7205.14,0.34073,0.397
9850001,1,13.1793,-7208.83,1.40486,0.38
9855001,2,32.0247,-7200.52,0.0984032,0.411
9860001,0,-1.95441,-7212.76,1.26283,0.206
9865001,0,-1.48315,-7212.18,0.56137,0.277
9870001,1,13.2607,-7208.11,1.00123,0.406
9875001,0,-1.74001,-7212.48,0.872739,0.195
9880001,1,14.456,-7205.91,0.1767,0.353
9885001,1,14.3852,-7206.55,0.305435,0.396
9890001,0,-2.2692,-7213.56,1.80511,0.195
9895001,1,12.8715,-7208.12,2.41555,0.223
9900001,0,-2.66378,-7213.42,1.93039,0.3
9905001,1,13.4855,-7205.22,1.39583,0.393
9910001,1,12.3747,-7203.15,1.12689,0.415
9915001,1,10.3659,-7204.57,3.51381,0.437
9920001,2,28.7141,-7204.7,1.51059,0.414
9925001,1,13.8167,-7210.82,0.630277,0.307
9930001,0,-1.95206,-7214.52,0.212223,0.317
9935001,0,-4.00924,-7212.04,2.78376,0.146
9940001,1,12.3633,-7211.51,2.54296,0.272
9945001,0,-2.17778,-7215.17,0.743498,0.322
9950001,0,-3.14609,-7212.02,1.78594,0.119
9955001,2,25.4457,-7211.77,1.6226,0.405
9960001,0,-2.39983,-7212.73,0.583628,0.161
9965001,0,-1.73787,-7213.03,0.137789,0.153
9970001,1,13.4052,-7212,1.99683,0.21
9975001,0,-2.58718,-7213.26,0.858454,0.219
9980001,0,-3.62723,-7212.59,1.86583,0.334
9985001,0,-3.76835,-7212.41,2.9925,0.423
9990001,0,-0.849863,-7212.69,0.1849,0.166
9995001,2,26.3475,-7206.02,2.03935,0.35
